0.000000000E+00 -9.736112228E-01 -8.363933091E-01 6.183369773E-01 2.282130278E-01 5.481297598E-01 -7.859130865E-01 
7.424728138E-02 -9.765094280E-01 -8.364882524E-01 6.262543156E-01 2.154746689E-01 5.479848579E-01 -7.796188348E-01 
1.484945628E-01 -9.792331923E-01 -8.365553225E-01 6.341207776E-01 2.027371533E-01 5.478824628E-01 -7.732340115E-01 
2.227418441E-01 -9.817834238E-01 -8.365945394E-01 6.419347379E-01 1.900034452E-01 5.478225779E-01 -7.667592786E-01 
2.969891255E-01 -9.841610892E-01 -8.366059358E-01 6.496945940E-01 1.772764841E-01 5.478051737E-01 -7.601953265E-01 
3.712364069E-01 -9.863672118E-01 -8.365895565E-01 6.573987669E-01 1.645591835E-01 5.478301871E-01 -7.535428729E-01 
4.454836883E-01 -9.884028698E-01 -8.365454587E-01 6.650457016E-01 1.518544299E-01 5.478975229E-01 -7.468026612E-01 
5.197309697E-01 -9.902691961E-01 -8.364737113E-01 6.726338675E-01 1.391650816E-01 5.480070532E-01 -7.399754591E-01 
5.939782510E-01 -9.919673768E-01 -8.363743952E-01 6.801617595E-01 1.264939677E-01 5.481586185E-01 -7.330620579E-01 
6.682255324E-01 -9.934986511E-01 -8.362476030E-01 6.876278986E-01 1.138438868E-01 5.483520279E-01 -7.260632706E-01 
7.424728138E-01 -9.948643106E-01 -8.360934391E-01 6.950308320E-01 1.012176058E-01 5.485870589E-01 -7.189799318E-01 
8.167200952E-01 -9.960656982E-01 -8.359120192E-01 7.023691344E-01 8.861785859E-02 5.488634587E-01 -7.118128959E-01 
8.909673766E-01 -9.971042078E-01 -8.357034709E-01 7.096414081E-01 7.604734502E-02 5.491809436E-01 -7.045630359E-01 
9.652146579E-01 -9.979812830E-01 -8.354679329E-01 7.168462835E-01 6.350872956E-02 5.495392008E-01 -6.972312425E-01 
1.039461939E+00 -9.986984162E-01 -8.352055554E-01 7.239824194E-01 5.100464024E-02 5.499378876E-01 -6.898184225E-01 
1.113709221E+00 -9.992571481E-01 -8.349164998E-01 7.310485034E-01 3.853766744E-02 5.503766334E-01 -6.823254981E-01 
1.187956502E+00 -9.996590663E-01 -8.346009383E-01 7.380432523E-01 2.611036275E-02 5.508550389E-01 -6.747534049E-01 
1.262203783E+00 -9.999058044E-01 -8.342590546E-01 7.449654119E-01 1.372523776E-02 5.513726780E-01 -6.671030915E-01 
1.336451065E+00 -9.999990411E-01 -8.338910428E-01 7.518137578E-01 1.384762994E-03 5.519290977E-01 -6.593755176E-01 
1.410698346E+00 -9.999404989E-01 -8.334971082E-01 7.585870948E-01 -1.090863325E-02 5.525238192E-01 -6.515716531E-01 
1.484945628E+00 -9.997319432E-01 -8.330774665E-01 7.652842575E-01 -2.315256601E-02 5.531563386E-01 -6.436924768E-01 
1.559192909E+00 -9.993751807E-01 -8.326323442E-01 7.719041100E-01 -3.534469464E-02 5.538261276E-01 -6.357389749E-01 
1.633440190E+00 -9.988720589E-01 -8.321619780E-01 7.784455460E-01 -4.748272402E-02 5.545326344E-01 -6.277121401E-01 
1.707687472E+00 -9.982244640E-01 -8.316666151E-01 7.849074886E-01 -5.956440542E-02 5.552752846E-01 -6.196129704E-01 
1.781934753E+00 -9.974343202E-01 -8.311465129E-01 7.912888900E-01 -7.158753757E-02 5.560534817E-01 -6.114424676E-01 
1.856182034E+00 -9.965035883E-01 -8.306019387E-01 7.975887315E-01 -8.354996765E-02 5.568666087E-01 -6.032016361E-01 
1.930429316E+00 -9.954342639E-01 -8.300331699E-01 8.038060230E-01 -9.544959208E-02 5.577140282E-01 -5.948914823E-01 
2.004676597E+00 -9.942283766E-01 -8.294404937E-01 8.099398029E-01 -1.072843577E-01 5.585950839E-01 -5.865130125E-01 
2.078923879E+00 -9.928879881E-01 -8.288242070E-01 8.159891375E-01 -1.190522622E-01 5.595091012E-01 -5.780672328E-01 
2.153171160E+00 -9.914151911E-01 -8.281846160E-01 8.219531206E-01 -1.307513554E-01 5.604553882E-01 -5.695551471E-01 
2.227418441E+00 -9.898121072E-01 -8.275220364E-01 8.278308731E-01 -1.423797396E-01 5.614332369E-01 -5.609777567E-01 
2.301665723E+00 -9.880808863E-01 -8.268367932E-01 8.336215426E-01 -1.539355708E-01 5.624419238E-01 -5.523360586E-01 
2.375913004E+00 -9.862237041E-01 -8.261292203E-01 8.393243024E-01 -1.654170587E-01 5.634807109E-01 -5.436310453E-01 
2.450160286E+00 -9.842427610E-01 -8.253996605E-01 8.449383512E-01 -1.768224682E-01 5.645488470E-01 -5.348637029E-01 
2.524407567E+00 -9.821402805E-01 -8.246484653E-01 8.504629125E-01 -1.881501191E-01 5.656455682E-01 -5.260350108E-01 
2.598654848E+00 -9.799185074E-01 -8.238759947E-01 8.558972335E-01 -1.993983873E-01 5.667700994E-01 -5.171459408E-01 
2.672902130E+00 -9.775797062E-01 -8.230826170E-01 8.612405847E-01 -2.105657051E-01 5.679216545E-01 -5.081974555E-01 
2.747149411E+00 -9.751261594E-01 -8.222687087E-01 8.664922590E-01 -2.216505613E-01 5.690994383E-01 -4.991905084E-01 
2.821396692E+00 -9.725601661E-01 -8.214346543E-01 8.716515709E-01 -2.326515023E-01 5.703026466E-01 -4.901260427E-01 
2.895643974E+00 -9.698840398E-01 -8.205808458E-01 8.767178554E-01 -2.435671315E-01 5.715304676E-01 -4.810049904E-01 
2.969891255E+00 -9.671001072E-01 -8.197076830E-01 8.816904678E-01 -2.543961106E-01 5.727820827E-01 -4.718282717E-01 
3.044138537E+00 -9.642107059E-01 -8.188155729E-01 8.865687816E-01 -2.651371587E-01 5.740566674E-01 -4.625967947E-01 
3.118385818E+00 -9.612181836E-01 -8.179049296E-01 8.913521888E-01 -2.757890535E-01 5.753533922E-01 -4.533114543E-01 
3.192633099E+00 -9.581248952E-01 -8.169761740E-01 8.960400980E-01 -2.863506308E-01 5.766714237E-01 -4.439731320E-01 
3.266880381E+00 -9.549332021E-01 -8.160297337E-01 9.006319339E-01 -2.968207844E-01 5.780099250E-01 -4.345826952E-01 
3.341127662E+00 -9.516454701E-01 -8.150660428E-01 9.051271359E-01 -3.071984668E-01 5.793680570E-01 -4.251409968E-01 
3.415374943E+00 -9.482640673E-01 -8.140855416E-01 9.095251575E-01 -3.174826884E-01 5.807449789E-01 -4.156488751E-01 
3.489622225E+00 -9.447913632E-01 -8.130886761E-01 9.138254647E-01 -3.276725176E-01 5.821398495E-01 -4.061071529E-01 
3.563869506E+00 -9.412297265E-01 -8.120758983E-01 9.180275353E-01 -3.377670809E-01 5.835518271E-01 -3.965166379E-01 
3.638116788E+00 -9.375815233E-01 -8.110476654E-01 9.221308576E-01 -3.477655622E-01 5.849800713E-01 -3.868781218E-01 
3.712364069E+00 -9.338491159E-01 -8.100044401E-01 9.261349296E-01 -3.576672027E-01 5.864237431E-01 -3.771923807E-01 
3.786611350E+00 -9.300348608E-01 -8.089466897E-01 9.300392573E-01 -3.674713009E-01 5.878820057E-01 -3.674601745E-01 
3.860858632E+00 -9.261411072E-01 -8.078748866E-01 9.338433540E-01 -3.771772114E-01 5.893540252E-01 -3.576822476E-01 
3.935105913E+00 -9.221701956E-01 -8.067895072E-01 9.375467392E-01 -3.867843453E-01 5.908389716E-01 -3.478593279E-01 
4.009353194E+00 -9.181244558E-01 -8.056910326E-01 9.411489371E-01 -3.962921689E-01 5.923360190E-01 -3.379921277E-01 
4.083600476E+00 -9.140062057E-01 -8.045799474E-01 9.446494759E-01 -4.057002040E-01 5.938443462E-01 -3.280813435E-01 
4.157847757E+00 -9.098177498E-01 -8.034567402E-01 9.480478863E-01 -4.150080263E-01 5.953631379E-01 -3.181276562E-01 
4.232095039E+00 -9.055613774E-01 -8.023219028E-01 9.513437005E-01 -4.242152656E-01 5.968915844E-01 -3.081317314E-01 
4.306342320E+00 -9.012393615E-01 -8.011759305E-01 9.545364512E-01 -4.333216048E-01 5.984288827E-01 -2.980942196E-01 
4.380589601E+00 -8.968539573E-01 -8.000193211E-01 9.576256703E-01 -4.423267788E-01 5.999742370E-01 -2.880157567E-01 
4.454836883E+00 -8.924074006E-01 -7.988525755E-01 9.606108878E-01 -4.512305744E-01 6.015268588E-01 -2.778969645E-01 
4.529084164E+00 -8.879019070E-01 -7.976761967E-01 9.634916308E-01 -4.600328289E-01 6.030859677E-01 -2.677384509E-01 
4.603331446E+00 -8.833396698E-01 -7.964906901E-01 9.662674224E-01 -4.687334295E-01 6.046507916E-01 -2.575408106E-01 
4.677578727E+00 -8.787228595E-01 -7.952965630E-01 9.689377807E-01 -4.773323124E-01 6.062205672E-01 -2.473046259E-01 
4.751826008E+00 -8.740536221E-01 -7.940943242E-01 9.715022176E-01 -4.858294618E-01 6.077945405E-01 -2.370304668E-01 
4.826073290E+00 -8.693340784E-01 -7.928844843E-01 9.739602378E-01 -4.942249089E-01 6.093719667E-01 -2.267188924E-01 
4.900320571E+00 -8.645663221E-01 -7.916675548E-01 9.763113381E-01 -5.025187311E-01 6.109521110E-01 -2.163704512E-01 
4.974567852E+00 -8.597524197E-01 -7.904440484E-01 9.785550061E-01 -5.107110508E-01 6.125342485E-01 -2.059856822E-01 
5.048815134E+00 -8.548944085E-01 -7.892144785E-01 9.806907193E-01 -5.188020344E-01 6.141176647E-01 -1.955651153E-01 
5.123062415E+00 -8.499942965E-01 -7.879793592E-01 9.827179445E-01 -5.267918912E-01 6.157016557E-01 -1.851092728E-01 
5.197309697E+00 -8.450540606E-01 -7.867392046E-01 9.846361365E-01 -5.346808726E-01 6.172855281E-01 -1.746186703E-01 
5.271556978E+00 -8.400756463E-01 -7.854945293E-01 9.864447377E-01 -5.424692704E-01 6.188685998E-01 -1.640938173E-01 
5.345804259E+00 -8.350609668E-01 -7.842458476E-01 9.881431770E-01 -5.501574163E-01 6.204501994E-01 -1.535352186E-01 
5.420051541E+00 -8.300119017E-01 -7.829936735E-01 9.897308690E-01 -5.577456804E-01 6.220296670E-01 -1.429433755E-01 
5.494298822E+00 -8.249302968E-01 -7.817385208E-01 9.912072136E-01 -5.652344703E-01 6.236063538E-01 -1.323187868E-01 
5.568546103E+00 -8.198179631E-01 -7.804809023E-01 9.925715952E-01 -5.726242296E-01 6.251796226E-01 -1.216619501E-01 
5.642793385E+00 -8.146766763E-01 -7.792213303E-01 9.938233820E-01 -5.799154372E-01 6.267488475E-01 -1.109733631E-01 
5.717040666E+00 -8.095081757E-01 -7.779603157E-01 9.949619252E-01 -5.871086055E-01 6.283134143E-01 -1.002535247E-01 
5.791287948E+00 -8.043141644E-01 -7.766983686E-01 9.959865593E-01 -5.942042799E-01 6.298727202E-01 -8.950293665E-02 
5.865535229E+00 -7.990963079E-01 -7.754359975E-01 9.968966006E-01 -6.012030372E-01 6.314261740E-01 -7.872210477E-02 
5.939782510E+00 -7.938562344E-01 -7.741737096E-01 9.976913474E-01 -6.081054846E-01 6.329731960E-01 -6.791154044E-02 
6.014029792E+00 -7.885955338E-01 -7.729120102E-01 9.983700797E-01 -6.149122583E-01 6.345132181E-01 -5.707176194E-02 
6.088277073E+00 -7.833157574E-01 -7.716514030E-01 9.989320586E-01 -6.216240227E-01 6.360456837E-01 -4.620329612E-02 
6.162524354E+00 -7.780184177E-01 -7.703923898E-01 9.993765260E-01 -6.282414688E-01 6.375700474E-01 -3.530667980E-02 
6.236771636E+00 -7.727049879E-01 -7.691354701E-01 9.997027047E-01 -6.347653133E-01 6.390857753E-01 -2.438246136E-02 
6.311018917E+00 -7.673769018E-01 -7.678811415E-01 9.999097985E-01 -6.411962976E-01 6.405923448E-01 -1.343120240E-02 
6.385266199E+00 -7.620355531E-01 -7.666298990E-01 9.999969914E-01 -6.475351861E-01 6.420892442E-01 -2.453479163E-03 
6.459513480E+00 -7.566822958E-01 -7.653822355E-01 9.999634484E-01 -6.537827656E-01 6.435759732E-01 8.550115563E-03 
6.533760761E+00 -7.513184436E-01 -7.641386410E-01 9.998083148E-01 -6.599398440E-01 6.450520421E-01 1.957897111E-02 
6.608008043E+00 -7.459452700E-01 -7.628996031E-01 9.995307175E-01 -6.660072489E-01 6.465169722E-01 3.063245695E-02 
6.682255324E+00 -7.405640078E-01 -7.616656066E-01 9.991297639E-01 -6.719858271E-01 6.479702952E-01 4.170992129E-02 
6.756502606E+00 -7.351758496E-01 -7.604371335E-01 9.986045433E-01 -6.778764428E-01 6.494115534E-01 5.281068914E-02 
6.830749887E+00 -7.297819472E-01 -7.592146629E-01 9.979541265E-01 -6.836799770E-01 6.508402995E-01 6.393406083E-02 
6.904997168E+00 -7.243834120E-01 -7.579986706E-01 9.971775670E-01 -6.893973266E-01 6.522560963E-01 7.507931011E-02 
6.979244450E+00 -7.189813147E-01 -7.567896297E-01 9.962739007E-01 -6.950294026E-01 6.536585165E-01 8.624568259E-02 
7.053491731E+00 -7.135766857E-01 -7.555880099E-01 9.952421472E-01 -7.005771300E-01 6.550471426E-01 9.743239395E-02 
7.127739012E+00 -7.081705149E-01 -7.543942777E-01 9.940813103E-01 -7.060414459E-01 6.564215670E-01 1.086386283E-01 
7.201986294E+00 -7.027637517E-01 -7.532088963E-01 9.927903785E-01 -7.114232992E-01 6.577813910E-01 1.198635364E-01 
7.276233575E+00 -6.973573056E-01 -7.520323255E-01 9.913683264E-01 -7.167236495E-01 6.591262256E-01 1.311062341E-01 
7.350480857E+00 -6.919520458E-01 -7.508650215E-01 9.898141148E-01 -7.219434657E-01 6.604556907E-01 1.423658006E-01 
7.424728138E+00 -6.865488017E-01 -7.497074372E-01 9.881266930E-01 -7.270837258E-01 6.617694149E-01 1.536412768E-01 
7.498975419E+00 -6.811483631E-01 -7.485600217E-01 9.863049982E-01 -7.321454151E-01 6.630670357E-01 1.649316638E-01 
7.573222701E+00 -6.757514802E-01 -7.474232207E-01 9.843479585E-01 -7.371295262E-01 6.643481987E-01 1.762359211E-01 
7.647469982E+00 -6.703588641E-01 -7.462974759E-01 9.822544928E-01 -7.420370575E-01 6.656125580E-01 1.875529653E-01 
7.721717263E+00 -6.649711868E-01 -7.451832254E-01 9.800235127E-01 -7.468690127E-01 6.668597758E-01 1.988816684E-01 
7.795964545E+00 -6.595890817E-01 -7.440809033E-01 9.776539239E-01 -7.516263996E-01 6.680895219E-01 2.102208563E-01 
7.870211826E+00 -6.542131439E-01 -7.429909401E-01 9.751446279E-01 -7.563102298E-01 6.693014738E-01 2.215693078E-01 
7.944459108E+00 -6.488439300E-01 -7.419137620E-01 9.724945230E-01 -7.609215175E-01 6.704953167E-01 2.329257526E-01 
8.018706389E+00 -6.434819592E-01 -7.408497913E-01 9.697025066E-01 -7.654612789E-01 6.716707428E-01 2.442888704E-01 
8.092953670E+00 -6.381277131E-01 -7.397994463E-01 9.667674767E-01 -7.699305313E-01 6.728274513E-01 2.556572894E-01 
8.167200952E+00 -6.327816363E-01 -7.387631410E-01 9.636883334E-01 -7.743302925E-01 6.739651486E-01 2.670295854E-01 
8.241448233E+00 -6.274441366E-01 -7.377412852E-01 9.604639817E-01 -7.786615803E-01 6.750835476E-01 2.784042806E-01 
8.315695515E+00 -6.221155854E-01 -7.367342844E-01 9.570933322E-01 -7.829254112E-01 6.761823675E-01 2.897798422E-01 
8.389942796E+00 -6.167963182E-01 -7.357425399E-01 9.535753043E-01 -7.871228005E-01 6.772613343E-01 3.011546822E-01 
8.464190077E+00 -6.114866348E-01 -7.347664483E-01 9.499088275E-01 -7.912547608E-01 6.783201799E-01 3.125271555E-01 
8.538437359E+00 -6.061868002E-01 -7.338064019E-01 9.460928442E-01 -7.953223022E-01 6.793586421E-01 3.238955602E-01 
8.612684640E+00 -6.008970442E-01 -7.328627882E-01 9.421263110E-01 -7.993264310E-01 6.803764647E-01 3.352581358E-01 
8.686931921E+00 -5.956175625E-01 -7.319359901E-01 9.380082023E-01 -8.032681496E-01 6.813733972E-01 3.466130640E-01 
8.761179203E+00 -5.903485170E-01 -7.310263857E-01 9.337375111E-01 -8.071484556E-01 6.823491946E-01 3.579584666E-01 
8.835426484E+00 -5.850900359E-01 -7.301343483E-01 9.293132529E-01 -8.109683414E-01 6.833036173E-01 3.692924066E-01 
8.909673766E+00 -5.798422147E-01 -7.292602461E-01 9.247344668E-01 -8.147287935E-01 6.842364309E-01 3.806128867E-01 
8.983921047E+00 -5.746051160E-01 -7.284044424E-01 9.200002186E-01 -8.184307921E-01 6.851474062E-01 3.919178501E-01 
9.058168328E+00 -5.693787708E-01 -7.275672952E-01 9.151096034E-01 -8.220753106E-01 6.860363190E-01 4.032051800E-01 
9.132415610E+00 -5.641631779E-01 -7.267491571E-01 9.100617477E-01 -8.256633148E-01 6.869029499E-01 4.144726996E-01 
9.206662891E+00 -5.589583056E-01 -7.259503756E-01 9.048558121E-01 -8.291957630E-01 6.877470844E-01 4.257181728E-01 
9.280910172E+00 -5.537640911E-01 -7.251712925E-01 8.994909938E-01 -8.326736049E-01 6.885685126E-01 4.369393038E-01 
9.355157454E+00 -5.485804415E-01 -7.244122438E-01 8.939665294E-01 -8.360977814E-01 6.893670293E-01 4.481337385E-01 
9.429404735E+00 -5.434072344E-01 -7.236735601E-01 8.882816969E-01 -8.394692242E-01 6.901424335E-01 4.592990639E-01 
9.503652017E+00 -5.382443180E-01 -7.229555657E-01 8.824358187E-01 -8.427888554E-01 6.908945289E-01 4.704328102E-01 
9.577899298E+00 -5.330915121E-01 -7.222585791E-01 8.764282640E-01 -8.460575869E-01 6.916231235E-01 4.815324505E-01 
9.652146579E+00 -5.279486080E-01 -7.215829125E-01 8.702584513E-01 -8.492763201E-01 6.923280295E-01 4.925954027E-01 
9.726393861E+00 -5.228153696E-01 -7.209288718E-01 8.639258508E-01 -8.524459455E-01 6.930090634E-01 5.036190296E-01 
9.800641142E+00 -5.176915335E-01 -7.202967564E-01 8.574299868E-01 -8.555673421E-01 6.936660456E-01 5.146006415E-01 
9.874888423E+00 -5.125768096E-01 -7.196868591E-01 8.507704404E-01 -8.586413773E-01 6.942988009E-01 5.255374963E-01 
9.949135705E+00 -5.074708820E-01 -7.190994657E-01 8.439468516E-01 -8.616689066E-01 6.949071582E-01 5.364268020E-01 
1.002338299E+01 -5.023734088E-01 -7.185348553E-01 8.369589216E-01 -8.646507727E-01 6.954909502E-01 5.472657177E-01 
1.009763027E+01 -4.972840234E-01 -7.179932996E-01 8.298064150E-01 -8.675878057E-01 6.960500139E-01 5.580513557E-01 
1.017187755E+01 -4.922023344E-01 -7.174750632E-01 8.224891622E-01 -8.704808226E-01 6.965841901E-01 5.687807837E-01 
1.024612483E+01 -4.871279266E-01 -7.169804029E-01 8.150070614E-01 -8.733306267E-01 6.970933236E-01 5.794510260E-01 
1.032037211E+01 -4.820603613E-01 -7.165095683E-01 8.073600802E-01 -8.761380077E-01 6.975772635E-01 5.900590668E-01 
1.039461939E+01 -4.769991769E-01 -7.160628007E-01 7.995482585E-01 -8.789037409E-01 6.980358626E-01 6.006018511E-01 
1.046886667E+01 -4.719438893E-01 -7.156403336E-01 7.915717090E-01 -8.816285872E-01 6.984689779E-01 6.110762887E-01 
1.054311396E+01 -4.668939930E-01 -7.152423922E-01 7.834306202E-01 -8.843132928E-01 6.988764701E-01 6.214792548E-01 
1.061736124E+01 -4.618489608E-01 -7.148691933E-01 7.751252570E-01 -8.869585886E-01 6.992582045E-01 6.318075946E-01 
1.069160852E+01 -4.568082450E-01 -7.145209451E-01 7.666559630E-01 -8.895651902E-01 6.996140501E-01 6.420581242E-01 
1.076585580E+01 -4.517712780E-01 -7.141978471E-01 7.580231612E-01 -8.921337976E-01 6.999438801E-01 6.522276346E-01 
1.084010308E+01 -4.467374724E-01 -7.139000898E-01 7.492273559E-01 -8.946650944E-01 7.002475719E-01 6.623128937E-01 
1.091435036E+01 -4.417062218E-01 -7.136278543E-01 7.402691333E-01 -8.971597483E-01 7.005250072E-01 6.723106500E-01 
1.098859764E+01 -4.366769017E-01 -7.133813127E-01 7.311491629E-01 -8.996184101E-01 7.007760718E-01 6.822176348E-01 
1.106284493E+01 -4.316488695E-01 -7.131606274E-01 7.218681983E-01 -9.020417140E-01 7.010006560E-01 6.920305657E-01 
1.113709221E+01 -4.266214656E-01 -7.129659510E-01 7.124270774E-01 -9.044302767E-01 7.011986543E-01 7.017461496E-01 
1.121133949E+01 -4.215940136E-01 -7.127974263E-01 7.028267244E-01 -9.067846977E-01 7.013699660E-01 7.113610859E-01 
1.128558677E+01 -4.165658211E-01 -7.126551860E-01 6.930681485E-01 -9.091055587E-01 7.015144945E-01 7.208720693E-01 
1.135983405E+01 -4.115361805E-01 -7.125393524E-01 6.831524457E-01 -9.113934235E-01 7.016321483E-01 7.302757934E-01 
1.143408133E+01 -4.065043691E-01 -7.124500375E-01 6.730807980E-01 -9.136488374E-01 7.017228401E-01 7.395689539E-01 
1.150832861E+01 -4.014696501E-01 -7.123873425E-01 6.628544745E-01 -9.158723275E-01 7.017864878E-01 7.487482513E-01 
1.158257590E+01 -3.964312732E-01 -7.123513579E-01 6.524748298E-01 -9.180644018E-01 7.018230141E-01 7.578103947E-01 
1.165682318E+01 -3.913884749E-01 -7.123421634E-01 6.419433056E-01 -9.202255495E-01 7.018323464E-01 7.667521048E-01 
1.173107046E+01 -3.863404797E-01 -7.123598272E-01 6.312614289E-01 -9.223562403E-01 7.018144176E-01 7.755701167E-01 
1.180531774E+01 -3.812865001E-01 -7.124044065E-01 6.204308123E-01 -9.244569244E-01 7.017691656E-01 7.842611839E-01 
1.187956502E+01 -3.762257376E-01 -7.124759470E-01 6.094531532E-01 -9.265280323E-01 7.016965336E-01 7.928220805E-01 
1.195381230E+01 -3.711573834E-01 -7.125744827E-01 5.983302328E-01 -9.285699742E-01 7.015964701E-01 8.012496049E-01 
1.202805958E+01 -3.660806187E-01 -7.127000360E-01 5.870639161E-01 -9.305831402E-01 7.014689295E-01 8.095405829E-01 
1.210230686E+01 -3.609946158E-01 -7.128526173E-01 5.756561494E-01 -9.325678997E-01 7.013138714E-01 8.176918700E-01 
1.217655415E+01 -3.558985384E-01 -7.130322253E-01 5.641089612E-01 -9.345246014E-01 7.011312616E-01 8.257003552E-01 
1.225080143E+01 -3.507915423E-01 -7.132388462E-01 5.524244590E-01 -9.364535728E-01 7.009210715E-01 8.335629631E-01 
1.232504871E+01 -3.456727765E-01 -7.134724544E-01 5.406048297E-01 -9.383551203E-01 7.006832788E-01 8.412766575E-01 
1.239929599E+01 -3.405413832E-01 -7.137330115E-01 5.286523370E-01 -9.402295287E-01 7.004178672E-01 8.488384432E-01 
1.247354327E+01 -3.353964989E-01 -7.140204671E-01 5.165693208E-01 -9.420770609E-01 7.001248267E-01 8.562453696E-01 
1.254779055E+01 -3.302372551E-01 -7.143347580E-01 5.043581946E-01 -9.438979582E-01 6.998041540E-01 8.634945323E-01 
1.262203783E+01 -3.250627789E-01 -7.146758086E-01 4.920214452E-01 -9.456924394E-01 6.994558521E-01 8.705830766E-01 
1.269628512E+01 -3.198721936E-01 -7.150435305E-01 4.795616296E-01 -9.474607010E-01 6.990799310E-01 8.775081989E-01 
1.277053240E+01 -3.146646195E-01 -7.154378226E-01 4.669813743E-01 -9.492029169E-01 6.986764075E-01 8.842671495E-01 
1.284477968E+01 -3.094391748E-01 -7.158585710E-01 4.542833727E-01 -9.509192381E-01 6.982453055E-01 8.908572349E-01 
1.291902696E+01 -3.041949758E-01 -7.163056491E-01 4.414703836E-01 -9.526097926E-01 6.977866561E-01 8.972758193E-01 
1.299327424E+01 -2.989311381E-01 -7.167789171E-01 4.285452290E-01 -9.542746852E-01 6.973004979E-01 9.035203276E-01 
1.306752152E+01 -2.936467774E-01 -7.172782225E-01 4.155107922E-01 -9.559139974E-01 6.967868770E-01 9.095882459E-01 
1.314176880E+01 -2.883410096E-01 -7.178033999E-01 4.023700159E-01 -9.575277868E-01 6.962458470E-01 9.154771247E-01 
1.321601609E+01 -2.830129521E-01 -7.183542709E-01 3.891258997E-01 -9.591160874E-01 6.956774697E-01 9.211845795E-01 
1.329026337E+01 -2.776617245E-01 -7.189306441E-01 3.757814986E-01 -9.606789094E-01 6.950818149E-01 9.267082933E-01 
1.336451065E+01 -2.722864490E-01 -7.195323151E-01 3.623399203E-01 -9.622162387E-01 6.944589606E-01 9.320460169E-01 
1.343875793E+01 -2.668862515E-01 -7.201590667E-01 3.488043232E-01 -9.637280369E-01 6.938089932E-01 9.371955717E-01 
1.351300521E+01 -2.614602623E-01 -7.208106688E-01 3.351779146E-01 -9.652142413E-01 6.931320078E-01 9.421548499E-01 
1.358725249E+01 -2.560076165E-01 -7.214868783E-01 3.214639481E-01 -9.666747647E-01 6.924281081E-01 9.469218161E-01 
1.366149977E+01 -2.505274554E-01 -7.221874392E-01 3.076657215E-01 -9.681094951E-01 6.916974072E-01 9.514945084E-01 
1.373574706E+01 -2.450189267E-01 -7.229120830E-01 2.937865751E-01 -9.695182958E-01 6.909400269E-01 9.558710394E-01 
1.380999434E+01 -2.394811856E-01 -7.236605281E-01 2.798298888E-01 -9.709010053E-01 6.901560986E-01 9.600495972E-01 
1.388424162E+01 -2.339133956E-01 -7.244324806E-01 2.657990806E-01 -9.722574370E-01 6.893457634E-01 9.640284460E-01 
1.395848890E+01 -2.283147289E-01 -7.252276336E-01 2.516976040E-01 -9.735873792E-01 6.885091720E-01 9.678059269E-01 
1.403273618E+01 -2.226843677E-01 -7.260456680E-01 2.375289461E-01 -9.748905953E-01 6.876464850E-01 9.713804588E-01 
1.410698346E+01 -2.170215046E-01 -7.268862523E-01 2.232966257E-01 -9.761668233E-01 6.867578734E-01 9.747505389E-01 
1.418123074E+01 -2.113253436E-01 -7.277490424E-01 2.090041908E-01 -9.774157762E-01 6.858435184E-01 9.779147429E-01 
1.425547802E+01 -2.055951009E-01 -7.286336823E-01 1.946552165E-01 -9.786371416E-01 6.849036118E-01 9.808717261E-01 
1.432972531E+01 -1.998300057E-01 -7.295398037E-01 1.802533037E-01 -9.798305820E-01 6.839383563E-01 9.836202229E-01 
1.440397259E+01 -1.940293008E-01 -7.304670264E-01 1.658020761E-01 -9.809957344E-01 6.829479656E-01 9.861590481E-01 
1.447821987E+01 -1.881922436E-01 -7.314149585E-01 1.513051789E-01 -9.821322110E-01 6.819326645E-01 9.884870963E-01 
1.455246715E+01 -1.823181071E-01 -7.323831962E-01 1.367662764E-01 -9.832395987E-01 6.808926893E-01 9.906033426E-01 
1.462671443E+01 -1.764061802E-01 -7.333713244E-01 1.221890505E-01 -9.843174590E-01 6.798282878E-01 9.925068427E-01 
1.470096171E+01 -1.704557690E-01 -7.343789164E-01 1.075771984E-01 -9.853653289E-01 6.787397200E-01 9.941967327E-01 
1.477520899E+01 -1.644661973E-01 -7.354055346E-01 9.293443072E-02 -9.863827201E-01 6.776272575E-01 9.956722295E-01 
1.484945628E+01 -1.584368076E-01 -7.364507300E-01 7.826447007E-02 -9.873691198E-01 6.764911845E-01 9.969326306E-01 
1.492370356E+01 -1.523669619E-01 -7.375140430E-01 6.357104863E-02 -9.883239902E-01 6.753317975E-01 9.979773139E-01 
1.499795084E+01 -1.462560424E-01 -7.385950034E-01 4.885790679E-02 -9.892467694E-01 6.741494058E-01 9.988057380E-01 
1.507219812E+01 -1.401034523E-01 -7.396931304E-01 3.412879102E-02 -9.901368710E-01 6.729443314E-01 9.994174419E-01 
1.514644540E+01 -1.339086169E-01 -7.408079331E-01 1.938745243E-02 -9.909936847E-01 6.717169096E-01 9.998120445E-01 
1.522069268E+01 -1.276709841E-01 -7.419389105E-01 4.637644696E-03 -9.918165761E-01 6.704674887E-01 9.999892449E-01 
1.529493996E+01 -1.213900251E-01 -7.430855518E-01 -1.011687733E-02 -9.926048875E-01 6.691964308E-01 9.999488219E-01 
1.536918725E+01 -1.150652356E-01 -7.442473367E-01 -2.487235963E-02 -9.933579377E-01 6.679041115E-01 9.996906339E-01 
1.544343453E+01 -1.086961364E-01 -7.454237356E-01 -3.962505044E-02 -9.940750227E-01 6.665909200E-01 9.992146182E-01 
1.551768181E+01 -1.022822743E-01 -7.466142098E-01 -5.437120213E-02 -9.947554158E-01 6.652572600E-01 9.985207911E-01 
1.559192909E+01 -9.582322232E-02 -7.478182119E-01 -6.910707265E-02 -9.953983680E-01 6.639035489E-01 9.976092474E-01 
1.566617637E+01 -8.931858140E-02 -7.490351858E-01 -8.382892733E-02 -9.960031084E-01 6.625302187E-01 9.964801599E-01 
1.574042365E+01 -8.276798045E-02 -7.502645672E-01 -9.853304038E-02 -9.965688448E-01 6.611377159E-01 9.951337790E-01 
1.581467093E+01 -7.617107737E-02 -7.515057840E-01 -1.132156965E-01 -9.970947638E-01 6.597265015E-01 9.935704324E-01 
1.588891822E+01 -6.952755981E-02 -7.527582562E-01 -1.278731926E-01 -9.975800316E-01 6.582970514E-01 9.917905247E-01 
1.596316550E+01 -6.283714582E-02 -7.540213966E-01 -1.425018390E-01 -9.980237944E-01 6.568498562E-01 9.897945363E-01 
1.603741278E+01 -5.609958464E-02 -7.552946107E-01 -1.570979616E-01 -9.984251788E-01 6.553854218E-01 9.875830237E-01 
1.611166006E+01 -4.931465734E-02 -7.565772976E-01 -1.716579028E-01 -9.987832927E-01 6.539042689E-01 9.851566183E-01 
1.618590734E+01 -4.248217765E-02 -7.578688495E-01 -1.861780233E-01 -9.990972254E-01 6.524069336E-01 9.825160263E-01 
1.626015462E+01 -3.560199238E-02 -7.591686531E-01 -2.006547037E-01 -9.993660488E-01 6.508939670E-01 9.796620274E-01 
1.633440190E+01 -2.867398244E-02 -7.604760887E-01 -2.150843460E-01 -9.995888175E-01 6.493659357E-01 9.765954752E-01 
1.640864918E+01 -2.169806306E-02 -7.617905318E-01 -2.294633748E-01 -9.997645701E-01 6.478234217E-01 9.733172954E-01 
1.648289647E+01 -1.467418484E-02 -7.631113523E-01 -2.437882393E-01 -9.998923291E-01 6.462670221E-01 9.698284861E-01 
1.655714375E+01 -7.602333923E-03 -7.644379159E-01 -2.580554142E-01 -9.999711026E-01 6.446973496E-01 9.661301160E-01 
1.663139103E+01 -4.825329839E-04 -7.657695837E-01 -2.722614016E-01 -9.999998843E-01 6.431150320E-01 9.622233250E-01 
1.670563831E+01 6.685158617E-03 -7.671057130E-01 -2.864027322E-01 -9.999776549E-01 6.415207127E-01 9.581093220E-01 
1.677988559E+01 1.390064394E-02 -7.684456573E-01 -3.004759669E-01 -9.999033822E-01 6.399150502E-01 9.537893851E-01 
1.685413287E+01 2.116378831E-02 -7.697887673E-01 -3.144776981E-01 -9.997760228E-01 6.382987180E-01 9.492648604E-01 
1.692838015E+01 2.847441851E-02 -7.711343906E-01 -3.284045511E-01 -9.995945224E-01 6.366724050E-01 9.445371610E-01 
1.700262744E+01 3.583232268E-02 -7.724818727E-01 -3.422531857E-01 -9.993578170E-01 6.350368146E-01 9.396077663E-01 
1.707687472E+01 4.323724957E-02 -7.738305570E-01 -3.560202971E-01 -9.990648337E-01 6.333926654E-01 9.344782211E-01 
1.715112200E+01 5.068890848E-02 -7.751797853E-01 -3.697026179E-01 -9.987144919E-01 6.317406904E-01 9.291501342E-01 
1.722536928E+01 5.818696863E-02 -7.765288985E-01 -3.832969188E-01 -9.983057039E-01 6.300816370E-01 9.236251781E-01 
1.729961656E+01 6.573105911E-02 -7.778772365E-01 -3.968000104E-01 -9.978373763E-01 6.284162667E-01 9.179050872E-01 
1.737386384E+01 7.332076838E-02 -7.792241392E-01 -4.102087442E-01 -9.973084110E-01 6.267453552E-01 9.119916576E-01 
1.744811112E+01 8.095564420E-02 -7.805689464E-01 -4.235200139E-01 -9.967177059E-01 6.250696914E-01 9.058867453E-01 
1.752235841E+01 8.863519334E-02 -7.819109988E-01 -4.367307567E-01 -9.960641566E-01 6.233900779E-01 8.995922652E-01 
1.759660569E+01 9.635888147E-02 -7.832496377E-01 -4.498379545E-01 -9.953466570E-01 6.217073301E-01 8.931101903E-01 
1.767085297E+01 1.041261330E-01 -7.845842061E-01 -4.628386351E-01 -9.945641005E-01 6.200222759E-01 8.864425504E-01 
1.774510025E+01 1.119363310E-01 -7.859140491E-01 -4.757298734E-01 -9.937153815E-01 6.183357555E-01 8.795914306E-01 
1.781934753E+01 1.197888174E-01 -7.872385136E-01 -4.885087923E-01 -9.927993960E-01 6.166486209E-01 8.725589705E-01 
1.789359481E+01 1.276828925E-01 -7.885569497E-01 -5.011725640E-01 -9.918150435E-01 6.149617354E-01 8.653473628E-01 
1.796784209E+01 1.356178154E-01 -7.898687106E-01 -5.137184110E-01 -9.907612273E-01 6.132759729E-01 8.579588518E-01 
1.804208938E+01 1.435928043E-01 -7.911731529E-01 -5.261436072E-01 -9.896368566E-01 6.115922178E-01 8.503957325E-01 
1.811633666E+01 1.516070360E-01 -7.924696377E-01 -5.384454785E-01 -9.884408470E-01 6.099113642E-01 8.426603490E-01 
1.819058394E+01 1.596596466E-01 -7.937575301E-01 -5.506214044E-01 -9.871721220E-01 6.082343151E-01 8.347550935E-01 
1.826483122E+01 1.677497318E-01 -7.950362006E-01 -5.626688184E-01 -9.858296145E-01 6.065619824E-01 8.266824045E-01 
1.833907850E+01 1.758763468E-01 -7.963050246E-01 -5.745852090E-01 -9.844122672E-01 6.048952854E-01 8.184447659E-01 
1.841332578E+01 1.840385068E-01 -7.975633837E-01 -5.863681205E-01 -9.829190349E-01 6.032351511E-01 8.100447052E-01 
1.848757306E+01 1.922351875E-01 -7.988106654E-01 -5.980151541E-01 -9.813488848E-01 6.015825126E-01 8.014847925E-01 
1.856182034E+01 2.004653255E-01 -8.000462637E-01 -6.095239680E-01 -9.797007983E-01 5.999383088E-01 7.927676391E-01 
1.863606763E+01 2.087278187E-01 -8.012695799E-01 -6.208922788E-01 -9.779737719E-01 5.983034839E-01 7.838958957E-01 
1.871031491E+01 2.170215269E-01 -8.024800223E-01 -6.321178618E-01 -9.761668186E-01 5.966789859E-01 7.748722514E-01 
1.878456219E+01 2.253452722E-01 -8.036770073E-01 -6.431985517E-01 -9.742789688E-01 5.950657664E-01 7.656994321E-01 
1.885880947E+01 2.336978400E-01 -8.048599591E-01 -6.541322430E-01 -9.723092719E-01 5.934647795E-01 7.563801993E-01 
1.893305675E+01 2.420779793E-01 -8.060283108E-01 -6.649168912E-01 -9.702567972E-01 5.918769810E-01 7.469173483E-01 
1.900730403E+01 2.504844037E-01 -8.071815037E-01 -6.755505121E-01 -9.681206350E-01 5.903033274E-01 7.373137073E-01 
1.908155131E+01 2.589157918E-01 -8.083189890E-01 -6.860311837E-01 -9.658998981E-01 5.887447752E-01 7.275721356E-01 
1.915579860E+01 2.673707887E-01 -8.094402269E-01 -6.963570455E-01 -9.635937223E-01 5.872022797E-01 7.176955223E-01 
1.923004588E+01 2.758480058E-01 -8.105446877E-01 -7.065262996E-01 -9.612012681E-01 5.856767944E-01 7.076867850E-01 
1.930429316E+01 2.843460230E-01 -8.116318517E-01 -7.165372104E-01 -9.587217215E-01 5.841692696E-01 6.975488684E-01 
1.937854044E+01 2.928633884E-01 -8.127012097E-01 -7.263881057E-01 -9.561542949E-01 5.826806519E-01 6.872847428E-01 
1.945278772E+01 3.013986202E-01 -8.137522631E-01 -7.360773761E-01 -9.534982284E-01 5.812118827E-01 6.768974030E-01 
1.952703500E+01 3.099502072E-01 -8.147845246E-01 -7.456034762E-01 -9.507527906E-01 5.797638975E-01 6.663898666E-01 
1.960128228E+01 3.185166103E-01 -8.157975177E-01 -7.549649237E-01 -9.479172794E-01 5.783376250E-01 6.557651728E-01 
1.967552957E+01 3.270962629E-01 -8.167907777E-01 -7.641603009E-01 -9.449910234E-01 5.769339857E-01 6.450263813E-01 
1.974977685E+01 3.356875730E-01 -8.177638515E-01 -7.731882536E-01 -9.419733821E-01 5.755538912E-01 6.341765705E-01 
1.982402413E+01 3.442889236E-01 -8.187162979E-01 -7.820474920E-01 -9.388637475E-01 5.741982429E-01 6.232188368E-01 
1.989827141E+01 3.528986742E-01 -8.196476877E-01 -7.907367903E-01 -9.356615440E-01 5.728679311E-01 6.121562927E-01 
1.997251869E+01 3.615151621E-01 -8.205576044E-01 -7.992549875E-01 -9.323662299E-01 5.715638341E-01 6.009920659E-01 
2.004676597E+01 3.701367035E-01 -8.214456435E-01 -8.076009864E-01 -9.289772977E-01 5.702868168E-01 5.897292982E-01 
2.012101325E+01 3.787615948E-01 -8.223114134E-01 -8.157737547E-01 -9.254942750E-01 5.690377300E-01 5.783711436E-01 
2.019526054E+01 3.873881144E-01 -8.231545350E-01 -8.237723239E-01 -9.219167248E-01 5.678174092E-01 5.669207677E-01 
2.026950782E+01 3.960145231E-01 -8.239746426E-01 -8.315957905E-01 -9.182442464E-01 5.666266736E-01 5.553813464E-01 
2.034375510E+01 4.046390664E-01 -8.247713828E-01 -8.392433147E-01 -9.144764756E-01 5.654663253E-01 5.437560643E-01 
2.041800238E+01 4.132599751E-01 -8.255444159E-01 -8.467141213E-01 -9.106130854E-01 5.643371478E-01 5.320481140E-01 
2.049224966E+01 4.218754676E-01 -8.262934151E-01 -8.540074992E-01 -9.066537862E-01 5.632399056E-01 5.202606945E-01 
2.056649694E+01 4.304837502E-01 -8.270180670E-01 -8.611228013E-01 -9.025983265E-01 5.621753428E-01 5.083970103E-01 
2.064074422E+01 4.390830196E-01 -8.277180713E-01 -8.680594444E-01 -8.984464925E-01 5.611441827E-01 4.964602704E-01 
2.071499150E+01 4.476714634E-01 -8.283931412E-01 -8.748169092E-01 -8.941981094E-01 5.601471261E-01 4.844536865E-01 
2.078923879E+01 4.562472622E-01 -8.290430035E-01 -8.813947402E-01 -8.898530403E-01 5.591848512E-01 4.723804728E-01 
2.086348607E+01 4.648085909E-01 -8.296673981E-01 -8.877925452E-01 -8.854111879E-01 5.582580121E-01 4.602438439E-01 
2.093773335E+01 4.733536196E-01 -8.302660786E-01 -8.940099954E-01 -8.808724926E-01 5.573672383E-01 4.480470145E-01 
2.101198063E+01 4.818805159E-01 -8.308388120E-01 -9.000468254E-01 -8.762369348E-01 5.565131339E-01 4.357931978E-01 
2.108622791E+01 4.903874458E-01 -8.313853786E-01 -9.059028325E-01 -8.715045326E-01 5.556962769E-01 4.234856045E-01 
2.116047519E+01 4.988725750E-01 -8.319055724E-01 -9.115778770E-01 -8.666753436E-01 5.549172178E-01 4.111274419E-01 
2.123472247E+01 5.073340707E-01 -8.323992006E-01 -9.170718815E-01 -8.617494635E-01 5.541764800E-01 3.987219123E-01 
2.130896976E+01 5.157701029E-01 -8.328660839E-01 -9.223848313E-01 -8.567270265E-01 5.534745581E-01 3.862722126E-01 
2.138321704E+01 5.241788457E-01 -8.333060564E-01 -9.275167735E-01 -8.516082049E-01 5.528119181E-01 3.737815325E-01 
2.145746432E+01 5.325584786E-01 -8.337189653E-01 -9.324678173E-01 -8.463932087E-01 5.521889960E-01 3.612530538E-01 
2.153171160E+01 5.409071881E-01 -8.341046713E-01 -9.372381332E-01 -8.410822853E-01 5.516061982E-01 3.486899493E-01 
2.160595888E+01 5.492231688E-01 -8.344630483E-01 -9.418279533E-01 -8.356757191E-01 5.510638998E-01 3.360953815E-01 
2.168020616E+01 5.575046249E-01 -8.347939832E-01 -9.462375705E-01 -8.301738311E-01 5.505624456E-01 3.234725017E-01 
2.175445344E+01 5.657497713E-01 -8.350973760E-01 -9.504673384E-01 -8.245769781E-01 5.501021483E-01 3.108244485E-01 
2.182870073E+01 5.739568350E-01 -8.353731398E-01 -9.545176710E-01 -8.188855524E-01 5.496832891E-01 2.981543473E-01 
2.190294801E+01 5.821240564E-01 -8.356212006E-01 -9.583890424E-01 -8.130999812E-01 5.493061170E-01 2.854653085E-01 
2.197719529E+01 5.902496901E-01 -8.358414974E-01 -9.620819864E-01 -8.072207255E-01 5.489708484E-01 2.727604268E-01 
2.205144257E+01 5.983320067E-01 -8.360339818E-01 -9.655970958E-01 -8.012482799E-01 5.486776673E-01 2.600427801E-01 
2.212568985E+01 6.063692933E-01 -8.361986181E-01 -9.689350226E-01 -7.951831715E-01 5.484267247E-01 2.473154279E-01 
2.219993713E+01 6.143598551E-01 -8.363353835E-01 -9.720964770E-01 -7.890259594E-01 5.482181389E-01 2.345814107E-01 
2.227418441E+01 6.223020158E-01 -8.364442674E-01 -9.750822273E-01 -7.827772334E-01 5.480519948E-01 2.218437483E-01 
2.234843170E+01 6.301941196E-01 -8.365252719E-01 -9.778930994E-01 -7.764376135E-01 5.479283448E-01 2.091054391E-01 
2.242267898E+01 6.380345310E-01 -8.365784114E-01 -9.805299762E-01 -7.700077488E-01 5.478472080E-01 1.963694588E-01 
2.249692626E+01 6.458216368E-01 -8.366037125E-01 -9.829937969E-01 -7.634883165E-01 5.478085706E-01 1.836387589E-01 
2.257117354E+01 6.535538461E-01 -8.366012141E-01 -9.852855568E-01 -7.568800210E-01 5.478123861E-01 1.709162660E-01 
2.264542082E+01 6.612295918E-01 -8.365709672E-01 -9.874063065E-01 -7.501835928E-01 5.478585754E-01 1.582048801E-01 
2.271966810E+01 6.688473309E-01 -8.365130348E-01 -9.893571515E-01 -7.433997875E-01 5.479470271E-01 1.455074740E-01 
2.279391538E+01 6.764055454E-01 -8.364274918E-01 -9.911392511E-01 -7.365293844E-01 5.480775975E-01 1.328268915E-01 
2.286816266E+01 6.839027431E-01 -8.363144249E-01 -9.927538181E-01 -7.295731861E-01 5.482501114E-01 1.201659467E-01 
2.294240995E+01 6.913374582E-01 -8.361739326E-01 -9.942021180E-01 -7.225320165E-01 5.484643621E-01 1.075274224E-01 
2.301665723E+01 6.987082515E-01 -8.360061250E-01 -9.954854682E-01 -7.154067202E-01 5.487201116E-01 9.491406907E-02 
2.309090451E+01 7.060137115E-01 -8.358111238E-01 -9.966052372E-01 -7.081981609E-01 5.490170919E-01 8.232860384E-02 
2.316515179E+01 7.132524545E-01 -8.355890622E-01 -9.975628438E-01 -7.009072209E-01 5.493550046E-01 6.977370900E-02 
2.323939907E+01 7.204231249E-01 -8.353400846E-01 -9.983597561E-01 -6.935347988E-01 5.497335219E-01 5.725203097E-02 
2.331364635E+01 7.275243960E-01 -8.350643467E-01 -9.989974909E-01 -6.860818095E-01 5.501522869E-01 4.476617911E-02 
2.338789363E+01 7.345549699E-01 -8.347620154E-01 -9.994776124E-01 -6.785491819E-01 5.506109148E-01 3.231872454E-02 
2.346214092E+01 7.415135779E-01 -8.344332688E-01 -9.998017313E-01 -6.709378585E-01 5.511089926E-01 1.991219897E-02 
2.353638820E+01 7.483989807E-01 -8.340782956E-01 -9.999715039E-01 -6.632487933E-01 5.516460809E-01 7.549093622E-03 
2.361063548E+01 7.552099686E-01 -8.336972957E-01 -9.999886311E-01 -6.554829514E-01 5.522217134E-01 -4.768142008E-03 
2.368488276E+01 7.619453611E-01 -8.332904796E-01 -9.998548568E-01 -6.476413073E-01 5.528353990E-01 -1.703710110E-02 
2.375913004E+01 7.686040078E-01 -8.328580682E-01 -9.995719673E-01 -6.397248436E-01 5.534866211E-01 -2.925542079E-02 
2.383337732E+01 7.751847874E-01 -8.324002933E-01 -9.991417898E-01 -6.317345500E-01 5.541748399E-01 -4.142078299E-02 
2.390762460E+01 7.816866085E-01 -8.319173969E-01 -9.985661913E-01 -6.236714220E-01 5.548994920E-01 -5.353091572E-02 
2.398187189E+01 7.881084085E-01 -8.314096311E-01 -9.978470772E-01 -6.155364595E-01 5.556599920E-01 -6.558359377E-02 
2.405611917E+01 7.944491545E-01 -8.308772585E-01 -9.969863902E-01 -6.073306659E-01 5.564557328E-01 -7.757664007E-02 
2.413036645E+01 8.007078418E-01 -8.303205514E-01 -9.959861085E-01 -5.990550466E-01 5.572860874E-01 -8.950792621E-02 
2.420461373E+01 8.068834948E-01 -8.297397921E-01 -9.948482452E-01 -5.907106082E-01 5.581504086E-01 -1.013753738E-01 
2.427886101E+01 8.129751658E-01 -8.291352726E-01 -9.935748458E-01 -5.822983571E-01 5.590480309E-01 -1.131769549E-01 
2.435310829E+01 8.189819351E-01 -8.285072945E-01 -9.921679878E-01 -5.738192983E-01 5.599782709E-01 -1.249106933E-01 
2.442735557E+01 8.249029098E-01 -8.278561689E-01 -9.906297786E-01 -5.652744346E-01 5.609404287E-01 -1.365746648E-01 
2.450160286E+01 8.307372246E-01 -8.271822160E-01 -9.889623542E-01 -5.566647653E-01 5.619337882E-01 -1.481669987E-01 
2.457585014E+01 8.364840397E-01 -8.264857653E-01 -9.871678773E-01 -5.479912852E-01 5.629576186E-01 -1.596858774E-01 
2.465009742E+01 8.421425414E-01 -8.257671553E-01 -9.852485364E-01 -5.392549837E-01 5.640111753E-01 -1.711295385E-01 
2.472434470E+01 8.477119406E-01 -8.250267330E-01 -9.832065436E-01 -5.304568439E-01 5.650937005E-01 -1.824962740E-01 
2.479859198E+01 8.531914731E-01 -8.242648543E-01 -9.810441333E-01 -5.215978412E-01 5.662044245E-01 -1.937844319E-01 
2.487283926E+01 8.585803976E-01 -8.234818833E-01 -9.787635603E-01 -5.126789431E-01 5.673425668E-01 -2.049924161E-01 
2.494708654E+01 8.638779961E-01 -8.226781925E-01 -9.763670984E-01 -5.037011076E-01 5.685073366E-01 -2.161186872E-01 
2.502133382E+01 8.690835721E-01 -8.218541624E-01 -9.738570384E-01 -4.946652835E-01 5.696979339E-01 -2.271617626E-01 
2.509558111E+01 8.741964509E-01 -8.210101812E-01 -9.712356871E-01 -4.855724080E-01 5.709135507E-01 -2.381202175E-01 
2.516982839E+01 8.792159774E-01 -8.201466449E-01 -9.685053646E-01 -4.764234076E-01 5.721533717E-01 -2.489926839E-01 
2.524407567E+01 8.841415163E-01 -8.192639569E-01 -9.656684034E-01 -4.672191965E-01 5.734165752E-01 -2.597778527E-01 
2.531832295E+01 8.889724504E-01 -8.183625277E-01 -9.627271462E-01 -4.579606762E-01 5.747023342E-01 -2.704744720E-01 
2.539257023E+01 8.937081802E-01 -8.174427750E-01 -9.596839447E-01 -4.486487349E-01 5.760098170E-01 -2.810813486E-01 
2.546681751E+01 8.983481223E-01 -8.165051230E-01 -9.565411572E-01 -4.392842474E-01 5.773381883E-01 -2.915973472E-01 
2.554106479E+01 9.028917091E-01 -8.155500026E-01 -9.533011474E-01 -4.298680735E-01 5.786866102E-01 -3.020213913E-01 
2.561531208E+01 9.073383870E-01 -8.145778509E-01 -9.499662826E-01 -4.204010592E-01 5.800542425E-01 -3.123524618E-01 
2.568955936E+01 9.116876160E-01 -8.135891112E-01 -9.465389318E-01 -4.108840348E-01 5.814402441E-01 -3.225895987E-01 
2.576380664E+01 9.159388681E-01 -8.125842326E-01 -9.430214642E-01 -4.013178158E-01 5.828437734E-01 -3.327318991E-01 
2.583805392E+01 9.200916266E-01 -8.115636696E-01 -9.394162475E-01 -3.917032017E-01 5.842639895E-01 -3.427785184E-01 
2.591230120E+01 9.241453845E-01 -8.105278822E-01 -9.357256462E-01 -3.820409767E-01 5.857000524E-01 -3.527286691E-01 
2.598654848E+01 9.280996443E-01 -8.094773354E-01 -9.319520197E-01 -3.723319085E-01 5.871511241E-01 -3.625816213E-01 
2.606079576E+01 9.319539155E-01 -8.084124992E-01 -9.280977212E-01 -3.625767496E-01 5.886163693E-01 -3.723367012E-01 
2.613504305E+01 9.357077148E-01 -8.073338479E-01 -9.241650956E-01 -3.527762357E-01 5.900949559E-01 -3.819932922E-01 
2.620929033E+01 9.393605642E-01 -8.062418605E-01 -9.201564784E-01 -3.429310874E-01 5.915860558E-01 -3.915508327E-01 
2.628353761E+01 9.429119899E-01 -8.051370196E-01 -9.160741936E-01 -3.330420086E-01 5.930888455E-01 -4.010088170E-01 
2.635778489E+01 9.463615217E-01 -8.040198120E-01 -9.119205526E-01 -3.231096884E-01 5.946025066E-01 -4.103667938E-01 
2.643203217E+01 9.497086910E-01 -8.028907279E-01 -9.076978523E-01 -3.131347996E-01 5.961262265E-01 -4.196243661E-01 
2.650627945E+01 9.529530306E-01 -8.017502609E-01 -9.034083743E-01 -3.031180006E-01 5.976591989E-01 -4.287811902E-01 
2.658052673E+01 9.560940727E-01 -8.005989075E-01 -8.990543827E-01 -2.930599342E-01 5.992006243E-01 -4.378369752E-01 
2.665477402E+01 9.591313485E-01 -7.994371672E-01 -8.946381233E-01 -2.829612295E-01 6.007497104E-01 -4.467914820E-01 
2.672902130E+01 9.620643866E-01 -7.982655418E-01 -8.901618218E-01 -2.728225011E-01 6.023056728E-01 -4.556445228E-01 
2.680326858E+01 9.648927125E-01 -7.970845358E-01 -8.856276829E-01 -2.626443502E-01 6.038677352E-01 -4.643959599E-01 
2.687751586E+01 9.676158466E-01 -7.958946553E-01 -8.810378886E-01 -2.524273653E-01 6.054351298E-01 -4.730457052E-01 
2.695176314E+01 9.702333042E-01 -7.946964086E-01 -8.763945975E-01 -2.421721225E-01 6.070070980E-01 -4.815937189E-01 
2.702601042E+01 9.727445937E-01 -7.934903053E-01 -8.716999428E-01 -2.318791863E-01 6.085828902E-01 -4.900400088E-01 
2.710025770E+01 9.751492160E-01 -7.922768565E-01 -8.669560322E-01 -2.215491102E-01 6.101617666E-01 -4.983846296E-01 
2.717450498E+01 9.774466634E-01 -7.910565744E-01 -8.621649457E-01 -2.111824379E-01 6.117429975E-01 -5.066276810E-01 
2.724875227E+01 9.796364186E-01 -7.898299720E-01 -8.573287355E-01 -2.007797039E-01 6.133258630E-01 -5.147693077E-01 
2.732299955E+01 9.817179537E-01 -7.885975631E-01 -8.524494243E-01 -1.903414341E-01 6.149096538E-01 -5.228096976E-01 
2.739724683E+01 9.836907298E-01 -7.873598618E-01 -8.475290047E-01 -1.798681472E-01 6.164936714E-01 -5.307490813E-01 
2.747149411E+01 9.855541955E-01 -7.861173825E-01 -8.425694380E-01 -1.693603558E-01 6.180772280E-01 -5.385877304E-01 
2.754574139E+01 9.873077866E-01 -7.848706397E-01 -8.375726535E-01 -1.588185667E-01 6.196596468E-01 -5.463259570E-01 
2.761998867E+01 9.889509248E-01 -7.836201476E-01 -8.325405479E-01 -1.482432831E-01 6.212402621E-01 -5.539641120E-01 
2.769423595E+01 9.904830177E-01 -7.823664200E-01 -8.274749840E-01 -1.376350046E-01 6.228184196E-01 -5.615025844E-01 
2.776848324E+01 9.919034573E-01 -7.811099704E-01 -8.223777902E-01 -1.269942295E-01 6.243934762E-01 -5.689417999E-01 
2.784273052E+01 9.932116200E-01 -7.798513112E-01 -8.172507598E-01 -1.163214550E-01 6.259648005E-01 -5.762822200E-01 
2.791697780E+01 9.944068657E-01 -7.785909541E-01 -8.120956506E-01 -1.056171795E-01 6.275317723E-01 -5.835243404E-01 
2.799122508E+01 9.954885372E-01 -7.773294096E-01 -8.069141838E-01 -9.488190303E-02 6.290937832E-01 -5.906686902E-01 
2.806547236E+01 9.964559600E-01 -7.760671870E-01 -8.017080437E-01 -8.411612928E-02 6.306502361E-01 -5.977158307E-01 
2.813971964E+01 9.973084414E-01 -7.748047943E-01 -7.964788773E-01 -7.332036654E-02 6.322005457E-01 -6.046663540E-01 
2.821396692E+01 9.980452707E-01 -7.735427376E-01 -7.912282937E-01 -6.249512959E-02 6.337441379E-01 -6.115208819E-01 
2.828821421E+01 9.986657183E-01 -7.722815215E-01 -7.859578634E-01 -5.164094068E-02 6.352804505E-01 -6.182800649E-01 
2.836246149E+01 9.991690359E-01 -7.710216488E-01 -7.806691186E-01 -4.075833157E-02 6.368089324E-01 -6.249445808E-01 
2.843670877E+01 9.995544558E-01 -7.697636200E-01 -7.753635520E-01 -2.984784456E-02 6.383290442E-01 -6.315151337E-01 
2.851095605E+01 9.998211914E-01 -7.685079339E-01 -7.700426171E-01 -1.891003454E-02 6.398402573E-01 -6.379924527E-01 
2.858520333E+01 9.999684363E-01 -7.672550867E-01 -7.647077278E-01 -7.945470121E-03 6.413420549E-01 -6.443772909E-01 
2.865945061E+01 9.999953654E-01 -7.660055723E-01 -7.593602580E-01 3.045264272E-03 6.428339309E-01 -6.506704240E-01 
2.873369789E+01 9.999011335E-01 -7.647598822E-01 -7.540015414E-01 1.406156723E-02 6.443153902E-01 -6.568726494E-01 
2.880794518E+01 9.996848769E-01 -7.635185053E-01 -7.486328718E-01 2.510281826E-02 6.457859487E-01 -6.629847851E-01 
2.888219246E+01 9.993457125E-01 -7.622819278E-01 -7.432555021E-01 3.616837652E-02 6.472451329E-01 -6.690076685E-01 
2.895643974E+01 9.988827389E-01 -7.610506331E-01 -7.378706454E-01 4.725757872E-02 6.486924799E-01 -6.749421551E-01 
2.903068702E+01 9.982950358E-01 -7.598251016E-01 -7.324794735E-01 5.836973783E-02 6.501275372E-01 -6.807891178E-01 
2.910493430E+01 9.975816656E-01 -7.586058109E-01 -7.270831183E-01 6.950414104E-02 6.515498625E-01 -6.865494455E-01 
2.917918158E+01 9.967416725E-01 -7.573932355E-01 -7.216826707E-01 8.066004830E-02 6.529590236E-01 -6.922240424E-01 
2.925342886E+01 9.957740846E-01 -7.561878468E-01 -7.162791813E-01 9.183669043E-02 6.543545981E-01 -6.978138265E-01 
2.932767614E+01 9.946779132E-01 -7.549901128E-01 -7.108736601E-01 1.030332675E-01 6.557361736E-01 -7.033197291E-01 
2.940192343E+01 9.934521546E-01 -7.538004984E-01 -7.054670770E-01 1.142489473E-01 6.571033468E-01 -7.087426933E-01 
2.947617071E+01 9.920957900E-01 -7.526194652E-01 -7.000603611E-01 1.254828632E-01 6.584557240E-01 -7.140836734E-01 
2.955041799E+01 9.906077872E-01 -7.514474710E-01 -6.946544020E-01 1.367341130E-01 6.597929206E-01 -7.193436339E-01 
2.962466527E+01 9.889871008E-01 -7.502849707E-01 -6.892500489E-01 1.480017569E-01 6.611145609E-01 -7.245235483E-01 
2.969891255E+01 9.872326743E-01 -7.491324150E-01 -6.838481114E-01 1.592848161E-01 6.624202780E-01 -7.296243983E-01 
2.977315983E+01 9.853434399E-01 -7.479902514E-01 -6.784493593E-01 1.705822711E-01 6.637097134E-01 -7.346471729E-01 
2.984740711E+01 9.833183212E-01 -7.468589237E-01 -6.730545234E-01 1.818930603E-01 6.649825171E-01 -7.395928680E-01 
2.992165440E+01 9.811562328E-01 -7.457388716E-01 -6.676642952E-01 1.932160779E-01 6.662383472E-01 -7.444624844E-01 
2.999590168E+01 9.788560838E-01 -7.446305315E-01 -6.622793274E-01 2.045501733E-01 6.674768696E-01 -7.492570282E-01 
3.007014896E+01 9.764167771E-01 -7.435343355E-01 -6.569002340E-01 2.158941489E-01 6.686977583E-01 -7.539775092E-01 
3.014439624E+01 9.738372127E-01 -7.424507119E-01 -6.515275910E-01 2.272467591E-01 6.699006944E-01 -7.586249403E-01 
3.021864352E+01 9.711162880E-01 -7.413800852E-01 -6.461619362E-01 2.386067087E-01 6.710853666E-01 -7.632003367E-01 
3.029289080E+01 9.682529007E-01 -7.403228755E-01 -6.408037700E-01 2.499726520E-01 6.722514709E-01 -7.677047154E-01 
3.036713808E+01 9.652459494E-01 -7.392794990E-01 -6.354535554E-01 2.613431909E-01 6.733987098E-01 -7.721390941E-01 
3.044138537E+01 9.620943367E-01 -7.382503676E-01 -6.301117185E-01 2.727168749E-01 6.745267932E-01 -7.765044905E-01 
3.051563265E+01 9.587969698E-01 -7.372358891E-01 -6.247786490E-01 2.840921984E-01 6.756354371E-01 -7.808019220E-01 
3.058987993E+01 9.553527637E-01 -7.362364668E-01 -6.194547002E-01 2.954676014E-01 6.767243641E-01 -7.850324044E-01 
3.066412721E+01 9.517606424E-01 -7.352524997E-01 -6.141401898E-01 3.068414672E-01 6.777933031E-01 -7.891969518E-01 
3.073837449E+01 9.480195418E-01 -7.342843821E-01 -6.088354000E-01 3.182121227E-01 6.788419891E-01 -7.932965758E-01 
3.081262177E+01 9.441284108E-01 -7.333325041E-01 -6.035405782E-01 3.295778365E-01 6.798701630E-01 -7.973322845E-01 
3.088686905E+01 9.400862149E-01 -7.323972508E-01 -5.982559372E-01 3.409368194E-01 6.808775712E-01 -8.013050823E-01 
3.096111634E+01 9.358919373E-01 -7.314790029E-01 -5.929816556E-01 3.522872229E-01 6.818639662E-01 -8.052159694E-01 
3.103536362E+01 9.315445820E-01 -7.305781359E-01 -5.877178784E-01 3.636271398E-01 6.828291056E-01 -8.090659407E-01 
3.110961090E+01 9.270431762E-01 -7.296950206E-01 -5.824647175E-01 3.749546028E-01 6.837727524E-01 -8.128559859E-01 
3.118385818E+01 9.223867719E-01 -7.288300228E-01 -5.772222519E-01 3.862675851E-01 6.846946749E-01 -8.165870883E-01 
3.125810546E+01 9.175744494E-01 -7.279835032E-01 -5.719905282E-01 3.975639998E-01 6.855946464E-01 -8.202602249E-01 
3.133235274E+01 9.126053190E-01 -7.271558170E-01 -5.667695614E-01 4.088416999E-01 6.864724451E-01 -8.238763652E-01 
3.140660002E+01 9.074785240E-01 -7.263473144E-01 -5.615593349E-01 4.200984793E-01 6.873278540E-01 -8.274364714E-01 
3.148084730E+01 9.021932429E-01 -7.255583400E-01 -5.563598013E-01 4.313320716E-01 6.881606610E-01 -8.309414975E-01 
3.155509459E+01 8.967486924E-01 -7.247892327E-01 -5.511708828E-01 4.425401519E-01 6.889706585E-01 -8.343923888E-01 
3.162934187E+01 8.911441293E-01 -7.240403258E-01 -5.459924718E-01 4.537203366E-01 6.897576434E-01 -8.377900819E-01 
3.170358915E+01 8.853788537E-01 -7.233119468E-01 -5.408244310E-01 4.648701842E-01 6.905214172E-01 -8.411355036E-01 
3.177783643E+01 8.794522111E-01 -7.226044172E-01 -5.356665943E-01 4.759871964E-01 6.912617857E-01 -8.444295710E-01 
3.185208371E+01 8.733635949E-01 -7.219180522E-01 -5.305187672E-01 4.870688182E-01 6.919785589E-01 -8.476731906E-01 
3.192633099E+01 8.671124491E-01 -7.212531610E-01 -5.253807274E-01 4.981124401E-01 6.926715511E-01 -8.508672586E-01 
3.200057827E+01 8.606982708E-01 -7.206100463E-01 -5.202522248E-01 5.091153984E-01 6.933405810E-01 -8.540126598E-01 
3.207482556E+01 8.541206124E-01 -7.199890040E-01 -5.151329828E-01 5.200749770E-01 6.939854711E-01 -8.571102674E-01 
3.214907284E+01 8.473790839E-01 -7.193903237E-01 -5.100226984E-01 5.309884086E-01 6.946060483E-01 -8.601609428E-01 
3.222332012E+01 8.404733559E-01 -7.188142876E-01 -5.049210424E-01 5.418528766E-01 6.952021432E-01 -8.631655353E-01 
3.229756740E+01 8.334031609E-01 -7.182611714E-01 -4.998276606E-01 5.526655165E-01 6.957735909E-01 -8.661248814E-01 
3.237181468E+01 8.261682962E-01 -7.177312430E-01 -4.947421739E-01 5.634234179E-01 6.963202301E-01 -8.690398044E-01 
3.244606196E+01 8.187686258E-01 -7.172247633E-01 -4.896641790E-01 5.741236267E-01 6.968419038E-01 -8.719111148E-01 
3.252030924E+01 8.112040824E-01 -7.167419855E-01 -4.845932489E-01 5.847631469E-01 6.973384589E-01 -8.747396090E-01 
3.259455653E+01 8.034746695E-01 -7.162831550E-01 -4.795289332E-01 5.953389426E-01 6.978097462E-01 -8.775260694E-01 
3.266880381E+01 7.955804631E-01 -7.158485093E-01 -4.744707592E-01 6.058479411E-01 6.982556206E-01 -8.802712644E-01 
3.274305109E+01 7.875216137E-01 -7.154382778E-01 -4.694182318E-01 6.162870344E-01 6.986759412E-01 -8.829759475E-01 
3.281729837E+01 7.792983477E-01 -7.150526814E-01 -4.643708348E-01 6.266530825E-01 6.990705708E-01 -8.856408573E-01 
3.289154565E+01 7.709109692E-01 -7.146919327E-01 -4.593280306E-01 6.369429158E-01 6.994393765E-01 -8.882667170E-01 
3.296579293E+01 7.623598615E-01 -7.143562355E-01 -4.542892615E-01 6.471533373E-01 6.997822296E-01 -8.908542345E-01 
3.304004021E+01 7.536454878E-01 -7.140457849E-01 -4.492539499E-01 6.572811262E-01 7.000990052E-01 -8.934041016E-01 
3.311428750E+01 7.447683935E-01 -7.137607668E-01 -4.442214988E-01 6.673230403E-01 7.003895829E-01 -8.959169941E-01 
3.318853478E+01 7.357292061E-01 -7.135013577E-01 -4.391912927E-01 6.772758191E-01 7.006538465E-01 -8.983935711E-01 
3.326278206E+01 7.265286371E-01 -7.132677249E-01 -4.341626980E-01 6.871361867E-01 7.008916840E-01 -9.008344753E-01 
3.333702934E+01 7.171674824E-01 -7.130600259E-01 -4.291350634E-01 6.969008550E-01 7.011029879E-01 -9.032403321E-01 
3.341127662E+01 7.076466228E-01 -7.128784084E-01 -4.241077210E-01 7.065665267E-01 7.012876549E-01 -9.056117497E-01 
3.348552390E+01 6.979670249E-01 -7.127230103E-01 -4.190799863E-01 7.161298984E-01 7.014455864E-01 -9.079493186E-01 
3.355977118E+01 6.881297413E-01 -7.125939590E-01 -4.140511592E-01 7.255876640E-01 7.015766884E-01 -9.102536118E-01 
3.363401846E+01 6.781359110E-01 -7.124913717E-01 -4.090205244E-01 7.349365177E-01 7.016808714E-01 -9.125251836E-01 
3.370826575E+01 6.679867596E-01 -7.124153551E-01 -4.039873521E-01 7.441731571E-01 7.017580508E-01 -9.147645705E-01 
3.378251303E+01 6.576835988E-01 -7.123660051E-01 -3.989508988E-01 7.532942867E-01 7.018081468E-01 -9.169722899E-01 
3.385676031E+01 6.472278271E-01 -7.123434066E-01 -3.939104074E-01 7.622966210E-01 7.018310845E-01 -9.191488406E-01 
3.393100759E+01 6.366209286E-01 -7.123476337E-01 -3.888651083E-01 7.711768874E-01 7.018267940E-01 -9.212947019E-01 
3.400525487E+01 6.258644733E-01 -7.123787492E-01 -3.838142199E-01 7.799318299E-01 7.017952107E-01 -9.234103339E-01 
3.407950215E+01 6.149601163E-01 -7.124368045E-01 -3.787569493E-01 7.885582119E-01 7.017362751E-01 -9.254961769E-01 
3.415374943E+01 6.039095969E-01 -7.125218393E-01 -3.736924926E-01 7.970528193E-01 7.016499331E-01 -9.275526514E-01 
3.422799672E+01 5.927147384E-01 -7.126338821E-01 -3.686200360E-01 8.054124638E-01 7.015361361E-01 -9.295801575E-01 
3.430224400E+01 5.813774465E-01 -7.127729492E-01 -3.635387561E-01 8.136339856E-01 7.013948411E-01 -9.315790750E-01 
3.437649128E+01 5.698997089E-01 -7.129390451E-01 -3.584478208E-01 8.217142566E-01 7.012260107E-01 -9.335497629E-01 
3.445073856E+01 5.582835936E-01 -7.131321624E-01 -3.533463900E-01 8.296501834E-01 7.010296136E-01 -9.354925595E-01 
3.452498584E+01 5.465312480E-01 -7.133522812E-01 -3.482336157E-01 8.374387096E-01 7.008056243E-01 -9.374077816E-01 
3.459923312E+01 5.346448977E-01 -7.135993697E-01 -3.431086436E-01 8.450768195E-01 7.005540234E-01 -9.392957249E-01 
3.467348040E+01 5.226268445E-01 -7.138733835E-01 -3.379706129E-01 8.525615396E-01 7.002747979E-01 -9.411566633E-01 
3.474772769E+01 5.104794654E-01 -7.141742657E-01 -3.328186575E-01 8.598899422E-01 6.999679410E-01 -9.429908490E-01 
3.482197497E+01 4.982052109E-01 -7.145019471E-01 -3.276519067E-01 8.670591474E-01 6.996334525E-01 -9.447985119E-01 
3.489622225E+01 4.858066028E-01 -7.148563455E-01 -3.224694856E-01 8.740663257E-01 6.992713390E-01 -9.465798598E-01 
3.497046953E+01 4.732862334E-01 -7.152373663E-01 -3.172705158E-01 8.809087004E-01 6.988816138E-01 -9.483350779E-01 
3.504471681E+01 4.606467627E-01 -7.156449019E-01 -3.120541165E-01 8.875835494E-01 6.984642973E-01 -9.500643286E-01 
3.511896409E+01 4.478909171E-01 -7.160788321E-01 -3.068194050E-01 8.940882079E-01 6.980194169E-01 -9.517677516E-01 
3.519321137E+01 4.350214871E-01 -7.165390237E-01 -3.015654970E-01 9.004200702E-01 6.975470076E-01 -9.534454631E-01 
3.526745866E+01 4.220413259E-01 -7.170253306E-01 -2.962915081E-01 9.065765915E-01 6.970471114E-01 -9.550975565E-01 
3.534170594E+01 4.089533466E-01 -7.175375938E-01 -2.909965540E-01 9.125552901E-01 6.965197784E-01 -9.567241011E-01 
3.541595322E+01 3.957605206E-01 -7.180756415E-01 -2.856797513E-01 9.183537485E-01 6.959650662E-01 -9.583251431E-01 
3.549020050E+01 3.824658755E-01 -7.186392886E-01 -2.803402184E-01 9.239696159E-01 6.953830406E-01 -9.599007043E-01 
3.556444778E+01 3.690724928E-01 -7.192283373E-01 -2.749770761E-01 9.294006091E-01 6.947737754E-01 -9.614507828E-01 
3.563869506E+01 3.555835060E-01 -7.198425769E-01 -2.695894483E-01 9.346445139E-01 6.941373529E-01 -9.629753525E-01 
3.571294234E+01 3.420020982E-01 -7.204817837E-01 -2.641764631E-01 9.396991870E-01 6.934738637E-01 -9.644743628E-01 
3.578718962E+01 3.283314999E-01 -7.211457209E-01 -2.587372530E-01 9.445625566E-01 6.927834073E-01 -9.659477388E-01 
3.586143691E+01 3.145749874E-01 -7.218341392E-01 -2.532709562E-01 9.492326241E-01 6.920660920E-01 -9.673953809E-01 
3.593568419E+01 3.007358798E-01 -7.225467762E-01 -2.477767170E-01 9.537074645E-01 6.913220352E-01 -9.688171648E-01 
3.600993147E+01 2.868175375E-01 -7.232833570E-01 -2.422536869E-01 9.579852282E-01 6.905513636E-01 -9.702129413E-01 
3.608417875E+01 2.728233598E-01 -7.240435936E-01 -2.367010251E-01 9.620641412E-01 6.897542134E-01 -9.715825364E-01 
3.615842603E+01 2.587567826E-01 -7.248271857E-01 -2.311178992E-01 9.659425060E-01 6.889307303E-01 -9.729257510E-01 
3.623267331E+01 2.446212765E-01 -7.256338204E-01 -2.255034864E-01 9.696187027E-01 6.880810700E-01 -9.742423610E-01 
3.630692059E+01 2.304203449E-01 -7.264631723E-01 -2.198569741E-01 9.730911891E-01 6.872053984E-01 -9.755321170E-01 
3.638116788E+01 2.161575211E-01 -7.273149035E-01 -2.141775604E-01 9.763585017E-01 6.863038914E-01 -9.767947445E-01 
3.645541516E+01 2.018363672E-01 -7.281886640E-01 -2.084644554E-01 9.794192558E-01 6.853767357E-01 -9.780299439E-01 
3.652966244E+01 1.874604714E-01 -7.290840917E-01 -2.027168816E-01 9.822721463E-01 6.844241284E-01 -9.792373902E-01 
3.660390972E+01 1.730334461E-01 -7.300008123E-01 -1.969340748E-01 9.849159479E-01 6.834462776E-01 -9.804167331E-01 
3.667815700E+01 1.585589262E-01 -7.309384397E-01 -1.911152852E-01 9.873495150E-01 6.824434025E-01 -9.815675973E-01 
3.675240428E+01 1.440405666E-01 -7.318965760E-01 -1.852597779E-01 9.895717827E-01 6.814157338E-01 -9.826895823E-01 
3.682665156E+01 1.294820406E-01 -7.328748118E-01 -1.793668335E-01 9.915817663E-01 6.803635134E-01 -9.837822622E-01 
3.690089885E+01 1.148870381E-01 -7.338727262E-01 -1.734357497E-01 9.933785616E-01 6.792869953E-01 -9.848451864E-01 
3.697514613E+01 1.002592631E-01 -7.348898870E-01 -1.674658411E-01 9.949613452E-01 6.781864451E-01 -9.858778791E-01 
3.704939341E+01 8.560243264E-02 -7.359258507E-01 -1.614564410E-01 9.963293742E-01 6.770621407E-01 -9.868798398E-01 
3.712364069E+01 7.092027417E-02 -7.369801633E-01 -1.554069013E-01 9.974819864E-01 6.759143726E-01 -9.878505431E-01 
3.719788797E+01 5.621652427E-02 -7.380523597E-01 -1.493165941E-01 9.984186000E-01 6.747434435E-01 -9.887894393E-01 
3.727213525E+01 4.149492660E-02 -7.391419644E-01 -1.431849121E-01 9.991387138E-01 6.735496691E-01 -9.896959541E-01 
3.734638253E+01 2.675923013E-02 -7.402484914E-01 -1.370112694E-01 9.996419069E-01 6.723333780E-01 -9.905694891E-01 
3.742062982E+01 1.201318754E-02 -7.413714449E-01 -1.307951023E-01 9.999278383E-01 6.710949120E-01 -9.914094219E-01 
3.749487710E+01 -2.739446763E-03 -7.425103189E-01 -1.245358704E-01 9.999962469E-01 6.698346263E-01 -9.922151066E-01 
3.756912438E+01 -1.749491808E-02 -7.436645978E-01 -1.182330571E-01 9.998469514E-01 6.685528896E-01 -9.929858735E-01 
3.764337166E+01 -3.224947338E-02 -7.448337567E-01 -1.118861706E-01 9.994798497E-01 6.672500844E-01 -9.937210301E-01 
3.771761894E+01 -4.699936268E-02 -7.460172613E-01 -1.054947444E-01 9.988949186E-01 6.659266071E-01 -9.944198609E-01 
3.779186622E+01 -6.174084101E-02 -7.472145686E-01 -9.905833847E-02 9.980922137E-01 6.645828681E-01 -9.950816281E-01 
3.786611350E+01 -7.647016976E-02 -7.484251268E-01 -9.257653966E-02 9.970718689E-01 6.632192924E-01 -9.957055716E-01 
3.794036078E+01 -9.118361852E-02 -7.496483757E-01 -8.604896276E-02 9.958340958E-01 6.618363189E-01 -9.962909098E-01 
3.801460807E+01 -1.058774665E-01 -7.508837470E-01 -7.947525111E-02 9.943791835E-01 6.604344015E-01 -9.968368400E-01 
3.808885535E+01 -1.205480044E-01 -7.521306646E-01 -7.285507740E-02 9.927074983E-01 6.590140086E-01 -9.973425383E-01 
3.816310263E+01 -1.351915356E-01 -7.533885449E-01 -6.618814437E-02 9.908194827E-01 6.575756235E-01 -9.978071610E-01 
3.823734991E+01 -1.498043780E-01 -7.546567970E-01 -5.947418558E-02 9.887156552E-01 6.561197443E-01 -9.982298445E-01 
3.831159719E+01 -1.643828655E-01 -7.559348231E-01 -5.271296611E-02 9.863966099E-01 6.546468844E-01 -9.986097058E-01 
3.838584447E+01 -1.789233495E-01 -7.572220190E-01 -4.590428326E-02 9.838630156E-01 6.531575721E-01 -9.989458435E-01 
3.846009175E+01 -1.934222005E-01 -7.585177739E-01 -3.904796724E-02 9.811156154E-01 6.516523511E-01 -9.992373380E-01 
3.853433904E+01 -2.078758097E-01 -7.598214714E-01 -3.214388180E-02 9.781552260E-01 6.501317802E-01 -9.994832527E-01 
3.860858632E+01 -2.222805900E-01 -7.611324892E-01 -2.519192496E-02 9.749827371E-01 6.485964337E-01 -9.996826339E-01 
3.868283360E+01 -2.366329783E-01 -7.624502002E-01 -1.819202955E-02 9.715991107E-01 6.470469011E-01 -9.998345122E-01 
3.875708088E+01 -2.509294363E-01 -7.637739719E-01 -1.114416386E-02 9.680053803E-01 6.454837873E-01 -9.999379028E-01 
3.883132816E+01 -2.651664521E-01 -7.651031678E-01 -4.048332242E-03 9.642026503E-01 6.439077127E-01 -9.999918064E-01 
3.890557544E+01 -2.793405421E-01 -7.664371470E-01 3.095424372E-03 9.601920952E-01 6.423193128E-01 -9.999952101E-01 
3.897982272E+01 -2.934482519E-01 -7.677752648E-01 1.028702788E-02 9.559749587E-01 6.407192384E-01 -9.999470881E-01 
3.905407001E+01 -3.074861578E-01 -7.691168734E-01 1.752636255E-02 9.515525529E-01 6.391081558E-01 -9.998464025E-01 
3.912831729E+01 -3.214508687E-01 -7.704613217E-01 2.481327446E-02 9.469262575E-01 6.374867460E-01 -9.996921043E-01 
3.920256457E+01 -3.353390269E-01 -7.718079564E-01 3.214757117E-02 9.420975189E-01 6.358557053E-01 -9.994831343E-01 
3.927681185E+01 -3.491473096E-01 -7.731561218E-01 3.952902113E-02 9.370678493E-01 6.342157447E-01 -9.992184238E-01 
3.935105913E+01 -3.628724308E-01 -7.745051605E-01 4.695735345E-02 9.318388256E-01 6.325675900E-01 -9.988968961E-01 
3.942530641E+01 -3.765111417E-01 -7.758544137E-01 5.443225738E-02 9.264120887E-01 6.309119814E-01 -9.985174667E-01 
3.949955369E+01 -3.900602330E-01 -7.772032218E-01 6.195338218E-02 9.207893421E-01 6.292496734E-01 -9.980790452E-01 
3.957380098E+01 -4.035165355E-01 -7.785509247E-01 6.952033658E-02 9.149723512E-01 6.275814346E-01 -9.975805355E-01 
3.964804826E+01 -4.168769216E-01 -7.798968621E-01 7.713268879E-02 9.089629421E-01 6.259080474E-01 -9.970208375E-01 
3.972229554E+01 -4.301383066E-01 -7.812403742E-01 8.478996602E-02 9.027630005E-01 6.242303076E-01 -9.963988477E-01 
3.979654282E+01 -4.432976500E-01 -7.825808020E-01 9.249165459E-02 8.963744704E-01 6.225490242E-01 -9.957134607E-01 
3.987079010E+01 -4.563519566E-01 -7.839174877E-01 1.002371995E-01 8.897993535E-01 6.208650189E-01 -9.949635701E-01 
3.994503738E+01 -4.692982773E-01 -7.852497751E-01 1.080260045E-01 8.830397073E-01 6.191791258E-01 -9.941480696E-01 
4.001928466E+01 -4.821337111E-01 -7.865770102E-01 1.158574321E-01 8.760976443E-01 6.174921911E-01 -9.932658543E-01 
4.009353194E+01 -4.948554053E-01 -7.878985415E-01 1.237308033E-01 8.689753308E-01 6.158050724E-01 -9.923158218E-01 
4.016777923E+01 -5.074605572E-01 -7.892137206E-01 1.316453980E-01 8.616749854E-01 6.141186386E-01 -9.912968733E-01 
4.024202651E+01 -5.199464148E-01 -7.905219022E-01 1.396004548E-01 8.541988781E-01 6.124337686E-01 -9.902079149E-01 
4.031627379E+01 -5.323102779E-01 -7.918224453E-01 1.475951709E-01 8.465493285E-01 6.107513520E-01 -9.890478589E-01 
4.039052107E+01 -5.445494992E-01 -7.931147128E-01 1.556287032E-01 8.387287049E-01 6.090722872E-01 -9.878156247E-01 
4.046476835E+01 -5.566614849E-01 -7.943980726E-01 1.637001671E-01 8.307394229E-01 6.073974819E-01 -9.865101403E-01 
4.053901563E+01 -5.686436960E-01 -7.956718974E-01 1.718086383E-01 8.225839437E-01 6.057278517E-01 -9.851303433E-01 
4.061326291E+01 -5.804936489E-01 -7.969355658E-01 1.799531517E-01 8.142647734E-01 6.040643199E-01 -9.836751825E-01 
4.068751020E+01 -5.922089160E-01 -7.981884622E-01 1.881327030E-01 8.057844609E-01 6.024078165E-01 -9.821436185E-01 
4.076175748E+01 -6.037871271E-01 -7.994299773E-01 1.963462481E-01 7.971455970E-01 6.007592778E-01 -9.805346257E-01 
4.083600476E+01 -6.152259694E-01 -8.006595088E-01 2.045927043E-01 7.883508128E-01 5.991196453E-01 -9.788471926E-01 
4.091025204E+01 -6.265231890E-01 -8.018764614E-01 2.128709502E-01 7.794027786E-01 5.974898653E-01 -9.770803241E-01 
4.098449932E+01 -6.376765905E-01 -8.030802475E-01 2.211798270E-01 7.703042019E-01 5.958708875E-01 -9.752330415E-01 
4.105874660E+01 -6.486840387E-01 -8.042702871E-01 2.295181380E-01 7.610578267E-01 5.942636651E-01 -9.733043847E-01 
4.113299388E+01 -6.595434583E-01 -8.054460090E-01 2.378846505E-01 7.516664315E-01 5.926691530E-01 -9.712934129E-01 
4.120724117E+01 -6.702528352E-01 -8.066068504E-01 2.462780956E-01 7.421328282E-01 5.910883076E-01 -9.691992057E-01 
4.128148845E+01 -6.808102159E-01 -8.077522574E-01 2.546971696E-01 7.324598608E-01 5.895220853E-01 -9.670208645E-01 
4.135573573E+01 -6.912137094E-01 -8.088816856E-01 2.631405338E-01 7.226504036E-01 5.879714424E-01 -9.647575136E-01 
4.142998301E+01 -7.014614862E-01 -8.099946003E-01 2.716068167E-01 7.127073602E-01 5.864373332E-01 -9.624083008E-01 
4.150423029E+01 -7.115517797E-01 -8.110904768E-01 2.800946136E-01 7.026336619E-01 5.849207098E-01 -9.599723994E-01 
4.157847757E+01 -7.214828857E-01 -8.121688006E-01 2.886024885E-01 6.924322664E-01 5.834225207E-01 -9.574490084E-01 
4.165272485E+01 -7.312531638E-01 -8.132290677E-01 2.971289744E-01 6.821061563E-01 5.819437102E-01 -9.548373540E-01 
4.172697214E+01 -7.408610362E-01 -8.142707852E-01 3.056725747E-01 6.716583381E-01 5.804852167E-01 -9.521366902E-01 
4.180121942E+01 -7.503049892E-01 -8.152934710E-01 3.142317640E-01 6.610918403E-01 5.790479725E-01 -9.493463005E-01 
4.187546670E+01 -7.595835727E-01 -8.162966547E-01 3.228049895E-01 6.504097126E-01 5.776329024E-01 -9.464654977E-01 
4.194971398E+01 -7.686954009E-01 -8.172798773E-01 3.313906716E-01 6.396150240E-01 5.762409225E-01 -9.434936260E-01 
4.202396126E+01 -7.776391514E-01 -8.182426915E-01 3.399872057E-01 6.287108624E-01 5.748729393E-01 -9.404300608E-01 
4.209820854E+01 -7.864135669E-01 -8.191846622E-01 3.485929628E-01 6.177003321E-01 5.735298491E-01 -9.372742104E-01 
4.217245582E+01 -7.950174536E-01 -8.201053665E-01 3.572062914E-01 6.065865535E-01 5.722125360E-01 -9.340255159E-01 
4.224670310E+01 -8.034496826E-01 -8.210043939E-01 3.658255178E-01 5.953726615E-01 5.709218719E-01 -9.306834529E-01 
4.232095039E+01 -8.117091890E-01 -8.218813462E-01 3.744489483E-01 5.840618041E-01 5.696587148E-01 -9.272475310E-01 
4.239519767E+01 -8.197949726E-01 -8.227358383E-01 3.830748701E-01 5.726571413E-01 5.684239079E-01 -9.237172958E-01 
4.246944495E+01 -8.277060973E-01 -8.235674976E-01 3.917015526E-01 5.611618441E-01 5.672182788E-01 -9.200923280E-01 
4.254369223E+01 -8.354416914E-01 -8.243759645E-01 4.003272488E-01 5.495790927E-01 5.660426381E-01 -9.163722454E-01 
4.261793951E+01 -8.430009474E-01 -8.251608925E-01 4.089501968E-01 5.379120760E-01 5.648977787E-01 -9.125567022E-01 
4.269218679E+01 -8.503831224E-01 -8.259219484E-01 4.175686208E-01 5.261639898E-01 5.637844749E-01 -9.086453902E-01 
4.276643407E+01 -8.575875369E-01 -8.266588120E-01 4.261807331E-01 5.143380362E-01 5.627034812E-01 -9.046380384E-01 
4.284068136E+01 -8.646135762E-01 -8.273711764E-01 4.347847349E-01 5.024374218E-01 5.616555311E-01 -9.005344147E-01 
4.291492864E+01 -8.714606888E-01 -8.280587482E-01 4.433788184E-01 4.904653574E-01 5.606413370E-01 -8.963343243E-01 
4.298917592E+01 -8.781283875E-01 -8.287212474E-01 4.519611674E-01 4.784250560E-01 5.596615884E-01 -8.920376117E-01 
4.306342320E+01 -8.846162483E-01 -8.293584072E-01 4.605299594E-01 4.663197320E-01 5.587169516E-01 -8.876441595E-01 
4.313767048E+01 -8.909239108E-01 -8.299699744E-01 4.690833667E-01 4.541526003E-01 5.578080684E-01 -8.831538894E-01 
4.321191776E+01 -8.970510778E-01 -8.305557093E-01 4.776195582E-01 4.419268751E-01 5.569355560E-01 -8.785667616E-01 
4.328616504E+01 -9.029975155E-01 -8.311153856E-01 4.861367004E-01 4.296457683E-01 5.561000051E-01 -8.738827757E-01 
4.336041233E+01 -9.087630525E-01 -8.316487904E-01 4.946329588E-01 4.173124891E-01 5.553019804E-01 -8.691019692E-01 
4.343465961E+01 -9.143475805E-01 -8.321557243E-01 5.031064999E-01 4.049302424E-01 5.545420188E-01 -8.642244191E-01 
4.350890689E+01 -9.197510534E-01 -8.326360013E-01 5.115554921E-01 3.925022280E-01 5.538206294E-01 -8.592502401E-01 
4.358315417E+01 -9.249734874E-01 -8.330894488E-01 5.199781071E-01 3.800316393E-01 5.531382925E-01 -8.541795857E-01 
4.365740145E+01 -9.300149606E-01 -8.335159074E-01 5.283725217E-01 3.675216623E-01 5.524954594E-01 -8.490126470E-01 
4.373164873E+01 -9.348756130E-01 -8.339152311E-01 5.367369187E-01 3.549754743E-01 5.518925510E-01 -8.437496527E-01 
4.380589601E+01 -9.395556460E-01 -8.342872872E-01 5.450694885E-01 3.423962431E-01 5.513299584E-01 -8.383908688E-01 
4.388014330E+01 -9.440553219E-01 -8.346319561E-01 5.533684303E-01 3.297871258E-01 5.508080415E-01 -8.329365982E-01 
4.395439058E+01 -9.483749642E-01 -8.349491313E-01 5.616319534E-01 3.171512675E-01 5.503271291E-01 -8.273871796E-01 
4.402863786E+01 -9.525149567E-01 -8.352387193E-01 5.698582788E-01 3.044918003E-01 5.498875183E-01 -8.217429879E-01 
4.410288514E+01 -9.564757434E-01 -8.355006397E-01 5.780456399E-01 2.918118422E-01 5.494894740E-01 -8.160044327E-01 
4.417713242E+01 -9.602578285E-01 -8.357348250E-01 5.861922841E-01 2.791144959E-01 5.491332291E-01 -8.101719583E-01 
4.425137970E+01 -9.638617751E-01 -8.359412205E-01 5.942964739E-01 2.664028480E-01 5.488189839E-01 -8.042460425E-01 
4.432562698E+01 -9.672882058E-01 -8.361197842E-01 6.023564880E-01 2.536799671E-01 5.485469057E-01 -7.982271965E-01 
4.439987426E+01 -9.705378018E-01 -8.362704868E-01 6.103706223E-01 2.409489035E-01 5.483171293E-01 -7.921159633E-01 
4.447412155E+01 -9.736112228E-01 -8.363933091E-01 6.183369773E-01 2.282130278E-01 5.481297598E-01 -7.859130865E-01 
