0.000000000E+00 -5.455720508E-01 -7.239803557E-01 8.906815593E-01 -8.380639224E-01 6.898205887E-01 4.546277187E-01 
3.712363204E-02 -5.429871642E-01 -7.236144184E-01 8.878125122E-01 -8.397409953E-01 6.902044432E-01 4.602053256E-01 
7.424726408E-02 -5.404048473E-01 -7.232536598E-01 8.849031918E-01 -8.414051348E-01 6.905824669E-01 4.657749884E-01 
1.113708961E-01 -5.378250779E-01 -7.228981201E-01 8.819535164E-01 -8.430564543E-01 6.909546353E-01 4.713363914E-01 
1.484945282E-01 -5.352478325E-01 -7.225478387E-01 8.789634091E-01 -8.446950674E-01 6.913209245E-01 4.768892165E-01 
1.856181602E-01 -5.326730857E-01 -7.222028550E-01 8.759327959E-01 -8.463210870E-01 6.916813111E-01 4.824331424E-01 
2.227417922E-01 -5.301008103E-01 -7.218632077E-01 8.728616060E-01 -8.479346256E-01 6.920357717E-01 4.879678442E-01 
2.598654243E-01 -5.275309773E-01 -7.215289351E-01 8.697497721E-01 -8.495357944E-01 6.923842833E-01 4.934929932E-01 
2.969890563E-01 -5.249635562E-01 -7.212000752E-01 8.665972300E-01 -8.511247045E-01 6.927268230E-01 4.990082580E-01 
3.341126884E-01 -5.223985145E-01 -7.208766657E-01 8.634039193E-01 -8.527014660E-01 6.930633685E-01 5.045133029E-01 
3.712363204E-01 -5.198358182E-01 -7.205587436E-01 8.601697828E-01 -8.542661881E-01 6.933938974E-01 5.100077898E-01 
4.083599525E-01 -5.172754316E-01 -7.202463456E-01 8.568947668E-01 -8.558189798E-01 6.937183877E-01 5.154913768E-01 
4.454835845E-01 -5.147173173E-01 -7.199395082E-01 8.535788215E-01 -8.573599487E-01 6.940368177E-01 5.209637192E-01 
4.826072165E-01 -5.121614363E-01 -7.196382672E-01 8.502219004E-01 -8.588892023E-01 6.943491660E-01 5.264244687E-01 
5.197308486E-01 -5.096077480E-01 -7.193426579E-01 8.468239612E-01 -8.604068467E-01 6.946554112E-01 5.318732745E-01 
5.568544806E-01 -5.070562103E-01 -7.190527156E-01 8.433849651E-01 -8.619129877E-01 6.949555324E-01 5.373097823E-01 
5.939781127E-01 -5.045067793E-01 -7.187684747E-01 8.399048773E-01 -8.634077301E-01 6.952495090E-01 5.427336351E-01 
6.311017447E-01 -5.019594098E-01 -7.184899693E-01 8.363836671E-01 -8.648911780E-01 6.955373203E-01 5.481444729E-01 
6.682253767E-01 -4.994140549E-01 -7.182172332E-01 8.328213076E-01 -8.663634345E-01 6.958189462E-01 5.535419328E-01 
7.053490088E-01 -4.968706662E-01 -7.179502995E-01 8.292177762E-01 -8.678246022E-01 6.960943667E-01 5.589256492E-01 
7.424726408E-01 -4.943291938E-01 -7.176892010E-01 8.255730546E-01 -8.692747824E-01 6.963635621E-01 5.642952536E-01 
7.795962729E-01 -4.917895862E-01 -7.174339701E-01 8.218871284E-01 -8.707140760E-01 6.966265129E-01 5.696503751E-01 
8.167199049E-01 -4.892517906E-01 -7.171846385E-01 8.181599878E-01 -8.721425828E-01 6.968831998E-01 5.749906399E-01 
8.538435369E-01 -4.867157525E-01 -7.169412375E-01 8.143916272E-01 -8.735604018E-01 6.971336040E-01 5.803156718E-01 
8.909671690E-01 -4.841814163E-01 -7.167037980E-01 8.105820457E-01 -8.749676311E-01 6.973777067E-01 5.856250921E-01 
9.280908010E-01 -4.816487246E-01 -7.164723504E-01 8.067312465E-01 -8.763643680E-01 6.976154894E-01 5.909185199E-01 
9.652144331E-01 -4.791176189E-01 -7.162469244E-01 8.028392376E-01 -8.777507088E-01 6.978469339E-01 5.961955717E-01 
1.002338065E+00 -4.765880391E-01 -7.160275496E-01 7.989060316E-01 -8.791267489E-01 6.980720222E-01 6.014558618E-01 
1.039461697E+00 -4.740599238E-01 -7.158142546E-01 7.949316457E-01 -8.804925827E-01 6.982907366E-01 6.066990026E-01 
1.076585329E+00 -4.715332102E-01 -7.156070678E-01 7.909161017E-01 -8.818483040E-01 6.985030597E-01 6.119246041E-01 
1.113708961E+00 -4.690078342E-01 -7.154060171E-01 7.868594263E-01 -8.831940054E-01 6.987089742E-01 6.171322744E-01 
1.150832593E+00 -4.664837303E-01 -7.152111297E-01 7.827616511E-01 -8.845297785E-01 6.989084632E-01 6.223216198E-01 
1.187956225E+00 -4.639608319E-01 -7.150224324E-01 7.786228123E-01 -8.858557141E-01 6.991015099E-01 6.274922446E-01 
1.225079857E+00 -4.614390709E-01 -7.148399514E-01 7.744429512E-01 -8.871719019E-01 6.992880979E-01 6.326437514E-01 
1.262203489E+00 -4.589183780E-01 -7.146637123E-01 7.702221140E-01 -8.884784309E-01 6.994682111E-01 6.377757410E-01 
1.299327121E+00 -4.563986825E-01 -7.144937403E-01 7.659603519E-01 -8.897753887E-01 6.996418334E-01 6.428878129E-01 
1.336450753E+00 -4.538799129E-01 -7.143300599E-01 7.616577211E-01 -8.910628623E-01 6.998089493E-01 6.479795649E-01 
1.373574386E+00 -4.513619959E-01 -7.141726952E-01 7.573142828E-01 -8.923409374E-01 6.999695433E-01 6.530505934E-01 
1.410698018E+00 -4.488448574E-01 -7.140216695E-01 7.529301036E-01 -8.936096988E-01 7.001236002E-01 6.581004935E-01 
1.447821650E+00 -4.463284220E-01 -7.138770057E-01 7.485052549E-01 -8.948692304E-01 7.002711051E-01 6.631288592E-01 
1.484945282E+00 -4.438126132E-01 -7.137387262E-01 7.440398133E-01 -8.961196149E-01 7.004120435E-01 6.681352831E-01 
1.522068914E+00 -4.412973531E-01 -7.136068525E-01 7.395338609E-01 -8.973609341E-01 7.005464010E-01 6.731193570E-01 
1.559192546E+00 -4.387825631E-01 -7.134814059E-01 7.349874848E-01 -8.985932685E-01 7.006741635E-01 6.780806717E-01 
1.596316178E+00 -4.362681631E-01 -7.133624068E-01 7.304007774E-01 -8.998166979E-01 7.007953172E-01 6.830188171E-01 
1.633439810E+00 -4.337540721E-01 -7.132498750E-01 7.257738362E-01 -9.010313007E-01 7.009098486E-01 6.879333824E-01 
1.670563442E+00 -4.312402080E-01 -7.131438300E-01 7.211067645E-01 -9.022371545E-01 7.010177443E-01 6.928239560E-01 
1.707687074E+00 -4.287264877E-01 -7.130442903E-01 7.163996704E-01 -9.034343356E-01 7.011189914E-01 6.976901261E-01 
1.744810706E+00 -4.262128268E-01 -7.129512741E-01 7.116526676E-01 -9.046229194E-01 7.012135771E-01 7.025314800E-01 
1.781934338E+00 -4.236991403E-01 -7.128647988E-01 7.068658751E-01 -9.058029800E-01 7.013014892E-01 7.073476049E-01 
1.819057970E+00 -4.211853419E-01 -7.127848811E-01 7.020394173E-01 -9.069745905E-01 7.013827153E-01 7.121380878E-01 
1.856181602E+00 -4.186713443E-01 -7.127115373E-01 6.971734239E-01 -9.081378229E-01 7.014572437E-01 7.169025153E-01 
1.893305234E+00 -4.161570595E-01 -7.126447828E-01 6.922680301E-01 -9.092927481E-01 7.015250627E-01 7.216404741E-01 
1.930428866E+00 -4.136423984E-01 -7.125846325E-01 6.873233765E-01 -9.104394358E-01 7.015861612E-01 7.263515508E-01 
1.967552498E+00 -4.111272708E-01 -7.125311006E-01 6.823396090E-01 -9.115779545E-01 7.016405281E-01 7.310353324E-01 
2.004676130E+00 -4.086115860E-01 -7.124842008E-01 6.773168788E-01 -9.127083717E-01 7.016881528E-01 7.356914059E-01 
2.041799762E+00 -4.060952520E-01 -7.124439458E-01 6.722553430E-01 -9.138307537E-01 7.017290248E-01 7.403193587E-01 
2.078923394E+00 -4.035781762E-01 -7.124103479E-01 6.671551635E-01 -9.149451654E-01 7.017631340E-01 7.449187787E-01 
2.116047026E+00 -4.010602650E-01 -7.123834186E-01 6.620165079E-01 -9.160516710E-01 7.017904708E-01 7.494892542E-01 
2.153170658E+00 -3.985414242E-01 -7.123631689E-01 6.568395493E-01 -9.171503329E-01 7.018110256E-01 7.540303743E-01 
2.190294290E+00 -3.960215586E-01 -7.123496088E-01 6.516244659E-01 -9.182412130E-01 7.018247893E-01 7.585417287E-01 
2.227417922E+00 -3.935005722E-01 -7.123427479E-01 6.463714415E-01 -9.193243714E-01 7.018317531E-01 7.630229081E-01 
2.264541555E+00 -3.909783682E-01 -7.123425949E-01 6.410806652E-01 -9.203998672E-01 7.018319083E-01 7.674735040E-01 
2.301665187E+00 -3.884548494E-01 -7.123491580E-01 6.357523315E-01 -9.214677586E-01 7.018252469E-01 7.718931089E-01 
2.338788819E+00 -3.859299173E-01 -7.123624445E-01 6.303866401E-01 -9.225281020E-01 7.018117609E-01 7.762813166E-01 
2.375912451E+00 -3.834034733E-01 -7.123824610E-01 6.249837961E-01 -9.235809530E-01 7.017914429E-01 7.806377220E-01 
2.413036083E+00 -3.808754175E-01 -7.124092136E-01 6.195440100E-01 -9.246263658E-01 7.017642855E-01 7.849619215E-01 
2.450159715E+00 -3.783456499E-01 -7.124427075E-01 6.140674972E-01 -9.256643934E-01 7.017302820E-01 7.892535126E-01 
2.487283347E+00 -3.758140695E-01 -7.124829471E-01 6.085544789E-01 -9.266950875E-01 7.016894257E-01 7.935120947E-01 
2.524406979E+00 -3.732805748E-01 -7.125299363E-01 6.030051812E-01 -9.277184986E-01 7.016417105E-01 7.977372686E-01 
2.561530611E+00 -3.707450636E-01 -7.125836781E-01 5.974198354E-01 -9.287346757E-01 7.015871306E-01 8.019286368E-01 
2.598654243E+00 -3.682074332E-01 -7.126441748E-01 5.917986779E-01 -9.297436670E-01 7.015256804E-01 8.060858038E-01 
2.635777875E+00 -3.656675802E-01 -7.127114280E-01 5.861419505E-01 -9.307455188E-01 7.014573548E-01 8.102083757E-01 
2.672901507E+00 -3.631254010E-01 -7.127854384E-01 5.804498998E-01 -9.317402767E-01 7.013821490E-01 8.142959609E-01 
2.710025139E+00 -3.605807910E-01 -7.128662062E-01 5.747227776E-01 -9.327279846E-01 7.013000586E-01 8.183481697E-01 
2.747148771E+00 -3.580336454E-01 -7.129537307E-01 5.689608410E-01 -9.337086852E-01 7.012110795E-01 8.223646146E-01 
2.784272403E+00 -3.554838589E-01 -7.130480104E-01 5.631643516E-01 -9.346824199E-01 7.011152081E-01 8.263449105E-01 
2.821396035E+00 -3.529313257E-01 -7.131490431E-01 5.573335762E-01 -9.356492289E-01 7.010124410E-01 8.302886743E-01 
2.858519667E+00 -3.503759393E-01 -7.132568259E-01 5.514687865E-01 -9.366091507E-01 7.009027754E-01 8.341955258E-01 
2.895643299E+00 -3.478175933E-01 -7.133713550E-01 5.455702592E-01 -9.375622229E-01 7.007862085E-01 8.380650870E-01 
2.932766931E+00 -3.452561805E-01 -7.134926259E-01 5.396382755E-01 -9.385084816E-01 7.006627384E-01 8.418969826E-01 
2.969890563E+00 -3.426915933E-01 -7.136206333E-01 5.336731217E-01 -9.394479613E-01 7.005323632E-01 8.456908400E-01 
3.007014195E+00 -3.401237241E-01 -7.137553713E-01 5.276750886E-01 -9.403806955E-01 7.003950815E-01 8.494462894E-01 
3.044137827E+00 -3.375524646E-01 -7.138968328E-01 5.216444718E-01 -9.413067161E-01 7.002508923E-01 8.531629638E-01 
3.081261459E+00 -3.349777064E-01 -7.140450104E-01 5.155815715E-01 -9.422260537E-01 7.000997952E-01 8.568404990E-01 
3.118385091E+00 -3.323993407E-01 -7.141998956E-01 5.094866925E-01 -9.431387376E-01 6.999417899E-01 8.604785342E-01 
3.155508723E+00 -3.298172584E-01 -7.143614792E-01 5.033601440E-01 -9.440447956E-01 6.997768767E-01 8.640767113E-01 
3.192632356E+00 -3.272313503E-01 -7.145297513E-01 4.972022400E-01 -9.449442542E-01 6.996050562E-01 8.676346755E-01 
3.229755988E+00 -3.246415069E-01 -7.147047010E-01 4.910132985E-01 -9.458371383E-01 6.994263296E-01 8.711520753E-01 
3.266879620E+00 -3.220476184E-01 -7.148863168E-01 4.847936422E-01 -9.467234716E-01 6.992406984E-01 8.746285623E-01 
3.304003252E+00 -3.194495749E-01 -7.150745863E-01 4.785435979E-01 -9.476032763E-01 6.990481644E-01 8.780637918E-01 
3.341126884E+00 -3.168472663E-01 -7.152694964E-01 4.722634967E-01 -9.484765732E-01 6.988487302E-01 8.814574222E-01 
3.378250516E+00 -3.142405825E-01 -7.154710330E-01 4.659536739E-01 -9.493433817E-01 6.986423985E-01 8.848091157E-01 
3.415374148E+00 -3.116294131E-01 -7.156791815E-01 4.596144691E-01 -9.502037197E-01 6.984291727E-01 8.881185379E-01 
3.452497780E+00 -3.090136477E-01 -7.158939263E-01 4.532462256E-01 -9.510576038E-01 6.982090564E-01 8.913853580E-01 
3.489621412E+00 -3.063931758E-01 -7.161152509E-01 4.468492910E-01 -9.519050488E-01 6.979820539E-01 8.946092491E-01 
3.526745044E+00 -3.037678868E-01 -7.163431382E-01 4.404240167E-01 -9.527460685E-01 6.977481698E-01 8.977898880E-01 
3.563868676E+00 -3.011376702E-01 -7.165775702E-01 4.339707582E-01 -9.535806750E-01 6.975074093E-01 9.009269551E-01 
3.600992308E+00 -2.985024154E-01 -7.168185282E-01 4.274898746E-01 -9.544088789E-01 6.972597779E-01 9.040201351E-01 
3.638115940E+00 -2.958620118E-01 -7.170659925E-01 4.209817287E-01 -9.552306895E-01 6.970052816E-01 9.070691162E-01 
3.675239572E+00 -2.932163490E-01 -7.173199426E-01 4.144466873E-01 -9.560461144E-01 6.967439272E-01 9.100735909E-01 
3.712363204E+00 -2.905653164E-01 -7.175803575E-01 4.078851205E-01 -9.568551599E-01 6.964757216E-01 9.130332557E-01 
3.749486836E+00 -2.879088037E-01 -7.178472150E-01 4.012974022E-01 -9.576578308E-01 6.962006723E-01 9.159478110E-01 
3.786610468E+00 -2.852467007E-01 -7.181204924E-01 3.946839096E-01 -9.584541303E-01 6.959187874E-01 9.188169616E-01 
3.823734100E+00 -2.825788972E-01 -7.184001659E-01 3.880450235E-01 -9.592440602E-01 6.956300754E-01 9.216404164E-01 
3.860857732E+00 -2.799052832E-01 -7.186862111E-01 3.813811281E-01 -9.600276207E-01 6.953345455E-01 9.244178885E-01 
3.897981364E+00 -2.772257491E-01 -7.189786028E-01 3.746926106E-01 -9.608048107E-01 6.950322071E-01 9.271490953E-01 
3.935104996E+00 -2.745401850E-01 -7.192773149E-01 3.679798618E-01 -9.615756273E-01 6.947230704E-01 9.298337586E-01 
3.972228628E+00 -2.718484819E-01 -7.195823204E-01 3.612432753E-01 -9.623400662E-01 6.944071460E-01 9.324716046E-01 
4.009352260E+00 -2.691505304E-01 -7.198935918E-01 3.544832482E-01 -9.630981218E-01 6.940844450E-01 9.350623637E-01 
4.046475892E+00 -2.664462218E-01 -7.202111004E-01 3.477001803E-01 -9.638497866E-01 6.937549791E-01 9.376057711E-01 
4.083599525E+00 -2.637354476E-01 -7.205348170E-01 3.408944744E-01 -9.645950518E-01 6.934187607E-01 9.401015662E-01 
4.120723157E+00 -2.610180995E-01 -7.208647115E-01 3.340665364E-01 -9.653339070E-01 6.930758024E-01 9.425494929E-01 
4.157846789E+00 -2.582940697E-01 -7.212007530E-01 3.272167749E-01 -9.660663402E-01 6.927261177E-01 9.449493000E-01 
4.194970421E+00 -2.555632507E-01 -7.215429097E-01 3.203456011E-01 -9.667923381E-01 6.923697204E-01 9.473007407E-01 
4.232094053E+00 -2.528255354E-01 -7.218911491E-01 3.134534292E-01 -9.675118856E-01 6.920066250E-01 9.496035726E-01 
4.269217685E+00 -2.500808171E-01 -7.222454380E-01 3.065406758E-01 -9.682249662E-01 6.916368465E-01 9.518575584E-01 
4.306341317E+00 -2.473289895E-01 -7.226057422E-01 2.996077601E-01 -9.689315617E-01 6.912604007E-01 9.540624652E-01 
4.343464949E+00 -2.445699469E-01 -7.229720267E-01 2.926551038E-01 -9.696316524E-01 6.908773037E-01 9.562180649E-01 
4.380588581E+00 -2.418035840E-01 -7.233442559E-01 2.856831311E-01 -9.703252171E-01 6.904875724E-01 9.583241342E-01 
4.417712213E+00 -2.390297961E-01 -7.237223934E-01 2.786922684E-01 -9.710122331E-01 6.900912241E-01 9.603804543E-01 
4.454835845E+00 -2.362484789E-01 -7.241064017E-01 2.716829446E-01 -9.716926759E-01 6.896882769E-01 9.623868117E-01 
4.491959477E+00 -2.334595287E-01 -7.244962428E-01 2.646555905E-01 -9.723665197E-01 6.892787494E-01 9.643429971E-01 
4.529083109E+00 -2.306628425E-01 -7.248918779E-01 2.576106394E-01 -9.730337370E-01 6.888626608E-01 9.662488065E-01 
4.566206741E+00 -2.278583178E-01 -7.252932674E-01 2.505485264E-01 -9.736942987E-01 6.884400311E-01 9.681040407E-01 
4.603330373E+00 -2.250458528E-01 -7.257003708E-01 2.434696889E-01 -9.743481741E-01 6.880108808E-01 9.699085051E-01 
4.640454005E+00 -2.222253463E-01 -7.261131469E-01 2.363745660E-01 -9.749953311E-01 6.875752309E-01 9.716620103E-01 
4.677577637E+00 -2.193966979E-01 -7.265315538E-01 2.292635988E-01 -9.756357359E-01 6.871331032E-01 9.733643716E-01 
4.714701269E+00 -2.165598079E-01 -7.269555487E-01 2.221372303E-01 -9.762693532E-01 6.866845203E-01 9.750154095E-01 
4.751824901E+00 -2.137145771E-01 -7.273850882E-01 2.149959051E-01 -9.768961459E-01 6.862295052E-01 9.766149490E-01 
4.788948533E+00 -2.108609074E-01 -7.278201279E-01 2.078400696E-01 -9.775160756E-01 6.857680816E-01 9.781628204E-01 
4.826072165E+00 -2.079987013E-01 -7.282606228E-01 2.006701719E-01 -9.781291022E-01 6.853002739E-01 9.796588590E-01 
4.863195797E+00 -2.051278622E-01 -7.287065273E-01 1.934866615E-01 -9.787351841E-01 6.848261073E-01 9.811029047E-01 
4.900319429E+00 -2.022482941E-01 -7.291577947E-01 1.862899895E-01 -9.793342779E-01 6.843456076E-01 9.824948029E-01 
4.937443061E+00 -1.993599023E-01 -7.296143778E-01 1.790806084E-01 -9.799263389E-01 6.838588012E-01 9.838344035E-01 
4.974566694E+00 -1.964625926E-01 -7.300762285E-01 1.718589722E-01 -9.805113207E-01 6.833657152E-01 9.851215618E-01 
5.011690326E+00 -1.935562718E-01 -7.305432982E-01 1.646255361E-01 -9.810891754E-01 6.828663776E-01 9.863561379E-01 
5.048813958E+00 -1.906408479E-01 -7.310155373E-01 1.573807565E-01 -9.816598533E-01 6.823608169E-01 9.875379970E-01 
5.085937590E+00 -1.877162295E-01 -7.314928955E-01 1.501250912E-01 -9.822233033E-01 6.818490625E-01 9.886670092E-01 
5.123061222E+00 -1.847823264E-01 -7.319753221E-01 1.428589990E-01 -9.827794728E-01 6.813311442E-01 9.897430497E-01 
5.160184854E+00 -1.818390494E-01 -7.324627652E-01 1.355829398E-01 -9.833283076E-01 6.808070929E-01 9.907659989E-01 
5.197308486E+00 -1.788863103E-01 -7.329551726E-01 1.282973745E-01 -9.838697518E-01 6.802769400E-01 9.917357419E-01 
5.234432118E+00 -1.759240219E-01 -7.334524911E-01 1.210027649E-01 -9.844037479E-01 6.797407178E-01 9.926521692E-01 
5.271555750E+00 -1.729520983E-01 -7.339546670E-01 1.136995738E-01 -9.849302372E-01 6.791984592E-01 9.935151761E-01 
5.308679382E+00 -1.699704544E-01 -7.344616457E-01 1.063882648E-01 -9.854491590E-01 6.786501980E-01 9.943246629E-01 
5.345803014E+00 -1.669790067E-01 -7.349733721E-01 9.906930236E-02 -9.859604514E-01 6.780959685E-01 9.950805352E-01 
5.382926646E+00 -1.639776724E-01 -7.354897903E-01 9.174315146E-02 -9.864640508E-01 6.775358061E-01 9.957827034E-01 
5.420050278E+00 -1.609663702E-01 -7.360108437E-01 8.441027789E-02 -9.869598919E-01 6.769697468E-01 9.964310831E-01 
5.457173910E+00 -1.579450198E-01 -7.365364752E-01 7.707114802E-02 -9.874479081E-01 6.763978274E-01 9.970255947E-01 
5.494297542E+00 -1.549135424E-01 -7.370666268E-01 6.972622879E-02 -9.879280312E-01 6.758200855E-01 9.975661639E-01 
5.531421174E+00 -1.518718603E-01 -7.376012399E-01 6.237598758E-02 -9.884001915E-01 6.752365594E-01 9.980527213E-01 
5.568544806E+00 -1.488198970E-01 -7.381402553E-01 5.502089222E-02 -9.888643177E-01 6.746472883E-01 9.984852026E-01 
5.605668438E+00 -1.457575776E-01 -7.386836133E-01 4.766141096E-02 -9.893203370E-01 6.740523123E-01 9.988635484E-01 
5.642792070E+00 -1.426848284E-01 -7.392312531E-01 4.029801235E-02 -9.897681751E-01 6.734516721E-01 9.991877043E-01 
5.679915702E+00 -1.396015769E-01 -7.397831137E-01 3.293116520E-02 -9.902077562E-01 6.728454093E-01 9.994576212E-01 
5.717039334E+00 -1.365077524E-01 -7.403391333E-01 2.556133851E-02 -9.906390030E-01 6.722335665E-01 9.996732548E-01 
5.754162966E+00 -1.334032851E-01 -7.408992495E-01 1.818900154E-02 -9.910618367E-01 6.716161868E-01 9.998345656E-01 
5.791286598E+00 -1.302881072E-01 -7.414633992E-01 1.081462358E-02 -9.914761772E-01 6.709933143E-01 9.999415194E-01 
5.828410230E+00 -1.271621521E-01 -7.420315188E-01 3.438673950E-03 -9.918819425E-01 6.703649941E-01 9.999940869E-01 
5.865533862E+00 -1.240253545E-01 -7.426035441E-01 -3.938377971E-03 -9.922790496E-01 6.697312719E-01 9.999922438E-01 
5.902657495E+00 -1.208776510E-01 -7.431794101E-01 -1.131606284E-02 -9.926674137E-01 6.690921944E-01 9.999359705E-01 
5.939781127E+00 -1.177189795E-01 -7.437590515E-01 -1.869391149E-02 -9.930469489E-01 6.684478091E-01 9.998252528E-01 
5.976904759E+00 -1.145492795E-01 -7.443424023E-01 -2.607145487E-02 -9.934175675E-01 6.677981643E-01 9.996600811E-01 
6.014028391E+00 -1.113684923E-01 -7.449293959E-01 -3.344822413E-02 -9.937791806E-01 6.671433094E-01 9.994404508E-01 
6.051152023E+00 -1.081765606E-01 -7.455199651E-01 -4.082375068E-02 -9.941316978E-01 6.664832945E-01 9.991663625E-01 
6.088275655E+00 -1.049734288E-01 -7.461140422E-01 -4.819756628E-02 -9.944750274E-01 6.658181705E-01 9.988378212E-01 
6.125399287E+00 -1.017590430E-01 -7.467115590E-01 -5.556920303E-02 -9.948090762E-01 6.651479894E-01 9.984548374E-01 
6.162522919E+00 -9.853335096E-02 -7.473124466E-01 -6.293819340E-02 -9.951337496E-01 6.644728040E-01 9.980174259E-01 
6.199646551E+00 -9.529630219E-02 -7.479166358E-01 -7.030407039E-02 -9.954489519E-01 6.637926679E-01 9.975256068E-01 
6.236770183E+00 -9.204784793E-02 -7.485240567E-01 -7.766636750E-02 -9.957545856E-01 6.631076358E-01 9.969794050E-01 
6.273893815E+00 -8.878794119E-02 -7.491346390E-01 -8.502461878E-02 -9.960505522E-01 6.624177631E-01 9.963788500E-01 
6.311017447E+00 -8.551653676E-02 -7.497483117E-01 -9.237835889E-02 -9.963367518E-01 6.617231062E-01 9.957239765E-01 
6.348141079E+00 -8.223359127E-02 -7.503650034E-01 -9.972712318E-02 -9.966130831E-01 6.610237225E-01 9.950148238E-01 
6.385264711E+00 -7.893906317E-02 -7.509846425E-01 -1.070704477E-01 -9.968794437E-01 6.603196702E-01 9.942514359E-01 
6.422388343E+00 -7.563291277E-02 -7.516071564E-01 -1.144078693E-01 -9.971357298E-01 6.596110085E-01 9.934338620E-01 
6.459511975E+00 -7.231510224E-02 -7.522324725E-01 -1.217389255E-01 -9.973818362E-01 6.588977975E-01 9.925621555E-01 
6.496635607E+00 -6.898559571E-02 -7.528605173E-01 -1.290631549E-01 -9.976176566E-01 6.581800981E-01 9.916363752E-01 
6.533759239E+00 -6.564435921E-02 -7.534912174E-01 -1.363800969E-01 -9.978430835E-01 6.574579724E-01 9.906565842E-01 
6.570882871E+00 -6.229136071E-02 -7.541244984E-01 -1.436892918E-01 -9.980580081E-01 6.567314832E-01 9.896228504E-01 
6.608006503E+00 -5.892657015E-02 -7.547602858E-01 -1.509902810E-01 -9.982623206E-01 6.560006944E-01 9.885352465E-01 
6.645130135E+00 -5.554995952E-02 -7.553985046E-01 -1.582826069E-01 -9.984559096E-01 6.552656708E-01 9.873938499E-01 
6.682253767E+00 -5.216150277E-02 -7.560390794E-01 -1.655658130E-01 -9.986386629E-01 6.545264781E-01 9.861987427E-01 
6.719377399E+00 -4.876117591E-02 -7.566819343E-01 -1.728394441E-01 -9.988104671E-01 6.537831830E-01 9.849500114E-01 
6.756501031E+00 -4.534895700E-02 -7.573269933E-01 -1.801030460E-01 -9.989712076E-01 6.530358530E-01 9.836477475E-01 
6.793624664E+00 -4.192482618E-02 -7.579741796E-01 -1.873561658E-01 -9.991207688E-01 6.522845568E-01 9.822920470E-01 
6.830748296E+00 -3.848876574E-02 -7.586234163E-01 -1.945983520E-01 -9.992590338E-01 6.515293640E-01 9.808830103E-01 
6.867871928E+00 -3.504076002E-02 -7.592746262E-01 -2.018291543E-01 -9.993858848E-01 6.507703450E-01 9.794207425E-01 
6.904995560E+00 -3.158079553E-02 -7.599277316E-01 -2.090481239E-01 -9.995012031E-01 6.500075713E-01 9.779053535E-01 
6.942119192E+00 -2.810886095E-02 -7.605826545E-01 -2.162548132E-01 -9.996048688E-01 6.492411152E-01 9.763369573E-01 
6.979242824E+00 -2.462494717E-02 -7.612393165E-01 -2.234487765E-01 -9.996967609E-01 6.484710502E-01 9.747156727E-01 
7.016366456E+00 -2.112904721E-02 -7.618976390E-01 -2.306295693E-01 -9.997767576E-01 6.476974506E-01 9.730416231E-01 
7.053490088E+00 -1.762115634E-02 -7.625575432E-01 -2.377967486E-01 -9.998447363E-01 6.469203917E-01 9.713149359E-01 
7.090613720E+00 -1.410127210E-02 -7.632189498E-01 -2.449498734E-01 -9.999005730E-01 6.461399497E-01 9.695357435E-01 
7.127737352E+00 -1.056939427E-02 -7.638817792E-01 -2.520885041E-01 -9.999441433E-01 6.453562019E-01 9.677041823E-01 
7.164860984E+00 -7.025524881E-03 -7.645459518E-01 -2.592122028E-01 -9.999753216E-01 6.445692263E-01 9.658203934E-01 
7.201984616E+00 -3.469668235E-03 -7.652113874E-01 -2.663205334E-01 -9.999939816E-01 6.437791022E-01 9.638845221E-01 
7.239108248E+00 9.816899111E-05 -7.658780059E-01 -2.734130616E-01 -9.999999961E-01 6.429859096E-01 9.618967180E-01 
7.276231880E+00 3.677977811E-03 -7.665457266E-01 -2.804893550E-01 -9.999932372E-01 6.421897296E-01 9.598571352E-01 
7.313355512E+00 7.269746941E-03 -7.672144690E-01 -2.875489831E-01 -9.999735760E-01 6.413906441E-01 9.577659321E-01 
7.350479144E+00 1.087346275E-02 -7.678841520E-01 -2.945915171E-01 -9.999408831E-01 6.405887361E-01 9.556232711E-01 
7.387602776E+00 1.448910916E-02 -7.685546946E-01 -3.016165306E-01 -9.998950283E-01 6.397840895E-01 9.534293192E-01 
7.424726408E+00 1.811666773E-02 -7.692260153E-01 -3.086235987E-01 -9.998358807E-01 6.389767891E-01 9.511842475E-01 
7.461850040E+00 2.175611767E-02 -7.698980328E-01 -3.156122991E-01 -9.997633086E-01 6.381669207E-01 9.488882310E-01 
7.498973672E+00 2.540743577E-02 -7.705706655E-01 -3.225822111E-01 -9.996771800E-01 6.373545710E-01 9.465414493E-01 
7.536097304E+00 2.907059632E-02 -7.712438314E-01 -3.295329167E-01 -9.995773619E-01 6.365398276E-01 9.441440860E-01 
7.573220936E+00 3.274557120E-02 -7.719174487E-01 -3.364639996E-01 -9.994637210E-01 6.357227792E-01 9.416963286E-01 
7.610344568E+00 3.643232987E-02 -7.725914354E-01 -3.433750460E-01 -9.993361233E-01 6.349035151E-01 9.391983689E-01 
7.647468200E+00 4.013083935E-02 -7.732657093E-01 -3.502656443E-01 -9.991944344E-01 6.340821259E-01 9.366504026E-01 
7.684591833E+00 4.384106408E-02 -7.739401882E-01 -3.571353853E-01 -9.990385193E-01 6.332587028E-01 9.340526296E-01 
7.721715465E+00 4.756296606E-02 -7.746147897E-01 -3.639838620E-01 -9.988682427E-01 6.324333381E-01 9.314052536E-01 
7.758839097E+00 5.129650480E-02 -7.752894314E-01 -3.708106701E-01 -9.986834686E-01 6.316061249E-01 9.287084824E-01 
7.795962729E+00 5.504163738E-02 -7.759640310E-01 -3.776154074E-01 -9.984840610E-01 6.307771572E-01 9.259625275E-01 
7.833086361E+00 5.879831822E-02 -7.766385060E-01 -3.843976744E-01 -9.982698832E-01 6.299465299E-01 9.231676046E-01 
7.870209993E+00 6.256649924E-02 -7.773127737E-01 -3.911570741E-01 -9.980407983E-01 6.291143388E-01 9.203239330E-01 
7.907333625E+00 6.634612990E-02 -7.779867517E-01 -3.978932120E-01 -9.977966692E-01 6.282806806E-01 9.174317359E-01 
7.944457257E+00 7.013715714E-02 -7.786603574E-01 -4.046056963E-01 -9.975373583E-01 6.274456527E-01 9.144912404E-01 
7.981580889E+00 7.393952523E-02 -7.793335084E-01 -4.112941378E-01 -9.972627280E-01 6.266093536E-01 9.115026771E-01 
8.018704521E+00 7.775317593E-02 -7.800061221E-01 -4.179581499E-01 -9.969726403E-01 6.257718824E-01 9.084662806E-01 
8.055828153E+00 8.157804845E-02 -7.806781160E-01 -4.245973490E-01 -9.966669574E-01 6.249333392E-01 9.053822891E-01 
8.092951785E+00 8.541407953E-02 -7.813494079E-01 -4.312113539E-01 -9.963455409E-01 6.240938247E-01 9.022509442E-01 
8.130075417E+00 8.926120317E-02 -7.820199152E-01 -4.377997864E-01 -9.960082528E-01 6.232534407E-01 8.990724916E-01 
8.167199049E+00 9.311935087E-02 -7.826895559E-01 -4.443622712E-01 -9.956549545E-01 6.224122897E-01 8.958471801E-01 
8.204322681E+00 9.698845153E-02 -7.833582476E-01 -4.508984357E-01 -9.952855078E-01 6.215704748E-01 8.925752623E-01 
8.241446313E+00 1.008684316E-01 -7.840259083E-01 -4.574079103E-01 -9.948997745E-01 6.207281001E-01 8.892569942E-01 
8.278569945E+00 1.047592148E-01 -7.846924562E-01 -4.638903283E-01 -9.944976163E-01 6.198852703E-01 8.858926353E-01 
8.315693577E+00 1.086607222E-01 -7.853578093E-01 -4.703453262E-01 -9.940788949E-01 6.190420910E-01 8.824824486E-01 
8.352817209E+00 1.125728725E-01 -7.860218861E-01 -4.767725431E-01 -9.936434724E-01 6.181986685E-01 8.790267005E-01 
8.389940841E+00 1.164955817E-01 -7.866846049E-01 -4.831716215E-01 -9.931912108E-01 6.173551096E-01 8.755256605E-01 
8.427064473E+00 1.204287633E-01 -7.873458846E-01 -4.895422069E-01 -9.927219726E-01 6.165115222E-01 8.719796016E-01 
8.464188105E+00 1.243723279E-01 -7.880056440E-01 -4.958839478E-01 -9.922356201E-01 6.156680144E-01 8.683888002E-01 
8.501311737E+00 1.283261840E-01 -7.886638021E-01 -5.021964959E-01 -9.917320163E-01 6.148246955E-01 8.647535357E-01 
8.538435369E+00 1.322902372E-01 -7.893202782E-01 -5.084795062E-01 -9.912110244E-01 6.139816751E-01 8.610740907E-01 
8.575559002E+00 1.362643907E-01 -7.899749919E-01 -5.147326368E-01 -9.906725077E-01 6.131390634E-01 8.573507512E-01 
8.612682634E+00 1.402485449E-01 -7.906278629E-01 -5.209555491E-01 -9.901163302E-01 6.122969715E-01 8.535838060E-01 
8.649806266E+00 1.442425978E-01 -7.912788111E-01 -5.271479077E-01 -9.895423561E-01 6.114555110E-01 8.497735471E-01 
8.686929898E+00 1.482464449E-01 -7.919277570E-01 -5.333093805E-01 -9.889504503E-01 6.106147940E-01 8.459202697E-01 
8.724053530E+00 1.522599791E-01 -7.925746210E-01 -5.394396389E-01 -9.883404779E-01 6.097749331E-01 8.420242716E-01 
8.761177162E+00 1.562830907E-01 -7.932193240E-01 -5.455383574E-01 -9.877123048E-01 6.089360417E-01 8.380858539E-01 
8.798300794E+00 1.603156673E-01 -7.938617872E-01 -5.516052141E-01 -9.870657973E-01 6.080982336E-01 8.341053206E-01 
8.835424426E+00 1.643575945E-01 -7.945019321E-01 -5.576398904E-01 -9.864008225E-01 6.072616230E-01 8.300829781E-01 
8.872548058E+00 1.684087549E-01 -7.951396804E-01 -5.636420713E-01 -9.857172479E-01 6.064263247E-01 8.260191362E-01 
8.909671690E+00 1.724690287E-01 -7.957749545E-01 -5.696114450E-01 -9.850149418E-01 6.055924541E-01 8.219141072E-01 
8.946795322E+00 1.765382935E-01 -7.964076769E-01 -5.755477035E-01 -9.842937734E-01 6.047601268E-01 8.177682062E-01 
8.983918954E+00 1.806164249E-01 -7.970377703E-01 -5.814505421E-01 -9.835536123E-01 6.039294589E-01 8.135817507E-01 
9.021042586E+00 1.847032956E-01 -7.976651583E-01 -5.873196597E-01 -9.827943294E-01 6.031005670E-01 8.093550614E-01 
9.058166218E+00 1.887987757E-01 -7.982897644E-01 -5.931547588E-01 -9.820157960E-01 6.022735680E-01 8.050884611E-01 
9.095289850E+00 1.929027332E-01 -7.989115128E-01 -5.989555455E-01 -9.812178844E-01 6.014485792E-01 8.007822754E-01 
9.132413482E+00 1.970150337E-01 -7.995303280E-01 -6.047217295E-01 -9.804004680E-01 6.006257181E-01 7.964368324E-01 
9.169537114E+00 2.011355402E-01 -8.001461350E-01 -6.104530240E-01 -9.795634209E-01 5.998051026E-01 7.920524626E-01 
9.206660746E+00 2.052641132E-01 -8.007588593E-01 -6.161491461E-01 -9.787066184E-01 5.989868510E-01 7.876294990E-01 
9.243784378E+00 2.094006109E-01 -8.013684268E-01 -6.218098165E-01 -9.778299367E-01 5.981710818E-01 7.831682770E-01 
9.280908010E+00 2.135448895E-01 -8.019747638E-01 -6.274347595E-01 -9.769332532E-01 5.973579135E-01 7.786691343E-01 
9.318031642E+00 2.176968024E-01 -8.025777971E-01 -6.330237031E-01 -9.760164461E-01 5.965474651E-01 7.741324108E-01 
9.355155274E+00 2.218562009E-01 -8.031774542E-01 -6.385763791E-01 -9.750793953E-01 5.957398556E-01 7.695584488E-01 
9.392278906E+00 2.260229337E-01 -8.037736629E-01 -6.440925233E-01 -9.741219812E-01 5.949352043E-01 7.649475927E-01 
9.429402538E+00 2.301968477E-01 -8.043663516E-01 -6.495718747E-01 -9.731440860E-01 5.941336306E-01 7.603001892E-01 
9.466526170E+00 2.343777871E-01 -8.049554491E-01 -6.550141766E-01 -9.721455928E-01 5.933352538E-01 7.556165870E-01 
9.503649803E+00 2.385655942E-01 -8.055408851E-01 -6.604191758E-01 -9.711263862E-01 5.925401935E-01 7.508971370E-01 
9.540773435E+00 2.427601088E-01 -8.061225894E-01 -6.657866232E-01 -9.700863519E-01 5.917485693E-01 7.461421919E-01 
9.577897067E+00 2.469611687E-01 -8.067004927E-01 -6.711162732E-01 -9.690253772E-01 5.909605008E-01 7.413521067E-01 
9.615020699E+00 2.511686095E-01 -8.072745261E-01 -6.764078842E-01 -9.679433507E-01 5.901761075E-01 7.365272380E-01 
9.652144331E+00 2.553822645E-01 -8.078446214E-01 -6.816612187E-01 -9.668401623E-01 5.893955090E-01 7.316679446E-01 
9.689267963E+00 2.596019650E-01 -8.084107110E-01 -6.868760426E-01 -9.657157036E-01 5.886188247E-01 7.267745871E-01 
9.726391595E+00 2.638275404E-01 -8.089727276E-01 -6.920521259E-01 -9.645698675E-01 5.878461741E-01 7.218475277E-01 
9.763515227E+00 2.680588177E-01 -8.095306050E-01 -6.971892427E-01 -9.634025485E-01 5.870776763E-01 7.168871307E-01 
9.800638859E+00 2.722956220E-01 -8.100842773E-01 -7.022871707E-01 -9.622136428E-01 5.863134504E-01 7.118937618E-01 
9.837762491E+00 2.765377764E-01 -8.106336793E-01 -7.073456918E-01 -9.610030481E-01 5.855536153E-01 7.068677886E-01 
9.874886123E+00 2.807851022E-01 -8.111787465E-01 -7.123645915E-01 -9.597706635E-01 5.847982897E-01 7.018095804E-01 
9.912009755E+00 2.850374184E-01 -8.117194150E-01 -7.173436595E-01 -9.585163902E-01 5.840475919E-01 6.967195078E-01 
9.949133387E+00 2.892945423E-01 -8.122556217E-01 -7.222826893E-01 -9.572401307E-01 5.833016402E-01 6.915979432E-01 
9.986257019E+00 2.935562892E-01 -8.127873039E-01 -7.271814786E-01 -9.559417896E-01 5.825605523E-01 6.864452605E-01 
1.002338065E+01 2.978224729E-01 -8.133143998E-01 -7.320398286E-01 -9.546212729E-01 5.818244457E-01 6.812618350E-01 
1.006050428E+01 3.020929048E-01 -8.138368482E-01 -7.368575449E-01 -9.532784885E-01 5.810934374E-01 6.760480434E-01 
1.009762792E+01 3.063673950E-01 -8.143545886E-01 -7.416344369E-01 -9.519133464E-01 5.803676442E-01 6.708042639E-01 
1.013475155E+01 3.106457515E-01 -8.148675613E-01 -7.463703182E-01 -9.505257581E-01 5.796471823E-01 6.655308759E-01 
1.017187518E+01 3.149277809E-01 -8.153757072E-01 -7.510650058E-01 -9.491156371E-01 5.789321675E-01 6.602282602E-01 
1.020899881E+01 3.192132879E-01 -8.158789680E-01 -7.557183214E-01 -9.476828987E-01 5.782227150E-01 6.548967989E-01 
1.024612244E+01 3.235020757E-01 -8.163772859E-01 -7.603300903E-01 -9.462274603E-01 5.775189395E-01 6.495368753E-01 
1.028324608E+01 3.277939455E-01 -8.168706043E-01 -7.649001419E-01 -9.447492412E-01 5.768209553E-01 6.441488737E-01 
1.032036971E+01 3.320886976E-01 -8.173588667E-01 -7.694283096E-01 -9.432481627E-01 5.761288758E-01 6.387331799E-01 
1.035749334E+01 3.363861302E-01 -8.178420180E-01 -7.739144308E-01 -9.417241479E-01 5.754428139E-01 6.332901804E-01 
1.039461697E+01 3.406860401E-01 -8.183200034E-01 -7.783583469E-01 -9.401771224E-01 5.747628820E-01 6.278202629E-01 
1.043174060E+01 3.449882228E-01 -8.187927691E-01 -7.827599034E-01 -9.386070133E-01 5.740891916E-01 6.223238163E-01 
1.046886424E+01 3.492924723E-01 -8.192602618E-01 -7.871189497E-01 -9.370137502E-01 5.734218534E-01 6.168012303E-01 
1.050598787E+01 3.535985811E-01 -8.197224293E-01 -7.914353394E-01 -9.353972646E-01 5.727609776E-01 6.112528956E-01 
1.054311150E+01 3.579063406E-01 -8.201792200E-01 -7.957089298E-01 -9.337574901E-01 5.721066733E-01 6.056792037E-01 
1.058023513E+01 3.622155407E-01 -8.206305831E-01 -7.999395827E-01 -9.320943628E-01 5.714590491E-01 6.000805470E-01 
1.061735876E+01 3.665259700E-01 -8.210764684E-01 -8.041271634E-01 -9.304078204E-01 5.708182125E-01 5.944573189E-01 
1.065448240E+01 3.708374161E-01 -8.215168269E-01 -8.082715415E-01 -9.286978032E-01 5.701842700E-01 5.888099133E-01 
1.069160603E+01 3.751496651E-01 -8.219516101E-01 -8.123725908E-01 -9.269642537E-01 5.695573276E-01 5.831387251E-01 
1.072872966E+01 3.794625022E-01 -8.223807703E-01 -8.164301887E-01 -9.252071164E-01 5.689374899E-01 5.774441496E-01 
1.076585329E+01 3.837757115E-01 -8.228042607E-01 -8.204442169E-01 -9.234263382E-01 5.683248608E-01 5.717265832E-01 
1.080297692E+01 3.880890759E-01 -8.232220353E-01 -8.244145611E-01 -9.216218682E-01 5.677195430E-01 5.659864225E-01 
1.084010056E+01 3.924023772E-01 -8.236340488E-01 -8.283411110E-01 -9.197936578E-01 5.671216382E-01 5.602240649E-01 
1.087722419E+01 3.967153966E-01 -8.240402569E-01 -8.322237603E-01 -9.179416608E-01 5.665312470E-01 5.544399083E-01 
1.091434782E+01 4.010279141E-01 -8.244406160E-01 -8.360624066E-01 -9.160658332E-01 5.659484691E-01 5.486343512E-01 
1.095147145E+01 4.053397087E-01 -8.248350832E-01 -8.398569518E-01 -9.141661331E-01 5.653734027E-01 5.428077925E-01 
1.098859508E+01 4.096505589E-01 -8.252236167E-01 -8.436073015E-01 -9.122425215E-01 5.648061450E-01 5.369606316E-01 
1.102571872E+01 4.139602420E-01 -8.256061753E-01 -8.473133656E-01 -9.102949612E-01 5.642467920E-01 5.310932682E-01 
1.106284235E+01 4.182685350E-01 -8.259827188E-01 -8.509750578E-01 -9.083234176E-01 5.636954385E-01 5.252061026E-01 
1.109996598E+01 4.225752137E-01 -8.263532076E-01 -8.545922958E-01 -9.063278584E-01 5.631521779E-01 5.192995350E-01 
1.113708961E+01 4.268800536E-01 -8.267176031E-01 -8.581650015E-01 -9.043082538E-01 5.626171023E-01 5.133739664E-01 
1.117421324E+01 4.311828294E-01 -8.270758676E-01 -8.616931005E-01 -9.022645764E-01 5.620903027E-01 5.074297978E-01 
1.121133688E+01 4.354833153E-01 -8.274279640E-01 -8.651765227E-01 -9.001968008E-01 5.615718686E-01 5.014674304E-01 
1.124846051E+01 4.397812848E-01 -8.277738563E-01 -8.686152018E-01 -8.981049045E-01 5.610618880E-01 4.954872657E-01 
1.128558414E+01 4.440765113E-01 -8.281135091E-01 -8.720090755E-01 -8.959888672E-01 5.605604476E-01 4.894897052E-01 
1.132270777E+01 4.483687672E-01 -8.284468880E-01 -8.753580855E-01 -8.938486710E-01 5.600676328E-01 4.834751508E-01 
1.135983140E+01 4.526578249E-01 -8.287739593E-01 -8.786621775E-01 -8.916843003E-01 5.595835272E-01 4.774440041E-01 
1.139695504E+01 4.569434565E-01 -8.290946903E-01 -8.819213012E-01 -8.894957422E-01 5.591082132E-01 4.713966672E-01 
1.143407867E+01 4.612254334E-01 -8.294090491E-01 -8.851354101E-01 -8.872829861E-01 5.586417715E-01 4.653335418E-01 
1.147120230E+01 4.655035270E-01 -8.297170045E-01 -8.883044619E-01 -8.850460237E-01 5.581842815E-01 4.592550297E-01 
1.150832593E+01 4.697775085E-01 -8.300185263E-01 -8.914284180E-01 -8.827848493E-01 5.577358206E-01 4.531615329E-01 
1.154544956E+01 4.740471489E-01 -8.303135851E-01 -8.945072440E-01 -8.804994596E-01 5.572964652E-01 4.470534529E-01 
1.158257320E+01 4.783122189E-01 -8.306021524E-01 -8.975409092E-01 -8.781898535E-01 5.568662894E-01 4.409311915E-01 
1.161969683E+01 4.825724893E-01 -8.308842003E-01 -9.005293871E-01 -8.758560328E-01 5.564453662E-01 4.347951498E-01 
1.165682046E+01 4.868277309E-01 -8.311597020E-01 -9.034726549E-01 -8.734980011E-01 5.560337666E-01 4.286457294E-01 
1.169394409E+01 4.910777143E-01 -8.314286315E-01 -9.063706937E-01 -8.711157650E-01 5.556315602E-01 4.224833310E-01 
1.173106772E+01 4.953222102E-01 -8.316909635E-01 -9.092234888E-01 -8.687093331E-01 5.552388146E-01 4.163083554E-01 
1.176819136E+01 4.995609896E-01 -8.319466737E-01 -9.120310292E-01 -8.662787168E-01 5.548555958E-01 4.101212031E-01 
1.180531499E+01 5.037938233E-01 -8.321957385E-01 -9.147933077E-01 -8.638239294E-01 5.544819681E-01 4.039222742E-01 
1.184243862E+01 5.080204826E-01 -8.324381352E-01 -9.175103213E-01 -8.613449869E-01 5.541179939E-01 3.977119683E-01 
1.187956225E+01 5.122407389E-01 -8.326738420E-01 -9.201820706E-01 -8.588419078E-01 5.537637339E-01 3.914906849E-01 
1.191668589E+01 5.164543637E-01 -8.329028379E-01 -9.228085602E-01 -8.563147129E-01 5.534192469E-01 3.852588228E-01 
1.195380952E+01 5.206611290E-01 -8.331251027E-01 -9.253897987E-01 -8.537634251E-01 5.530845899E-01 3.790167805E-01 
1.199093315E+01 5.248608071E-01 -8.333406169E-01 -9.279257983E-01 -8.511880699E-01 5.527598182E-01 3.727649558E-01 
1.202805678E+01 5.290531708E-01 -8.335493621E-01 -9.304165752E-01 -8.485886751E-01 5.524449850E-01 3.665037462E-01 
1.206518041E+01 5.332379931E-01 -8.337513205E-01 -9.328621495E-01 -8.459652710E-01 5.521401416E-01 3.602335484E-01 
1.210230405E+01 5.374150477E-01 -8.339464753E-01 -9.352625450E-01 -8.433178900E-01 5.518453377E-01 3.539547587E-01 
1.213942768E+01 5.415841087E-01 -8.341348105E-01 -9.376177895E-01 -8.406465668E-01 5.515606208E-01 3.476677726E-01 
1.217655131E+01 5.457449507E-01 -8.343163108E-01 -9.399279145E-01 -8.379513385E-01 5.512860366E-01 3.413729849E-01 
1.221367494E+01 5.498973492E-01 -8.344909618E-01 -9.421929553E-01 -8.352322446E-01 5.510216288E-01 3.350707899E-01 
1.225079857E+01 5.540410800E-01 -8.346587499E-01 -9.444129511E-01 -8.324893265E-01 5.507674391E-01 3.287615810E-01 
1.228792221E+01 5.581759196E-01 -8.348196623E-01 -9.465879447E-01 -8.297226282E-01 5.505235074E-01 3.224457507E-01 
1.232504584E+01 5.623016456E-01 -8.349736872E-01 -9.487179830E-01 -8.269321957E-01 5.502898714E-01 3.161236910E-01 
1.236216947E+01 5.664180359E-01 -8.351208133E-01 -9.508031164E-01 -8.241180774E-01 5.500665669E-01 3.097957927E-01 
1.239929310E+01 5.705248695E-01 -8.352610304E-01 -9.528433991E-01 -8.212803238E-01 5.498536278E-01 3.034624459E-01 
1.243641673E+01 5.746219260E-01 -8.353943288E-01 -9.548388891E-01 -8.184189874E-01 5.496510860E-01 2.971240398E-01 
1.247354037E+01 5.787089862E-01 -8.355207000E-01 -9.567896482E-01 -8.155341232E-01 5.494589711E-01 2.907809626E-01 
1.251066400E+01 5.827858315E-01 -8.356401359E-01 -9.586957419E-01 -8.126257881E-01 5.492773109E-01 2.844336015E-01 
1.254778763E+01 5.868522443E-01 -8.357526296E-01 -9.605572393E-01 -8.096940411E-01 5.491061311E-01 2.780823426E-01 
1.258491126E+01 5.909080082E-01 -8.358581746E-01 -9.623742132E-01 -8.067389433E-01 5.489454555E-01 2.717275710E-01 
1.262203489E+01 5.949529076E-01 -8.359567655E-01 -9.641467403E-01 -8.037605579E-01 5.487953057E-01 2.653696708E-01 
1.265915853E+01 5.989867280E-01 -8.360483975E-01 -9.658749009E-01 -8.007589503E-01 5.486557011E-01 2.590090248E-01 
1.269628216E+01 6.030092561E-01 -8.361330667E-01 -9.675587788E-01 -7.977341875E-01 5.485266593E-01 2.526460146E-01 
1.273340579E+01 6.070202794E-01 -8.362107700E-01 -9.691984615E-01 -7.946863388E-01 5.484081960E-01 2.462810208E-01 
1.277052942E+01 6.110195871E-01 -8.362815051E-01 -9.707940403E-01 -7.916154754E-01 5.483003243E-01 2.399144226E-01 
1.280765305E+01 6.150069691E-01 -8.363452703E-01 -9.723456101E-01 -7.885216704E-01 5.482030557E-01 2.335465980E-01 
1.284477669E+01 6.189822168E-01 -8.364020648E-01 -9.738532693E-01 -7.854049988E-01 5.481163994E-01 2.271779235E-01 
1.288190032E+01 6.229451225E-01 -8.364518888E-01 -9.753171197E-01 -7.822655374E-01 5.480403628E-01 2.208087744E-01 
1.291902395E+01 6.268954803E-01 -8.364947428E-01 -9.767372672E-01 -7.791033650E-01 5.479749508E-01 2.144395247E-01 
1.295614758E+01 6.308330853E-01 -8.365306286E-01 -9.781138208E-01 -7.759185622E-01 5.479201666E-01 2.080705467E-01 
1.299327121E+01 6.347577339E-01 -8.365595483E-01 -9.794468932E-01 -7.727112113E-01 5.478760112E-01 2.017022115E-01 
1.303039485E+01 6.386692239E-01 -8.365815051E-01 -9.807366008E-01 -7.694813962E-01 5.478424837E-01 1.953348885E-01 
1.306751848E+01 6.425673546E-01 -8.365965028E-01 -9.819830631E-01 -7.662292029E-01 5.478195809E-01 1.889689458E-01 
1.310464211E+01 6.464519267E-01 -8.366045460E-01 -9.831864035E-01 -7.629547189E-01 5.478072976E-01 1.826047495E-01 
1.314176574E+01 6.503227423E-01 -8.366056400E-01 -9.843467488E-01 -7.596580333E-01 5.478056268E-01 1.762426646E-01 
1.317888937E+01 6.541796049E-01 -8.365997911E-01 -9.854642289E-01 -7.563392368E-01 5.478145592E-01 1.698830541E-01 
1.321601301E+01 6.580223197E-01 -8.365870059E-01 -9.865389777E-01 -7.529984219E-01 5.478340837E-01 1.635262794E-01 
1.325313664E+01 6.618506932E-01 -8.365672923E-01 -9.875711320E-01 -7.496356825E-01 5.478641868E-01 1.571727002E-01 
1.329026027E+01 6.656645337E-01 -8.365406585E-01 -9.885608324E-01 -7.462511142E-01 5.479048534E-01 1.508226744E-01 
1.332738390E+01 6.694636507E-01 -8.365071137E-01 -9.895082226E-01 -7.428448136E-01 5.479560662E-01 1.444765582E-01 
1.336450753E+01 6.732478556E-01 -8.364666677E-01 -9.904134497E-01 -7.394168794E-01 5.480178059E-01 1.381347057E-01 
1.340163117E+01 6.770169614E-01 -8.364193311E-01 -9.912766644E-01 -7.359674114E-01 5.480900513E-01 1.317974695E-01 
1.343875480E+01 6.807707826E-01 -8.363651152E-01 -9.920980203E-01 -7.324965108E-01 5.481727791E-01 1.254652000E-01 
1.347587843E+01 6.845091353E-01 -8.363040322E-01 -9.928776746E-01 -7.290042801E-01 5.482659642E-01 1.191382458E-01 
1.351300206E+01 6.882318374E-01 -8.362360947E-01 -9.936157875E-01 -7.254908233E-01 5.483695795E-01 1.128169533E-01 
1.355012570E+01 6.919387086E-01 -8.361613164E-01 -9.943125228E-01 -7.219562454E-01 5.484835957E-01 1.065016672E-01 
1.358724933E+01 6.956295700E-01 -8.360797115E-01 -9.949680473E-01 -7.184006530E-01 5.486079819E-01 1.001927299E-01 
1.362437296E+01 6.993042445E-01 -8.359912949E-01 -9.955825308E-01 -7.148241535E-01 5.487427054E-01 9.389048169E-02 
1.366149659E+01 7.029625569E-01 -8.358960823E-01 -9.961561465E-01 -7.112268558E-01 5.488877313E-01 8.759526087E-02 
1.369862022E+01 7.066043336E-01 -8.357940901E-01 -9.966890709E-01 -7.076088697E-01 5.490430227E-01 8.130740346E-02 
1.373574386E+01 7.102294029E-01 -8.356853354E-01 -9.971814834E-01 -7.039703063E-01 5.492085414E-01 7.502724329E-02 
1.377286749E+01 7.138375946E-01 -8.355698362E-01 -9.976335663E-01 -7.003112775E-01 5.493842469E-01 6.875511197E-02 
1.380999112E+01 7.174287404E-01 -8.354476108E-01 -9.980455052E-01 -6.966318965E-01 5.495700970E-01 6.249133877E-02 
1.384711475E+01 7.210026741E-01 -8.353186785E-01 -9.984174888E-01 -6.929322772E-01 5.497660477E-01 5.623625067E-02 
1.388423838E+01 7.245592309E-01 -8.351830593E-01 -9.987497087E-01 -6.892125346E-01 5.499720531E-01 4.999017229E-02 
1.392136202E+01 7.280982479E-01 -8.350407738E-01 -9.990423592E-01 -6.854727846E-01 5.501880660E-01 4.375342586E-02 
1.395848565E+01 7.316195641E-01 -8.348918432E-01 -9.992956380E-01 -6.817131438E-01 5.504140368E-01 3.752633115E-02 
1.399560928E+01 7.351230203E-01 -8.347362897E-01 -9.995097455E-01 -6.779337298E-01 5.506499146E-01 3.130920549E-02 
1.403273291E+01 7.386084592E-01 -8.345741359E-01 -9.996848849E-01 -6.741346610E-01 5.508956465E-01 2.510236368E-02 
1.406985654E+01 7.420757251E-01 -8.344054052E-01 -9.998212622E-01 -6.703160563E-01 5.511511784E-01 1.890611803E-02 
1.410698018E+01 7.455246644E-01 -8.342301217E-01 -9.999190864E-01 -6.664780355E-01 5.514164541E-01 1.272077823E-02 
1.414410381E+01 7.489551253E-01 -8.340483100E-01 -9.999785692E-01 -6.626207191E-01 5.516914158E-01 6.546651350E-03 
1.418122744E+01 7.523669578E-01 -8.338599957E-01 -9.999999251E-01 -6.587442281E-01 5.519760042E-01 3.840418431E-04 
1.421835107E+01 7.557600136E-01 -8.336652048E-01 -9.999833709E-01 -6.548486841E-01 5.522701584E-01 -5.766748480E-03 
1.425547470E+01 7.591341465E-01 -8.334639641E-01 -9.999291267E-01 -6.509342093E-01 5.525738161E-01 -1.190542059E-02 
1.429259834E+01 7.624892120E-01 -8.332563009E-01 -9.998374148E-01 -6.470009264E-01 5.528869130E-01 -1.803167818E-02 
1.432972197E+01 7.658250677E-01 -8.330422434E-01 -9.997084602E-01 -6.430489585E-01 5.532093837E-01 -2.414522774E-02 
1.436684560E+01 7.691415725E-01 -8.328218203E-01 -9.995424905E-01 -6.390784293E-01 5.535411612E-01 -3.024577848E-02 
1.440396923E+01 7.724385876E-01 -8.325950609E-01 -9.993397357E-01 -6.350894627E-01 5.538821770E-01 -3.633304256E-02 
1.444109286E+01 7.757159761E-01 -8.323619954E-01 -9.991004284E-01 -6.310821830E-01 5.542323611E-01 -4.240673501E-02 
1.447821650E+01 7.789736027E-01 -8.321226543E-01 -9.988248038E-01 -6.270567150E-01 5.545916422E-01 -4.846657374E-02 
1.451534013E+01 7.822113338E-01 -8.318770691E-01 -9.985130989E-01 -6.230131834E-01 5.549599475E-01 -5.451227953E-02 
1.455246376E+01 7.854290379E-01 -8.316252715E-01 -9.981655537E-01 -6.189517136E-01 5.553372031E-01 -6.054357625E-02 
1.458958739E+01 7.886265854E-01 -8.313672944E-01 -9.977824102E-01 -6.148724308E-01 5.557233333E-01 -6.656019074E-02 
1.462671102E+01 7.918038484E-01 -8.311031708E-01 -9.973639129E-01 -6.107754606E-01 5.561182615E-01 -7.256185287E-02 
1.466383466E+01 7.949607004E-01 -8.308329346E-01 -9.969103081E-01 -6.066609287E-01 5.565219098E-01 -7.854829546E-02 
1.470095829E+01 7.980970172E-01 -8.305566203E-01 -9.964218448E-01 -6.025289608E-01 5.569341988E-01 -8.451925457E-02 
1.473808192E+01 8.012126764E-01 -8.302742629E-01 -9.958987737E-01 -5.983796828E-01 5.573550480E-01 -9.047446934E-02 
1.477520555E+01 8.043075571E-01 -8.299858982E-01 -9.953413481E-01 -5.942132204E-01 5.577843759E-01 -9.641368205E-02 
1.481232918E+01 8.073815402E-01 -8.296915624E-01 -9.947498227E-01 -5.900296995E-01 5.582220995E-01 -1.023366380E-01 
1.484945282E+01 8.104345084E-01 -8.293912924E-01 -9.941244547E-01 -5.858292459E-01 5.586681350E-01 -1.082430860E-01 
1.488657645E+01 8.134663462E-01 -8.290851258E-01 -9.934655032E-01 -5.816119852E-01 5.591223973E-01 -1.141327778E-01 
1.492370008E+01 8.164769398E-01 -8.287731007E-01 -9.927732292E-01 -5.773780431E-01 5.595848002E-01 -1.200054686E-01 
1.496082371E+01 8.194661769E-01 -8.284552556E-01 -9.920478954E-01 -5.731275449E-01 5.600552565E-01 -1.258609166E-01 
1.499794734E+01 8.224339472E-01 -8.281316300E-01 -9.912897665E-01 -5.688606159E-01 5.605336781E-01 -1.316988836E-01 
1.503507098E+01 8.253801420E-01 -8.278022635E-01 -9.904991089E-01 -5.645773810E-01 5.610199758E-01 -1.375191345E-01 
1.507219461E+01 8.283046540E-01 -8.274671968E-01 -9.896761908E-01 -5.602779650E-01 5.615140595E-01 -1.433214379E-01 
1.510931824E+01 8.312073778E-01 -8.271264707E-01 -9.888212819E-01 -5.559624925E-01 5.620158380E-01 -1.491055652E-01 
1.514644187E+01 8.340882095E-01 -8.267801268E-01 -9.879346538E-01 -5.516310876E-01 5.625252195E-01 -1.548712916E-01 
1.518356550E+01 8.369470470E-01 -8.264282072E-01 -9.870165794E-01 -5.472838739E-01 5.630421112E-01 -1.606183956E-01 
1.522068914E+01 8.397837895E-01 -8.260707546E-01 -9.860673335E-01 -5.429209751E-01 5.635664193E-01 -1.663466592E-01 
1.525781277E+01 8.425983377E-01 -8.257078122E-01 -9.850871919E-01 -5.385425141E-01 5.640980494E-01 -1.720558675E-01 
1.529493640E+01 8.453905943E-01 -8.253394238E-01 -9.840764322E-01 -5.341486135E-01 5.646369064E-01 -1.777458095E-01 
1.533206003E+01 8.481604631E-01 -8.249656336E-01 -9.830353332E-01 -5.297393954E-01 5.651828941E-01 -1.834162776E-01 
1.536918367E+01 8.509078497E-01 -8.245864865E-01 -9.819641751E-01 -5.253149814E-01 5.657359160E-01 -1.890670675E-01 
1.540630730E+01 8.536326607E-01 -8.242020278E-01 -9.808632394E-01 -5.208754928E-01 5.662958747E-01 -1.946979783E-01 
1.544343093E+01 8.563348046E-01 -8.238123034E-01 -9.797328088E-01 -5.164210500E-01 5.668626721E-01 -2.003088131E-01 
1.548055456E+01 8.590141911E-01 -8.234173597E-01 -9.785731670E-01 -5.119517730E-01 5.674362096E-01 -2.058993782E-01 
1.551767819E+01 8.616707315E-01 -8.230172436E-01 -9.773845992E-01 -5.074677812E-01 5.680163879E-01 -2.114694836E-01 
1.555480183E+01 8.643043382E-01 -8.226120025E-01 -9.761673913E-01 -5.029691934E-01 5.686031072E-01 -2.170189425E-01 
1.559192546E+01 8.669149251E-01 -8.222016842E-01 -9.749218304E-01 -4.984561277E-01 5.691962673E-01 -2.225475722E-01 
1.562904909E+01 8.695024073E-01 -8.217863371E-01 -9.736482045E-01 -4.939287016E-01 5.697957671E-01 -2.280551932E-01 
1.566617272E+01 8.720667015E-01 -8.213660102E-01 -9.723468026E-01 -4.893870317E-01 5.704015054E-01 -2.335416300E-01 
1.570329635E+01 8.746077253E-01 -8.209407526E-01 -9.710179143E-01 -4.848312342E-01 5.710133805E-01 -2.390067101E-01 
1.574041999E+01 8.771253975E-01 -8.205106143E-01 -9.696618304E-01 -4.802614244E-01 5.716312900E-01 -2.444502651E-01 
1.577754362E+01 8.796196386E-01 -8.200756455E-01 -9.682788421E-01 -4.756777167E-01 5.722551315E-01 -2.498721302E-01 
1.581466725E+01 8.820903698E-01 -8.196358970E-01 -9.668692415E-01 -4.710802250E-01 5.728848019E-01 -2.552721440E-01 
1.585179088E+01 8.845375136E-01 -8.191914198E-01 -9.654333211E-01 -4.664690622E-01 5.735201980E-01 -2.606501487E-01 
1.588891451E+01 8.869609936E-01 -8.187422657E-01 -9.639713744E-01 -4.618443405E-01 5.741612162E-01 -2.660059904E-01 
1.592603815E+01 8.893607345E-01 -8.182884866E-01 -9.624836951E-01 -4.572061712E-01 5.748077526E-01 -2.713395186E-01 
1.596316178E+01 8.917366621E-01 -8.178301351E-01 -9.609705773E-01 -4.525546647E-01 5.754597030E-01 -2.766505868E-01 
1.600028541E+01 8.940887031E-01 -8.173672641E-01 -9.594323160E-01 -4.478899308E-01 5.761169632E-01 -2.819390516E-01 
1.603740904E+01 8.964167853E-01 -8.168999268E-01 -9.578692060E-01 -4.432120782E-01 5.767794286E-01 -2.872047736E-01 
1.607453267E+01 8.987208374E-01 -8.164281770E-01 -9.562815428E-01 -4.385212145E-01 5.774469944E-01 -2.924476170E-01 
1.611165631E+01 9.010007892E-01 -8.159520688E-01 -9.546696221E-01 -4.338174469E-01 5.781195559E-01 -2.976674496E-01 
1.614877994E+01 9.032565710E-01 -8.154716568E-01 -9.530337397E-01 -4.291008813E-01 5.787970079E-01 -3.028641428E-01 
1.618590357E+01 9.054881143E-01 -8.149869959E-01 -9.513741916E-01 -4.243716228E-01 5.794792456E-01 -3.080375717E-01 
1.622302720E+01 9.076953513E-01 -8.144981412E-01 -9.496912739E-01 -4.196297756E-01 5.801661636E-01 -3.131876151E-01 
1.626015083E+01 9.098782152E-01 -8.140051485E-01 -9.479852829E-01 -4.148754428E-01 5.808576569E-01 -3.183141553E-01 
1.629727447E+01 9.120366395E-01 -8.135080739E-01 -9.462565147E-01 -4.101087267E-01 5.815536202E-01 -3.234170782E-01 
1.633439810E+01 9.141705588E-01 -8.130069735E-01 -9.445052655E-01 -4.053297286E-01 5.822539483E-01 -3.284962734E-01 
1.637152173E+01 9.162799084E-01 -8.125019042E-01 -9.427318312E-01 -4.005385488E-01 5.829585362E-01 -3.335516341E-01 
1.640864536E+01 9.183646241E-01 -8.119929231E-01 -9.409365078E-01 -3.957352864E-01 5.836672786E-01 -3.385830572E-01 
1.644576899E+01 9.204246422E-01 -8.114800875E-01 -9.391195909E-01 -3.909200400E-01 5.843800706E-01 -3.435904429E-01 
1.648289263E+01 9.224598999E-01 -8.109634551E-01 -9.372813758E-01 -3.860929069E-01 5.850968072E-01 -3.485736952E-01 
1.652001626E+01 9.244703348E-01 -8.104430839E-01 -9.354221578E-01 -3.812539833E-01 5.858173836E-01 -3.535327216E-01 
1.655713989E+01 9.264558850E-01 -8.099190323E-01 -9.335422314E-01 -3.764033646E-01 5.865416952E-01 -3.584674334E-01 
1.659426352E+01 9.284164891E-01 -8.093913590E-01 -9.316418910E-01 -3.715411453E-01 5.872696375E-01 -3.633777451E-01 
1.663138715E+01 9.303520861E-01 -8.088601228E-01 -9.297214304E-01 -3.666674186E-01 5.880011062E-01 -3.682635748E-01 
1.666851079E+01 9.322626155E-01 -8.083253830E-01 -9.277811431E-01 -3.617822768E-01 5.887359971E-01 -3.731248442E-01 
1.670563442E+01 9.341480170E-01 -8.077871990E-01 -9.258213216E-01 -3.568858113E-01 5.894742066E-01 -3.779614786E-01 
1.674275805E+01 9.360082309E-01 -8.072456307E-01 -9.238422582E-01 -3.519781126E-01 5.902156308E-01 -3.827734066E-01 
1.677988168E+01 9.378431976E-01 -8.067007380E-01 -9.218442444E-01 -3.470592699E-01 5.909601665E-01 -3.875605604E-01 
1.681700531E+01 9.396528578E-01 -8.061525812E-01 -9.198275710E-01 -3.421293717E-01 5.917077106E-01 -3.923228755E-01 
1.685412895E+01 9.414371526E-01 -8.056012209E-01 -9.177925279E-01 -3.371885051E-01 5.924581605E-01 -3.970602911E-01 
1.689125258E+01 9.431960229E-01 -8.050467178E-01 -9.157394045E-01 -3.322367569E-01 5.932114136E-01 -4.017727496E-01 
1.692837621E+01 9.449294102E-01 -8.044891328E-01 -9.136684890E-01 -3.272742123E-01 5.939673679E-01 -4.064601967E-01 
1.696549984E+01 9.466372559E-01 -8.039285273E-01 -9.115800689E-01 -3.223009559E-01 5.947259217E-01 -4.111225819E-01 
1.700262347E+01 9.483195015E-01 -8.033649626E-01 -9.094744307E-01 -3.173170711E-01 5.954869737E-01 -4.157598576E-01 
1.703974711E+01 9.499760885E-01 -8.027985003E-01 -9.073518601E-01 -3.123226404E-01 5.962504229E-01 -4.203719799E-01 
1.707687074E+01 9.516069586E-01 -8.022292023E-01 -9.052126414E-01 -3.073177457E-01 5.970161688E-01 -4.249589079E-01 
1.711399437E+01 9.532120534E-01 -8.016571306E-01 -9.030570581E-01 -3.023024675E-01 5.977841113E-01 -4.295206041E-01 
1.715111800E+01 9.547913143E-01 -8.010823474E-01 -9.008853925E-01 -2.972768856E-01 5.985541509E-01 -4.340570345E-01 
1.718824164E+01 9.563446829E-01 -8.005049151E-01 -8.986979258E-01 -2.922410789E-01 5.993261882E-01 -4.385681680E-01 
1.722536527E+01 9.578721003E-01 -7.999248961E-01 -8.964949378E-01 -2.871951255E-01 6.001001245E-01 -4.430539768E-01 
1.726248890E+01 9.593735079E-01 -7.993423533E-01 -8.942767072E-01 -2.821391025E-01 6.008758616E-01 -4.475144365E-01 
1.729961253E+01 9.608488465E-01 -7.987573493E-01 -8.920435114E-01 -2.770730860E-01 6.016533019E-01 -4.519495256E-01 
1.733673616E+01 9.622980569E-01 -7.981699474E-01 -8.897956264E-01 -2.719971516E-01 6.024323481E-01 -4.563592260E-01 
1.737385980E+01 9.637210797E-01 -7.975802104E-01 -8.875333271E-01 -2.669113739E-01 6.032129034E-01 -4.607435224E-01 
1.741098343E+01 9.651178549E-01 -7.969882018E-01 -8.852568865E-01 -2.618158267E-01 6.039948717E-01 -4.651024029E-01 
1.744810706E+01 9.664883226E-01 -7.963939848E-01 -8.829665764E-01 -2.567105829E-01 6.047781575E-01 -4.694358584E-01 
1.748523069E+01 9.678324221E-01 -7.957976230E-01 -8.806626673E-01 -2.515957148E-01 6.055626657E-01 -4.737438830E-01 
1.752235432E+01 9.691500927E-01 -7.951991799E-01 -8.783454280E-01 -2.464712942E-01 6.063483018E-01 -4.780264736E-01 
1.755947796E+01 9.704412732E-01 -7.945987193E-01 -8.760151256E-01 -2.413373915E-01 6.071349720E-01 -4.822836303E-01 
1.759660159E+01 9.717059016E-01 -7.939963048E-01 -8.736720258E-01 -2.361940770E-01 6.079225829E-01 -4.865153562E-01 
1.763372522E+01 9.729439159E-01 -7.933920005E-01 -8.713163926E-01 -2.310414200E-01 6.087110419E-01 -4.907216568E-01 
1.767084885E+01 9.741552533E-01 -7.927858701E-01 -8.689484884E-01 -2.258794895E-01 6.095002568E-01 -4.949025411E-01 
1.770797248E+01 9.753398506E-01 -7.921779777E-01 -8.665685737E-01 -2.207083534E-01 6.102901363E-01 -4.990580205E-01 
1.774509612E+01 9.764976438E-01 -7.915683875E-01 -8.641769074E-01 -2.155280793E-01 6.110805895E-01 -5.031881094E-01 
1.778221975E+01 9.776285687E-01 -7.909571633E-01 -8.617737467E-01 -2.103387342E-01 6.118715262E-01 -5.072928250E-01 
1.781934338E+01 9.787325601E-01 -7.903443696E-01 -8.593593469E-01 -2.051403846E-01 6.126628570E-01 -5.113721872E-01 
1.785646701E+01 9.798095522E-01 -7.897300704E-01 -8.569339614E-01 -1.999330963E-01 6.134544928E-01 -5.154262185E-01 
1.789359064E+01 9.808594787E-01 -7.891143300E-01 -8.544978419E-01 -1.947169348E-01 6.142463456E-01 -5.194549443E-01 
1.793071428E+01 9.818822724E-01 -7.884972127E-01 -8.520512381E-01 -1.894919650E-01 6.150383277E-01 -5.234583925E-01 
1.796783791E+01 9.828778654E-01 -7.878787827E-01 -8.495943978E-01 -1.842582517E-01 6.158303522E-01 -5.274365936E-01 
1.800496154E+01 9.838461892E-01 -7.872591044E-01 -8.471275669E-01 -1.790158587E-01 6.166223329E-01 -5.313895808E-01 
1.804208517E+01 9.847871743E-01 -7.866382420E-01 -8.446509892E-01 -1.737648500E-01 6.174141845E-01 -5.353173897E-01 
1.807920880E+01 9.857007504E-01 -7.860162599E-01 -8.421649065E-01 -1.685052890E-01 6.182058219E-01 -5.392200584E-01 
1.811633244E+01 9.865868465E-01 -7.853932223E-01 -8.396695589E-01 -1.632372391E-01 6.189971610E-01 -5.430976277E-01 
1.815345607E+01 9.874453906E-01 -7.847691936E-01 -8.371651839E-01 -1.579607629E-01 6.197881184E-01 -5.469501406E-01 
1.819057970E+01 9.882763098E-01 -7.841442380E-01 -8.346520172E-01 -1.526759233E-01 6.205786114E-01 -5.507776426E-01 
1.822770333E+01 9.890795303E-01 -7.835184198E-01 -8.321302925E-01 -1.473827828E-01 6.213685580E-01 -5.545801815E-01 
1.826482696E+01 9.898549776E-01 -7.828918032E-01 -8.296002413E-01 -1.420814038E-01 6.221578767E-01 -5.583578075E-01 
1.830195060E+01 9.906025760E-01 -7.822644523E-01 -8.270620928E-01 -1.367718485E-01 6.229464870E-01 -5.621105730E-01 
1.833907423E+01 9.913222488E-01 -7.816364313E-01 -8.245160741E-01 -1.314541791E-01 6.237343090E-01 -5.658385329E-01 
1.837619786E+01 9.920139184E-01 -7.810078043E-01 -8.219624101E-01 -1.261284578E-01 6.245212636E-01 -5.695417439E-01 
1.841332149E+01 9.926775062E-01 -7.803786354E-01 -8.194013236E-01 -1.207947468E-01 6.253072721E-01 -5.732202654E-01 
1.845044512E+01 9.933129326E-01 -7.797489884E-01 -8.168330351E-01 -1.154531084E-01 6.260922569E-01 -5.768741584E-01 
1.848756876E+01 9.939201168E-01 -7.791189274E-01 -8.142577626E-01 -1.101036047E-01 6.268761409E-01 -5.805034865E-01 
1.852469239E+01 9.944989770E-01 -7.784885161E-01 -8.116757223E-01 -1.047462983E-01 6.276588479E-01 -5.841083150E-01 
1.856181602E+01 9.950494305E-01 -7.778578184E-01 -8.090871277E-01 -9.938125189E-02 6.284403022E-01 -5.876887116E-01 
1.859893965E+01 9.955713933E-01 -7.772268979E-01 -8.064921902E-01 -9.400852822E-02 6.292204290E-01 -5.912447456E-01 
1.863606328E+01 9.960647802E-01 -7.765958182E-01 -8.038911187E-01 -8.862819038E-02 6.299991542E-01 -5.947764885E-01 
1.867318692E+01 9.965295052E-01 -7.759646429E-01 -8.012841199E-01 -8.324030180E-02 6.307764043E-01 -5.982840137E-01 
1.871031055E+01 9.969654809E-01 -7.753334353E-01 -7.986713983E-01 -7.784492635E-02 6.315521065E-01 -6.017673966E-01 
1.874743418E+01 9.973726188E-01 -7.747022589E-01 -7.960531556E-01 -7.244212812E-02 6.323261890E-01 -6.052267141E-01 
1.878455781E+01 9.977508294E-01 -7.740711767E-01 -7.934295915E-01 -6.703197170E-02 6.330985805E-01 -6.086620454E-01 
1.882168144E+01 9.981000217E-01 -7.734402519E-01 -7.908009030E-01 -6.161452220E-02 6.338692104E-01 -6.120734710E-01 
1.885880508E+01 9.984201040E-01 -7.728095476E-01 -7.881672850E-01 -5.618984536E-02 6.346380089E-01 -6.154610735E-01 
1.889592871E+01 9.987109830E-01 -7.721791266E-01 -7.855289298E-01 -5.075800732E-02 6.354049070E-01 -6.188249371E-01 
1.893305234E+01 9.989725644E-01 -7.715490516E-01 -7.828860271E-01 -4.531907494E-02 6.361698361E-01 -6.221651475E-01 
1.897017597E+01 9.992047526E-01 -7.709193852E-01 -7.802387645E-01 -3.987311574E-02 6.369327286E-01 -6.254817923E-01 
1.900729961E+01 9.994074509E-01 -7.702901901E-01 -7.775873271E-01 -3.442019810E-02 6.376935176E-01 -6.287749606E-01 
1.904442324E+01 9.995805615E-01 -7.696615285E-01 -7.749318972E-01 -2.896039100E-02 6.384521367E-01 -6.320447429E-01 
1.908154687E+01 9.997239850E-01 -7.690334627E-01 -7.722726549E-01 -2.349376431E-02 6.392085204E-01 -6.352912315E-01 
1.911867050E+01 9.998376212E-01 -7.684060548E-01 -7.696097778E-01 -1.802038878E-02 6.399626039E-01 -6.385145200E-01 
1.915579413E+01 9.999213685E-01 -7.677793667E-01 -7.669434411E-01 -1.254033620E-02 6.407143228E-01 -6.417147034E-01 
1.919291777E+01 9.999751242E-01 -7.671534602E-01 -7.642738172E-01 -7.053679175E-03 6.414636139E-01 -6.448918784E-01 
1.923004140E+01 9.999987841E-01 -7.665283970E-01 -7.616010762E-01 -1.560491405E-03 6.422104142E-01 -6.480461427E-01 
1.926716503E+01 9.999922431E-01 -7.659042385E-01 -7.589253858E-01 3.939152330E-03 6.429546617E-01 -6.511775957E-01 
1.930428866E+01 9.999553950E-01 -7.652810460E-01 -7.562469110E-01 9.445176021E-03 6.436962949E-01 -6.542863379E-01 
1.934141229E+01 9.998881321E-01 -7.646588808E-01 -7.535658144E-01 1.495750260E-02 6.444352531E-01 -6.573724712E-01 
1.937853593E+01 9.997903454E-01 -7.640378039E-01 -7.508822559E-01 2.047605373E-02 6.451714762E-01 -6.604360985E-01 
1.941565956E+01 9.996619251E-01 -7.634178760E-01 -7.481963931E-01 2.600074976E-02 6.459049049E-01 -6.634773243E-01 
1.945278319E+01 9.995027601E-01 -7.627991578E-01 -7.455083809E-01 3.153150965E-02 6.466354803E-01 -6.664962539E-01 
1.948990682E+01 9.993127381E-01 -7.621817099E-01 -7.428183719E-01 3.706825102E-02 6.473631444E-01 -6.694929939E-01 
1.952703045E+01 9.990917455E-01 -7.615655925E-01 -7.401265159E-01 4.261089005E-02 6.480878397E-01 -6.724676520E-01 
1.956415409E+01 9.988396676E-01 -7.609508657E-01 -7.374329602E-01 4.815934140E-02 6.488095095E-01 -6.754203370E-01 
1.960127772E+01 9.985563889E-01 -7.603375895E-01 -7.347378498E-01 5.371351811E-02 6.495280976E-01 -6.783511587E-01 
1.963840135E+01 9.982417924E-01 -7.597258236E-01 -7.320413270E-01 5.927333170E-02 6.502435486E-01 -6.812602279E-01 
1.967552498E+01 9.978957601E-01 -7.591156277E-01 -7.293435314E-01 6.483869198E-02 6.509558076E-01 -6.841476564E-01 
1.971264861E+01 9.975181729E-01 -7.585070610E-01 -7.266446004E-01 7.040950706E-02 6.516648203E-01 -6.870135568E-01 
1.974977225E+01 9.971089108E-01 -7.579001829E-01 -7.239446687E-01 7.598568325E-02 6.523705331E-01 -6.898580428E-01 
1.978689588E+01 9.966678526E-01 -7.572950522E-01 -7.212438684E-01 8.156712505E-02 6.530728931E-01 -6.926812289E-01 
1.982401951E+01 9.961948759E-01 -7.566917277E-01 -7.185423291E-01 8.715373511E-02 6.537718478E-01 -6.954832304E-01 
1.986114314E+01 9.956898575E-01 -7.560902680E-01 -7.158401780E-01 9.274541412E-02 6.544673455E-01 -6.982641634E-01 
1.989826677E+01 9.951526734E-01 -7.554907316E-01 -7.131375398E-01 9.834206079E-02 6.551593350E-01 -7.010241450E-01 
1.993539041E+01 9.945831983E-01 -7.548931766E-01 -7.104345363E-01 1.039435718E-01 6.558477657E-01 -7.037632927E-01 
1.997251404E+01 9.939813060E-01 -7.542976609E-01 -7.077312872E-01 1.095498417E-01 6.565325876E-01 -7.064817249E-01 
2.000963767E+01 9.933468694E-01 -7.537042423E-01 -7.050279095E-01 1.151607630E-01 6.572137513E-01 -7.091795607E-01 
2.004676130E+01 9.926797609E-01 -7.531129784E-01 -7.023245177E-01 1.207762259E-01 6.578912080E-01 -7.118569199E-01 
2.008388493E+01 9.919798515E-01 -7.525239265E-01 -6.996212238E-01 1.263961184E-01 6.585649094E-01 -7.145139227E-01 
2.012100857E+01 9.912470117E-01 -7.519371437E-01 -6.969181373E-01 1.320203262E-01 6.592348077E-01 -7.171506902E-01 
2.015813220E+01 9.904811108E-01 -7.513526869E-01 -6.942153652E-01 1.376487328E-01 6.599008560E-01 -7.197673438E-01 
2.019525583E+01 9.896820181E-01 -7.507706128E-01 -6.915130121E-01 1.432812189E-01 6.605630075E-01 -7.223640056E-01 
2.023237946E+01 9.888496015E-01 -7.501909778E-01 -6.888111799E-01 1.489176632E-01 6.612212162E-01 -7.249407982E-01 
2.026950309E+01 9.879837284E-01 -7.496138381E-01 -6.861099682E-01 1.545579417E-01 6.618754366E-01 -7.274978446E-01 
2.030662673E+01 9.870842654E-01 -7.490392498E-01 -6.834094741E-01 1.602019277E-01 6.625256237E-01 -7.300352684E-01 
2.034375036E+01 9.861510791E-01 -7.484672687E-01 -6.807097922E-01 1.658494922E-01 6.631717331E-01 -7.325531934E-01 
2.038087399E+01 9.851840348E-01 -7.478979502E-01 -6.780110147E-01 1.715005034E-01 6.638137209E-01 -7.350517440E-01 
2.041799762E+01 9.841829975E-01 -7.473313496E-01 -6.753132313E-01 1.771548267E-01 6.644515435E-01 -7.375310448E-01 
2.045512125E+01 9.831478316E-01 -7.467675222E-01 -6.726165291E-01 1.828123250E-01 6.650851582E-01 -7.399912210E-01 
2.049224489E+01 9.820784016E-01 -7.462065226E-01 -6.699209930E-01 1.884728581E-01 6.657145226E-01 -7.424323979E-01 
2.052936852E+01 9.809745709E-01 -7.456484055E-01 -6.672267056E-01 1.941362834E-01 6.663395946E-01 -7.448547011E-01 
2.056649215E+01 9.798362028E-01 -7.450932252E-01 -6.645337466E-01 1.998024549E-01 6.669603329E-01 -7.472582565E-01 
2.060361578E+01 9.786631603E-01 -7.445410359E-01 -6.618421937E-01 2.054712239E-01 6.675766965E-01 -7.496431904E-01 
2.064073941E+01 9.774553062E-01 -7.439918914E-01 -6.591521221E-01 2.111424390E-01 6.681886451E-01 -7.520096291E-01 
2.067786305E+01 9.762125031E-01 -7.434458454E-01 -6.564636045E-01 2.168159454E-01 6.687961385E-01 -7.543576991E-01 
2.071498668E+01 9.749346132E-01 -7.429029512E-01 -6.537767114E-01 2.224915854E-01 6.693991373E-01 -7.566875272E-01 
2.075211031E+01 9.736214985E-01 -7.423632620E-01 -6.510915108E-01 2.281691980E-01 6.699976024E-01 -7.589992403E-01 
2.078923394E+01 9.722730216E-01 -7.418268306E-01 -6.484080683E-01 2.338486196E-01 6.705914952E-01 -7.612929654E-01 
2.082635758E+01 9.708890445E-01 -7.412937096E-01 -6.457264473E-01 2.395296828E-01 6.711807775E-01 -7.635688295E-01 
2.086348121E+01 9.694694292E-01 -7.407639515E-01 -6.430467088E-01 2.452122173E-01 6.717654115E-01 -7.658269599E-01 
2.090060484E+01 9.680140381E-01 -7.402376083E-01 -6.403689115E-01 2.508960495E-01 6.723453601E-01 -7.680674836E-01 
2.093772847E+01 9.665227337E-01 -7.397147319E-01 -6.376931116E-01 2.565810025E-01 6.729205863E-01 -7.702905280E-01 
2.097485210E+01 9.649953787E-01 -7.391953738E-01 -6.350193632E-01 2.622668962E-01 6.734910537E-01 -7.724962204E-01 
2.101197574E+01 9.634318360E-01 -7.386795853E-01 -6.323477180E-01 2.679535468E-01 6.740567262E-01 -7.746846879E-01 
2.104909937E+01 9.618319687E-01 -7.381674177E-01 -6.296782256E-01 2.736407674E-01 6.746175683E-01 -7.768560576E-01 
2.108622300E+01 9.601956408E-01 -7.376589215E-01 -6.270109331E-01 2.793283677E-01 6.751735448E-01 -7.790104568E-01 
2.112334663E+01 9.585227164E-01 -7.371541473E-01 -6.243458854E-01 2.850161538E-01 6.757246208E-01 -7.811480125E-01 
2.116047026E+01 9.568130601E-01 -7.366531454E-01 -6.216831253E-01 2.907039283E-01 6.762707619E-01 -7.832688515E-01 
2.119759390E+01 9.550665371E-01 -7.361559657E-01 -6.190226931E-01 2.963914903E-01 6.768119341E-01 -7.853731008E-01 
2.123471753E+01 9.532830135E-01 -7.356626580E-01 -6.163646271E-01 3.020786355E-01 6.773481038E-01 -7.874608869E-01 
2.127184116E+01 9.514623559E-01 -7.351732715E-01 -6.137089634E-01 3.077651560E-01 6.778792377E-01 -7.895323364E-01 
2.130896479E+01 9.496044318E-01 -7.346878555E-01 -6.110557357E-01 3.134508402E-01 6.784053030E-01 -7.915875756E-01 
2.134608842E+01 9.477091093E-01 -7.342064587E-01 -6.084049757E-01 3.191354727E-01 6.789262670E-01 -7.936267305E-01 
2.138321206E+01 9.457762580E-01 -7.337291297E-01 -6.057567129E-01 3.248188351E-01 6.794420978E-01 -7.956499272E-01 
2.142033569E+01 9.438057481E-01 -7.332559169E-01 -6.031109745E-01 3.305007049E-01 6.799527634E-01 -7.976572912E-01 
2.145745932E+01 9.417974508E-01 -7.327868680E-01 -6.004677859E-01 3.361808558E-01 6.804582324E-01 -7.996489479E-01 
2.149458295E+01 9.397512385E-01 -7.323220309E-01 -5.978271699E-01 3.418590581E-01 6.809584739E-01 -8.016250225E-01 
2.153170658E+01 9.376669852E-01 -7.318614528E-01 -5.951891476E-01 3.475350784E-01 6.814534569E-01 -8.035856397E-01 
2.156883022E+01 9.355445657E-01 -7.314051809E-01 -5.925537378E-01 3.532086794E-01 6.819431512E-01 -8.055309240E-01 
2.160595385E+01 9.333838565E-01 -7.309532618E-01 -5.899209571E-01 3.588796202E-01 6.824275266E-01 -8.074609996E-01 
2.164307748E+01 9.311847354E-01 -7.305057421E-01 -5.872908203E-01 3.645476563E-01 6.829065535E-01 -8.093759904E-01 
2.168020111E+01 9.289470817E-01 -7.300626679E-01 -5.846633400E-01 3.702125393E-01 6.833802024E-01 -8.112760197E-01 
2.171732474E+01 9.266707765E-01 -7.296240850E-01 -5.820385268E-01 3.758740170E-01 6.838484442E-01 -8.131612107E-01 
2.175444838E+01 9.243557023E-01 -7.291900389E-01 -5.794163891E-01 3.815318336E-01 6.843112502E-01 -8.150316861E-01 
2.179157201E+01 9.220017435E-01 -7.287605749E-01 -5.767969335E-01 3.871857297E-01 6.847685920E-01 -8.168875680E-01 
2.182869564E+01 9.196087863E-01 -7.283357377E-01 -5.741801645E-01 3.928354417E-01 6.852204414E-01 -8.187289783E-01 
2.186581927E+01 9.171767188E-01 -7.279155719E-01 -5.715660846E-01 3.984807026E-01 6.856667706E-01 -8.205560383E-01 
2.190294290E+01 9.147054312E-01 -7.275001217E-01 -5.689546943E-01 4.041212416E-01 6.861075520E-01 -8.223688691E-01 
2.194006654E+01 9.121948156E-01 -7.270894310E-01 -5.663459923E-01 4.097567841E-01 6.865427586E-01 -8.241675910E-01 
2.197719017E+01 9.096447662E-01 -7.266835433E-01 -5.637399752E-01 4.153870519E-01 6.869723633E-01 -8.259523239E-01 
2.201431380E+01 9.070551797E-01 -7.262825019E-01 -5.611366376E-01 4.210117628E-01 6.873963394E-01 -8.277231873E-01 
2.205143743E+01 9.044259549E-01 -7.258863495E-01 -5.585359725E-01 4.266306314E-01 6.878146608E-01 -8.294803001E-01 
2.208856106E+01 9.017569929E-01 -7.254951287E-01 -5.559379707E-01 4.322433681E-01 6.882273014E-01 -8.312237807E-01 
2.212568470E+01 8.990481974E-01 -7.251088815E-01 -5.533426213E-01 4.378496797E-01 6.886342353E-01 -8.329537468E-01 
2.216280833E+01 8.962994747E-01 -7.247276498E-01 -5.507499113E-01 4.434492698E-01 6.890354371E-01 -8.346703158E-01 
2.219993196E+01 8.935107335E-01 -7.243514751E-01 -5.481598261E-01 4.490418378E-01 6.894308817E-01 -8.363736042E-01 
2.223705559E+01 -5.455720508E-01 -7.239803557E-01 8.906815593E-01 -8.380639224E-01 6.898205887E-01 4.546277187E-01 
