0.000000000E+00 -1.628457788E-01 -1.628456988E-01 -1.628458487E-01 5.681190372E-02 5.681185655E-02 5.681194490E-02 
1.395515725E+00 -1.623631994E-01 -1.623631194E-01 -1.623632693E-01 5.652689705E-02 5.652685002E-02 5.652693811E-02 
2.791031451E+00 -1.618796375E-01 -1.618795575E-01 -1.618797073E-01 5.624269185E-02 5.624264496E-02 5.624273280E-02 
4.186547176E+00 -1.613931121E-01 -1.613930322E-01 -1.613931820E-01 5.595928491E-02 5.595923814E-02 5.595932573E-02 
5.582062902E+00 -1.609075091E-01 -1.609074291E-01 -1.609075789E-01 5.567667905E-02 5.567663242E-02 5.567671976E-02 
6.977578627E+00 -1.604275432E-01 -1.604274632E-01 -1.604276130E-01 5.539487803E-02 5.539483154E-02 5.539491862E-02 
8.373094353E+00 -1.599451585E-01 -1.599450785E-01 -1.599452283E-01 5.511387228E-02 5.511382592E-02 5.511391276E-02 
9.768610078E+00 -1.594571740E-01 -1.594570941E-01 -1.594572438E-01 5.483365731E-02 5.483361108E-02 5.483369766E-02 
1.116412580E+01 -1.589706624E-01 -1.589705825E-01 -1.589707322E-01 5.455423933E-02 5.455419324E-02 5.455427957E-02 
1.358551465E+01 -1.582618088E-01 -1.582617284E-01 -1.582618790E-01 5.407144299E-02 5.407139713E-02 5.407148303E-02 
1.600690350E+01 -1.574496872E-01 -1.574496068E-01 -1.574497575E-01 5.359092217E-02 5.359087654E-02 5.359096200E-02 
1.842829235E+01 -1.563904577E-01 -1.563903782E-01 -1.563905271E-01 5.311251800E-02 5.311247260E-02 5.311255763E-02 
2.084968120E+01 -1.554569758E-01 -1.554568966E-01 -1.554570448E-01 5.263662084E-02 5.263657567E-02 5.263666027E-02 
2.194335589E+01 -1.551746066E-01 -1.551745270E-01 -1.551746761E-01 5.242259596E-02 5.242255090E-02 5.242263531E-02 
2.303703058E+01 -1.548447530E-01 -1.548446731E-01 -1.548448226E-01 5.220900273E-02 5.220895777E-02 5.220904198E-02 
2.413070526E+01 -1.544568941E-01 -1.544568145E-01 -1.544569637E-01 5.199582900E-02 5.199578414E-02 5.199586816E-02 
2.522437995E+01 -1.540669704E-01 -1.540668909E-01 -1.540670399E-01 5.178313444E-02 5.178308969E-02 5.178317351E-02 
2.631805463E+01 -1.537104852E-01 -1.537104055E-01 -1.537105548E-01 5.157095680E-02 5.157091215E-02 5.157099579E-02 
2.741172932E+01 -1.533432116E-01 -1.533431319E-01 -1.533432812E-01 5.135924772E-02 5.135920317E-02 5.135928661E-02 
2.850540401E+01 -1.529627214E-01 -1.529626417E-01 -1.529627910E-01 5.114800394E-02 5.114795949E-02 5.114804274E-02 
2.959907869E+01 -1.525817613E-01 -1.525816816E-01 -1.525818308E-01 5.093723872E-02 5.093719438E-02 5.093727744E-02 
3.125441898E+01 -1.520309553E-01 -1.520308755E-01 -1.520310250E-01 5.061917158E-02 5.061912739E-02 5.061921016E-02 
3.290975927E+01 -1.514656078E-01 -1.514655279E-01 -1.514656775E-01 5.030218281E-02 5.030213877E-02 5.030222125E-02 
3.456509956E+01 -1.508675746E-01 -1.508674950E-01 -1.508676441E-01 4.998625053E-02 4.998620665E-02 4.998628884E-02 
3.622043984E+01 -1.502795315E-01 -1.502794520E-01 -1.502796009E-01 4.967141973E-02 4.967137600E-02 4.967145790E-02 
3.823671335E+01 -1.497074511E-01 -1.497073704E-01 -1.497075215E-01 4.928957292E-02 4.928952938E-02 4.928961093E-02 
4.025298687E+01 -1.490443493E-01 -1.490442684E-01 -1.490444200E-01 4.890923654E-02 4.890919319E-02 4.890927439E-02 
4.226926038E+01 -1.481657697E-01 -1.481656906E-01 -1.481658388E-01 4.853026874E-02 4.853022558E-02 4.853030643E-02 
4.428553389E+01 -1.473723534E-01 -1.473722753E-01 -1.473724217E-01 4.815300090E-02 4.815295793E-02 4.815303843E-02 
4.551780635E+01 -1.470439053E-01 -1.470438260E-01 -1.470439744E-01 4.792339205E-02 4.792334919E-02 4.792342947E-02 
4.675007881E+01 -1.466643751E-01 -1.466642954E-01 -1.466644447E-01 4.769432334E-02 4.769428059E-02 4.769436066E-02 
4.798235126E+01 -1.462142795E-01 -1.462142002E-01 -1.462143487E-01 4.746577173E-02 4.746572910E-02 4.746580896E-02 
4.921462372E+01 -1.457672662E-01 -1.457671872E-01 -1.457673352E-01 4.723781965E-02 4.723777712E-02 4.723785677E-02 
5.044689618E+01 -1.453708328E-01 -1.453707535E-01 -1.453709021E-01 4.701052010E-02 4.701047769E-02 4.701055713E-02 
5.167916864E+01 -1.449592223E-01 -1.449591428E-01 -1.449592917E-01 4.678379775E-02 4.678375545E-02 4.678383468E-02 
5.291144110E+01 -1.445266886E-01 -1.445266092E-01 -1.445267579E-01 4.655764518E-02 4.655760300E-02 4.655768201E-02 
5.414371356E+01 -1.440950055E-01 -1.440949262E-01 -1.440950747E-01 4.633208643E-02 4.633204436E-02 4.633212317E-02 
5.580147800E+01 -1.435473961E-01 -1.435473165E-01 -1.435474656E-01 4.602961634E-02 4.602957442E-02 4.602965294E-02 
5.745924244E+01 -1.429838419E-01 -1.429837622E-01 -1.429839115E-01 4.572819756E-02 4.572815579E-02 4.572823403E-02 
5.911700689E+01 -1.423861407E-01 -1.423860614E-01 -1.423862100E-01 4.542780717E-02 4.542776555E-02 4.542784351E-02 
6.077477133E+01 -1.417978631E-01 -1.417977840E-01 -1.417979322E-01 4.512849363E-02 4.512845216E-02 4.512852983E-02 
6.275174554E+01 -1.412036575E-01 -1.412035771E-01 -1.412037277E-01 4.477306222E-02 4.477302093E-02 4.477309827E-02 
6.472871975E+01 -1.405474635E-01 -1.405473827E-01 -1.405475340E-01 4.441906853E-02 4.441902742E-02 4.441910442E-02 
6.670569396E+01 -1.397470715E-01 -1.397469926E-01 -1.397471405E-01 4.406641307E-02 4.406637214E-02 4.406644880E-02 
6.868266817E+01 -1.389986023E-01 -1.389985244E-01 -1.389986703E-01 4.371532262E-02 4.371528187E-02 4.371535820E-02 
7.007509692E+01 -1.385962030E-01 -1.385961238E-01 -1.385962721E-01 4.346908933E-02 4.346904870E-02 4.346912480E-02 
7.146752567E+01 -1.381504754E-01 -1.381503957E-01 -1.381505450E-01 4.322354836E-02 4.322350786E-02 4.322358373E-02 
7.285995442E+01 -1.376370368E-01 -1.376369578E-01 -1.376371059E-01 4.297866942E-02 4.297862904E-02 4.297870467E-02 
7.425238317E+01 -1.371313591E-01 -1.371312805E-01 -1.371314277E-01 4.273454115E-02 4.273450089E-02 4.273457629E-02 
7.564481193E+01 -1.366843361E-01 -1.366842570E-01 -1.366844053E-01 4.249122323E-02 4.249118309E-02 4.249125826E-02 
7.703724068E+01 -1.362191455E-01 -1.362190661E-01 -1.362192149E-01 4.224862281E-02 4.224858281E-02 4.224865774E-02 
7.842966943E+01 -1.357256809E-01 -1.357256017E-01 -1.357257499E-01 4.200672655E-02 4.200668667E-02 4.200676137E-02 
7.982209818E+01 -1.352353100E-01 -1.352352311E-01 -1.352353789E-01 4.176557109E-02 4.176553133E-02 4.176560581E-02 
8.154644715E+01 -1.346712215E-01 -1.346711420E-01 -1.346712908E-01 4.146800249E-02 4.146796288E-02 4.146803707E-02 
8.327079612E+01 -1.340879393E-01 -1.340878597E-01 -1.340880088E-01 4.117153723E-02 4.117149778E-02 4.117157168E-02 
8.499514510E+01 -1.334643507E-01 -1.334642716E-01 -1.334644197E-01 4.087614744E-02 4.087610814E-02 4.087618176E-02 
8.671949407E+01 -1.328514603E-01 -1.328513816E-01 -1.328515290E-01 4.058189334E-02 4.058185419E-02 4.058192752E-02 
8.868367989E+01 -1.322495203E-01 -1.322494402E-01 -1.322495903E-01 4.024819558E-02 4.024815660E-02 4.024822961E-02 
9.064786572E+01 -1.315966847E-01 -1.315966041E-01 -1.315967550E-01 3.991588593E-02 3.991584713E-02 3.991591981E-02 
9.261205154E+01 -1.308287571E-01 -1.308286784E-01 -1.308288258E-01 3.958488179E-02 3.958484316E-02 3.958491552E-02 
9.457623737E+01 -1.300985371E-01 -1.300984594E-01 -1.300986049E-01 3.925536962E-02 3.925533116E-02 3.925540320E-02 
9.639095642E+01 -1.296050983E-01 -1.296050178E-01 -1.296051685E-01 3.895244000E-02 3.895240170E-02 3.895247344E-02 
9.820567548E+01 -1.290267019E-01 -1.290266205E-01 -1.290267729E-01 3.865063248E-02 3.865059434E-02 3.865066579E-02 
1.000203945E+02 -1.282721995E-01 -1.282721211E-01 -1.282722680E-01 3.834983001E-02 3.834979203E-02 3.834986318E-02 
1.018351136E+02 -1.275652947E-01 -1.275652180E-01 -1.275653616E-01 3.805031193E-02 3.805027410E-02 3.805034495E-02 
1.033652964E+02 -1.271363630E-01 -1.271362841E-01 -1.271364319E-01 3.779891728E-02 3.779887959E-02 3.779895020E-02 
1.048954791E+02 -1.266521328E-01 -1.266520530E-01 -1.266522025E-01 3.754831971E-02 3.754828215E-02 3.754835251E-02 
1.064256619E+02 -1.260782332E-01 -1.260781546E-01 -1.260783019E-01 3.729847355E-02 3.729843612E-02 3.729850623E-02 
1.079558447E+02 -1.255163447E-01 -1.255162670E-01 -1.255164125E-01 3.704950754E-02 3.704947024E-02 3.704954010E-02 
1.094351969E+02 -1.250495916E-01 -1.250495129E-01 -1.250496604E-01 3.680973088E-02 3.680969371E-02 3.680976334E-02 
1.109145490E+02 -1.245599286E-01 -1.245598494E-01 -1.245599977E-01 3.657073038E-02 3.657069333E-02 3.657076272E-02 
1.123939012E+02 -1.240354665E-01 -1.240353877E-01 -1.240355352E-01 3.633248918E-02 3.633245226E-02 3.633252141E-02 
1.138732534E+02 -1.235143393E-01 -1.235142609E-01 -1.235144078E-01 3.609505548E-02 3.609501869E-02 3.609508760E-02 
1.156027489E+02 -1.229472374E-01 -1.229471584E-01 -1.229473065E-01 3.581854589E-02 3.581850924E-02 3.581857788E-02 
1.173322443E+02 -1.223634314E-01 -1.223633521E-01 -1.223635007E-01 3.554310850E-02 3.554307200E-02 3.554314036E-02 
1.190617398E+02 -1.217471843E-01 -1.217471055E-01 -1.217472530E-01 3.526872053E-02 3.526868418E-02 3.526875226E-02 
1.207912353E+02 -1.211380322E-01 -1.211379538E-01 -1.211381006E-01 3.499543205E-02 3.499539584E-02 3.499546365E-02 
1.228114944E+02 -1.204924372E-01 -1.204923576E-01 -1.204925066E-01 3.467766376E-02 3.467762773E-02 3.467769522E-02 
1.248317536E+02 -1.198145025E-01 -1.198144226E-01 -1.198145723E-01 3.436133407E-02 3.436129821E-02 3.436136538E-02 
1.268520127E+02 -1.190647093E-01 -1.190646308E-01 -1.190647779E-01 3.404638680E-02 3.404635111E-02 3.404641796E-02 
1.288722718E+02 -1.183366791E-01 -1.183366013E-01 -1.183367470E-01 3.373294430E-02 3.373290879E-02 3.373297531E-02 
1.308807419E+02 -1.177396456E-01 -1.177395656E-01 -1.177397155E-01 3.342296188E-02 3.342292653E-02 3.342299274E-02 
1.328892120E+02 -1.170816589E-01 -1.170815781E-01 -1.170817294E-01 3.311434901E-02 3.311431383E-02 3.311437973E-02 
1.348976821E+02 -1.162934154E-01 -1.162933371E-01 -1.162934837E-01 3.280700804E-02 3.280697303E-02 3.280703861E-02 
1.369061522E+02 -1.155423716E-01 -1.155422949E-01 -1.155424386E-01 3.250116435E-02 3.250112950E-02 3.250119477E-02 
1.386710001E+02 -1.150261913E-01 -1.150261123E-01 -1.150262604E-01 3.223380745E-02 3.223377275E-02 3.223383775E-02 
1.404358480E+02 -1.144565908E-01 -1.144565108E-01 -1.144566606E-01 3.196748932E-02 3.196745477E-02 3.196751949E-02 
1.422006959E+02 -1.137912489E-01 -1.137911706E-01 -1.137913173E-01 3.170214885E-02 3.170211444E-02 3.170217889E-02 
1.439655438E+02 -1.131437039E-01 -1.131436267E-01 -1.131437713E-01 3.143794168E-02 3.143790743E-02 3.143797159E-02 
1.456089883E+02 -1.126280321E-01 -1.126279536E-01 -1.126281007E-01 3.119302610E-02 3.119299197E-02 3.119305589E-02 
1.472524328E+02 -1.120854676E-01 -1.120853885E-01 -1.120855366E-01 3.094903072E-02 3.094899673E-02 3.094906040E-02 
1.488958773E+02 -1.115004054E-01 -1.115003269E-01 -1.115004738E-01 3.070593165E-02 3.070589780E-02 3.070596120E-02 
1.505393217E+02 -1.109202809E-01 -1.109202029E-01 -1.109203490E-01 3.046379419E-02 3.046376047E-02 3.046382363E-02 
1.523422051E+02 -1.103301825E-01 -1.103301038E-01 -1.103302513E-01 3.019932768E-02 3.019929411E-02 3.019935699E-02 
1.541450885E+02 -1.097232778E-01 -1.097231988E-01 -1.097233468E-01 2.993598197E-02 2.993594854E-02 2.993601115E-02 
1.559479719E+02 -1.090854996E-01 -1.090854211E-01 -1.090855681E-01 2.967373458E-02 2.967370130E-02 2.967376363E-02 
1.577508553E+02 -1.084534917E-01 -1.084534135E-01 -1.084535599E-01 2.941263599E-02 2.941260286E-02 2.941266491E-02 
1.598345975E+02 -1.077753610E-01 -1.077752820E-01 -1.077754300E-01 2.911235667E-02 2.911232371E-02 2.911238545E-02 
1.619183397E+02 -1.070736789E-01 -1.070735995E-01 -1.070737481E-01 2.881356052E-02 2.881352774E-02 2.881358915E-02 
1.640020819E+02 -1.063212463E-01 -1.063211679E-01 -1.063213148E-01 2.851620433E-02 2.851617171E-02 2.851623280E-02 
1.660858242E+02 -1.055826180E-01 -1.055825402E-01 -1.055826859E-01 2.822037937E-02 2.822034692E-02 2.822040770E-02 
1.682531988E+02 -1.049033534E-01 -1.049032740E-01 -1.049034226E-01 2.791441277E-02 2.791438050E-02 2.791444095E-02 
1.704205734E+02 -1.041824530E-01 -1.041823732E-01 -1.041825228E-01 2.761001191E-02 2.760997981E-02 2.761003994E-02 
1.725879480E+02 -1.033722085E-01 -1.033721303E-01 -1.033722768E-01 2.730710163E-02 2.730706970E-02 2.730712950E-02 
1.747553226E+02 -1.025869282E-01 -1.025868510E-01 -1.025869956E-01 2.700584922E-02 2.700581747E-02 2.700587694E-02 
1.767603914E+02 -1.019711762E-01 -1.019710972E-01 -1.019712452E-01 2.672876314E-02 2.672873155E-02 2.672879073E-02 
1.787654602E+02 -1.013116923E-01 -1.013116126E-01 -1.013117618E-01 2.645299180E-02 2.645296036E-02 2.645301924E-02 
1.807705290E+02 -1.005689523E-01 -1.005688741E-01 -1.005690206E-01 2.617847170E-02 2.617844043E-02 2.617849900E-02 
1.827755978E+02 -9.984401367E-02 -9.984393647E-02 -9.984408107E-02 2.590535425E-02 2.590532314E-02 2.590538141E-02 
1.846467268E+02 -9.925059913E-02 -9.925052069E-02 -9.925066762E-02 2.565184704E-02 2.565181607E-02 2.565187407E-02 
1.865178559E+02 -9.862982195E-02 -9.862974300E-02 -9.862989088E-02 2.539949072E-02 2.539945990E-02 2.539951762E-02 
1.883889849E+02 -9.796284885E-02 -9.796277061E-02 -9.796291717E-02 2.514825335E-02 2.514822269E-02 2.514828013E-02 
1.902601140E+02 -9.730269517E-02 -9.730261744E-02 -9.730276303E-02 2.489821520E-02 2.489818468E-02 2.489824185E-02 
1.922209573E+02 -9.666074457E-02 -9.666066609E-02 -9.666081309E-02 2.463753973E-02 2.463750936E-02 2.463756624E-02 
1.941818007E+02 -9.600130235E-02 -9.600122357E-02 -9.600137114E-02 2.437813691E-02 2.437810669E-02 2.437816329E-02 
1.961426440E+02 -9.531007537E-02 -9.530999708E-02 -9.531014372E-02 2.411998123E-02 2.411995117E-02 2.412000748E-02 
1.981034874E+02 -9.462445454E-02 -9.462437660E-02 -9.462452258E-02 2.386312949E-02 2.386309958E-02 2.386315560E-02 
2.002981535E+02 -9.390394194E-02 -9.390386330E-02 -9.390401060E-02 2.357725717E-02 2.357722744E-02 2.357728314E-02 
2.024928197E+02 -9.316384913E-02 -9.316377023E-02 -9.316391801E-02 2.329296875E-02 2.329293918E-02 2.329299456E-02 
2.046874859E+02 -9.238289783E-02 -9.238281958E-02 -9.238296614E-02 2.301022585E-02 2.301019646E-02 2.301025152E-02 
2.068821520E+02 -9.161186633E-02 -9.161178850E-02 -9.161193428E-02 2.272910741E-02 2.272907819E-02 2.272913293E-02 
2.091984175E+02 -9.086407091E-02 -9.086399214E-02 -9.086413969E-02 2.243426214E-02 2.243423309E-02 2.243428750E-02 
2.115146830E+02 -9.008721052E-02 -9.008713142E-02 -9.008727958E-02 2.214115218E-02 2.214112332E-02 2.214117739E-02 
2.138309485E+02 -8.924873143E-02 -8.924865327E-02 -8.924879966E-02 2.184971892E-02 2.184969023E-02 2.184974396E-02 
2.161472140E+02 -8.842618712E-02 -8.842610957E-02 -8.842625483E-02 2.156008728E-02 2.156005877E-02 2.156011218E-02 
2.183865879E+02 -8.771107512E-02 -8.771099649E-02 -8.771114377E-02 2.128188893E-02 2.128186059E-02 2.128191368E-02 
2.206259619E+02 -8.696414716E-02 -8.696406813E-02 -8.696421616E-02 2.100528840E-02 2.100526023E-02 2.100531300E-02 
2.228653358E+02 -8.615495884E-02 -8.615488071E-02 -8.615502705E-02 2.073022966E-02 2.073020166E-02 2.073025411E-02 
2.251047098E+02 -8.535937680E-02 -8.535929928E-02 -8.535944448E-02 2.045683842E-02 2.045681060E-02 2.045686272E-02 
2.272514112E+02 -8.466469277E-02 -8.466461441E-02 -8.466476119E-02 2.019641818E-02 2.019639051E-02 2.019644233E-02 
2.293981126E+02 -8.394629751E-02 -8.394621880E-02 -8.394636622E-02 1.993746130E-02 1.993743380E-02 1.993748532E-02 
2.315448141E+02 -8.318519837E-02 -8.318512023E-02 -8.318526660E-02 1.967993100E-02 1.967990365E-02 1.967995487E-02 
2.336915155E+02 -8.243143139E-02 -8.243135364E-02 -8.243149928E-02 1.942391147E-02 1.942388429E-02 1.942393520E-02 
2.358985252E+02 -8.170474348E-02 -8.170466515E-02 -8.170481187E-02 1.916234294E-02 1.916231592E-02 1.916236652E-02 
2.381055348E+02 -8.096089044E-02 -8.096081188E-02 -8.096095903E-02 1.890232040E-02 1.890229355E-02 1.890234385E-02 
2.403125445E+02 -8.018494124E-02 -8.018486307E-02 -8.018500949E-02 1.864381335E-02 1.864378667E-02 1.864383665E-02 
2.425195542E+02 -7.941477385E-02 -7.941469596E-02 -7.941484186E-02 1.838688619E-02 1.838685967E-02 1.838690935E-02 
2.449002073E+02 -7.862774532E-02 -7.862766693E-02 -7.862781376E-02 1.811157950E-02 1.811155315E-02 1.811160250E-02 
2.472808604E+02 -7.782337402E-02 -7.782329545E-02 -7.782344262E-02 1.783805907E-02 1.783803290E-02 1.783808192E-02 
2.496615136E+02 -7.698347897E-02 -7.698340081E-02 -7.698354721E-02 1.756628689E-02 1.756626090E-02 1.756630958E-02 
2.520421667E+02 -7.615134527E-02 -7.615126739E-02 -7.615141327E-02 1.729633836E-02 1.729631254E-02 1.729636090E-02 
2.545336627E+02 -7.533186682E-02 -7.533178840E-02 -7.533193528E-02 1.701585009E-02 1.701582446E-02 1.701587247E-02 
2.570251586E+02 -7.449133713E-02 -7.449125852E-02 -7.449140576E-02 1.673729456E-02 1.673726912E-02 1.673731678E-02 
2.595166546E+02 -7.360704990E-02 -7.360697176E-02 -7.360711812E-02 1.646062356E-02 1.646059829E-02 1.646064562E-02 
2.620081506E+02 -7.273274930E-02 -7.273267147E-02 -7.273281725E-02 1.618593412E-02 1.618590903E-02 1.618595602E-02 
2.644887002E+02 -7.191854013E-02 -7.191846177E-02 -7.191860855E-02 1.591450448E-02 1.591447958E-02 1.591452623E-02 
2.669692498E+02 -7.108271688E-02 -7.108263831E-02 -7.108278547E-02 1.564496907E-02 1.564494434E-02 1.564499065E-02 
2.694497993E+02 -7.020411687E-02 -7.020403873E-02 -7.020418509E-02 1.537728142E-02 1.537725687E-02 1.537730284E-02 
2.719303489E+02 -6.933424544E-02 -6.933416758E-02 -6.933431341E-02 1.511153742E-02 1.511151306E-02 1.511155869E-02 
2.743901357E+02 -6.852162802E-02 -6.852154973E-02 -6.852169637E-02 1.485001446E-02 1.484999027E-02 1.485003557E-02 
2.768499225E+02 -6.769103838E-02 -6.769095991E-02 -6.769110688E-02 1.459034115E-02 1.459031714E-02 1.459036211E-02 
2.793097093E+02 -6.682619302E-02 -6.682611486E-02 -6.682626126E-02 1.433247978E-02 1.433245595E-02 1.433250058E-02 
2.817694961E+02 -6.596746385E-02 -6.596738590E-02 -6.596753190E-02 1.407650713E-02 1.407648347E-02 1.407652778E-02 
2.842958950E+02 -6.512656120E-02 -6.512648292E-02 -6.512662955E-02 1.381563507E-02 1.381561159E-02 1.381565556E-02 
2.868222938E+02 -6.427067272E-02 -6.427059431E-02 -6.427074118E-02 1.355670211E-02 1.355667881E-02 1.355672244E-02 
2.893486927E+02 -6.338540482E-02 -6.338532664E-02 -6.338547308E-02 1.329967315E-02 1.329965003E-02 1.329969333E-02 
2.918750915E+02 -6.250542900E-02 -6.250535098E-02 -6.250549712E-02 1.304461547E-02 1.304459253E-02 1.304463550E-02 
2.945198762E+02 -6.162245736E-02 -6.162237905E-02 -6.162252572E-02 1.277978167E-02 1.277975892E-02 1.277980153E-02 
2.971646609E+02 -6.072489518E-02 -6.072481676E-02 -6.072496364E-02 1.251705450E-02 1.251703193E-02 1.251707420E-02 
2.998094456E+02 -5.979745097E-02 -5.979737276E-02 -5.979751925E-02 1.225639529E-02 1.225637291E-02 1.225641483E-02 
3.024542303E+02 -5.887574396E-02 -5.887566589E-02 -5.887581211E-02 1.199787527E-02 1.199785307E-02 1.199789464E-02 
3.051795306E+02 -5.796510018E-02 -5.796502186E-02 -5.796516856E-02 1.173378989E-02 1.173376789E-02 1.173380910E-02 
3.079048309E+02 -5.703954017E-02 -5.703946174E-02 -5.703960864E-02 1.147191846E-02 1.147189664E-02 1.147193750E-02 
3.106301312E+02 -5.608334233E-02 -5.608326409E-02 -5.608341063E-02 1.121221968E-02 1.121219805E-02 1.121223856E-02 
3.133554315E+02 -5.513292466E-02 -5.513284655E-02 -5.513299285E-02 1.095476899E-02 1.095474756E-02 1.095478771E-02 
3.161154496E+02 -5.420839710E-02 -5.420831876E-02 -5.420846549E-02 1.069639698E-02 1.069637574E-02 1.069641553E-02 
3.188754678E+02 -5.326986593E-02 -5.326978749E-02 -5.326993441E-02 1.044027368E-02 1.044025262E-02 1.044029206E-02 
3.216354859E+02 -5.230309968E-02 -5.230302140E-02 -5.230316802E-02 1.018635976E-02 1.018633889E-02 1.018637797E-02 
3.243955040E+02 -5.134120173E-02 -5.134112356E-02 -5.134126998E-02 9.934726018E-03 9.934705343E-03 9.934744068E-03 
3.271993159E+02 -5.039808456E-02 -5.039800619E-02 -5.039815298E-02 9.681496966E-03 9.681476482E-03 9.681514849E-03 
3.300031277E+02 -4.944263247E-02 -4.944255402E-02 -4.944270097E-02 9.430567978E-03 9.430547686E-03 9.430585694E-03 
3.328069395E+02 -4.846232231E-02 -4.846224398E-02 -4.846239070E-02 9.181902372E-03 9.181882271E-03 9.181919922E-03 
3.356107514E+02 -4.748596154E-02 -4.748588328E-02 -4.748602986E-02 8.935563562E-03 8.935543651E-03 8.935580946E-03 
3.384887977E+02 -4.651407421E-02 -4.651399579E-02 -4.651414267E-02 8.685180928E-03 8.685161210E-03 8.685198142E-03 
3.413668441E+02 -4.553110367E-02 -4.553102518E-02 -4.553117220E-02 8.437199700E-03 8.437180177E-03 8.437216745E-03 
3.442448905E+02 -4.452536155E-02 -4.452528315E-02 -4.452543001E-02 8.191583665E-03 8.191564335E-03 8.191600541E-03 
3.471229368E+02 -4.352307715E-02 -4.352299880E-02 -4.352314555E-02 7.948392425E-03 7.948373288E-03 7.948409132E-03 
3.500785487E+02 -4.252171270E-02 -4.252163421E-02 -4.252178123E-02 7.701226692E-03 7.701207752E-03 7.701243227E-03 
3.530341606E+02 -4.151009931E-02 -4.151002075E-02 -4.151016790E-02 7.456569048E-03 7.456550305E-03 7.456585411E-03 
3.559897725E+02 -4.047714134E-02 -4.047706285E-02 -4.047720987E-02 7.214383123E-03 7.214364577E-03 7.214399315E-03 
3.589453845E+02 -3.944721964E-02 -3.944714119E-02 -3.944728813E-02 6.974726360E-03 6.974708010E-03 6.974742380E-03 
3.619634755E+02 -3.842118455E-02 -3.842110598E-02 -3.842125316E-02 6.732667180E-03 6.732649029E-03 6.732683027E-03 
3.649815665E+02 -3.738580989E-02 -3.738573125E-02 -3.738587855E-02 6.493197571E-03 6.493179618E-03 6.493213244E-03 
3.679996575E+02 -3.633092720E-02 -3.633084861E-02 -3.633099582E-02 6.256282045E-03 6.256264292E-03 6.256297545E-03 
3.710177486E+02 -3.527850010E-02 -3.527842153E-02 -3.527856869E-02 6.021974304E-03 6.021956748E-03 6.021989631E-03 
3.740918514E+02 -3.422939711E-02 -3.422931842E-02 -3.422946580E-02 5.786049403E-03 5.786032048E-03 5.786064555E-03 
3.771659542E+02 -3.317200226E-02 -3.317192351E-02 -3.317207102E-02 5.552784950E-03 5.552767794E-03 5.552799927E-03 
3.802400570E+02 -3.209721862E-02 -3.209713989E-02 -3.209728734E-02 5.322146939E-03 5.322129984E-03 5.322161742E-03 
3.833141598E+02 -3.102426785E-02 -3.102418914E-02 -3.102433657E-02 5.094184133E-03 5.094167376E-03 5.094198762E-03 
3.864445536E+02 -2.995157834E-02 -2.995149953E-02 -2.995164715E-02 4.864842676E-03 4.864826122E-03 4.864857129E-03 
3.895749474E+02 -2.887160861E-02 -2.887152973E-02 -2.887167748E-02 4.638233222E-03 4.638216869E-03 4.638247500E-03 
3.927053412E+02 -2.777626180E-02 -2.777618293E-02 -2.777633066E-02 4.414323231E-03 4.414307079E-03 4.414337333E-03 
3.958357350E+02 -2.668217112E-02 -2.668209224E-02 -2.668223999E-02 4.193156535E-03 4.193140584E-03 4.193170462E-03 
3.990170222E+02 -2.558736228E-02 -2.558728330E-02 -2.558743123E-02 3.971247166E-03 3.971231417E-03 3.971260915E-03 
4.021983094E+02 -2.448620854E-02 -2.448612950E-02 -2.448627756E-02 3.752132020E-03 3.752116474E-03 3.752145593E-03 
4.053795967E+02 -2.337159975E-02 -2.337152069E-02 -2.337166877E-02 3.535780234E-03 3.535764889E-03 3.535793630E-03 
4.085608839E+02 -2.225768939E-02 -2.225761031E-02 -2.225775842E-02 3.322230609E-03 3.322215466E-03 3.322243830E-03 
4.117811687E+02 -2.114437633E-02 -2.114429716E-02 -2.114444546E-02 3.108955137E-03 3.108940196E-03 3.108968180E-03 
4.150014536E+02 -2.002560536E-02 -2.002552611E-02 -2.002567454E-02 2.898515422E-03 2.898500685E-03 2.898528289E-03 
4.182217384E+02 -1.889529377E-02 -1.889521450E-02 -1.889536298E-02 2.690882763E-03 2.690868228E-03 2.690895453E-03 
4.214420232E+02 -1.776513192E-02 -1.776505261E-02 -1.776520116E-02 2.486090504E-03 2.486076170E-03 2.486103018E-03 
4.246848777E+02 -1.663846697E-02 -1.663838757E-02 -1.663853630E-02 2.282766358E-03 2.282752226E-03 2.282778695E-03 
4.279277322E+02 -1.550717613E-02 -1.550709664E-02 -1.550724552E-02 2.082291019E-03 2.082277089E-03 2.082303180E-03 
4.311705866E+02 -1.436622761E-02 -1.436614808E-02 -1.436629704E-02 1.884638489E-03 1.884624760E-03 1.884650475E-03 
4.344134411E+02 -1.322490788E-02 -1.322482830E-02 -1.322497736E-02 1.689836287E-03 1.689822759E-03 1.689848097E-03 
4.376543721E+02 -1.209288313E-02 -1.209280345E-02 -1.209295270E-02 1.498025005E-03 1.498011677E-03 1.498036641E-03 
4.408953031E+02 -1.095699299E-02 -1.095691323E-02 -1.095706264E-02 1.309033604E-03 1.309020476E-03 1.309045066E-03 
4.441362341E+02 -9.813265302E-03 -9.813185473E-03 -9.813334997E-03 1.122839414E-03 1.122826485E-03 1.122850702E-03 
4.473771651E+02 -8.668692207E-03 -8.668612311E-03 -8.668761962E-03 9.394638611E-04 9.394511301E-04 9.394749760E-04 
4.505759565E+02 -7.544911209E-03 -7.544831208E-03 -7.544981055E-03 7.612580591E-04 7.612455235E-04 7.612690035E-04 
4.537747478E+02 -6.417951559E-03 -6.417871461E-03 -6.418021490E-03 5.857760267E-04 5.857636859E-04 5.857868010E-04 
4.569735391E+02 -5.284900447E-03 -5.284820270E-03 -5.284970446E-03 4.129991794E-04 4.129870331E-04 4.130097839E-04 
4.601723305E+02 -4.150603901E-03 -4.150523639E-03 -4.150673975E-03 2.429426779E-04 2.429307255E-04 2.429531130E-04 
4.632556844E+02 -3.060611972E-03 -3.060531601E-03 -3.060682140E-03 8.161296267E-05 8.160119685E-05 8.162323495E-05 
4.663390384E+02 -1.968077831E-03 -1.967997356E-03 -1.968148092E-03 -7.720562043E-05 -7.721720015E-05 -7.719551062E-05 
4.694223923E+02 -8.711316949E-04 -8.710511233E-04 -8.712020387E-04 -2.335266793E-04 -2.335380732E-04 -2.335167316E-04 
4.725057463E+02 2.273295552E-04 2.274102275E-04 2.272591234E-04 -3.873413120E-04 -3.873525206E-04 -3.873315261E-04 
4.753034542E+02 1.222877045E-03 1.222957825E-03 1.222806520E-03 -5.247294734E-04 -5.247405142E-04 -5.247198340E-04 
4.781011621E+02 2.220277670E-03 2.220358558E-03 2.220207050E-03 -6.600640814E-04 -6.600749548E-04 -6.600545883E-04 
4.808988700E+02 3.220397376E-03 3.220478370E-03 3.220326664E-03 -7.933527251E-04 -7.933634313E-04 -7.933433779E-04 
4.836965779E+02 4.222027354E-03 4.222108457E-03 4.221956546E-03 -9.245923594E-04 -9.246028987E-04 -9.245831580E-04 
4.866595313E+02 5.282832478E-03 5.282913710E-03 5.282761557E-03 -1.061344191E-03 -1.061354554E-03 -1.061335144E-03 
4.896224848E+02 6.345813937E-03 6.345895301E-03 6.345742902E-03 -1.195807212E-03 -1.195817398E-03 -1.195798318E-03 
4.925854383E+02 7.411968528E-03 7.412050021E-03 7.411897380E-03 -1.327990192E-03 -1.328000203E-03 -1.327981452E-03 
4.955483917E+02 8.480031722E-03 8.480113350E-03 8.479960456E-03 -1.457889160E-03 -1.457898995E-03 -1.457880573E-03 
4.990868276E+02 9.755477517E-03 9.755559328E-03 9.755406091E-03 -1.610014105E-03 -1.610023731E-03 -1.610005701E-03 
5.026252634E+02 1.103461280E-02 1.103469480E-02 1.103454122E-02 -1.758896577E-03 -1.758905994E-03 -1.758888355E-03 
5.061636993E+02 1.231952640E-02 1.231960858E-02 1.231945465E-02 -1.904553975E-03 -1.904563184E-03 -1.904545935E-03 
5.097021352E+02 1.360761678E-02 1.360769915E-02 1.360754487E-02 -2.046973562E-03 -2.046982562E-03 -2.046965703E-03 
5.137307523E+02 1.507382510E-02 1.507390773E-02 1.507375296E-02 -2.205156381E-03 -2.205165146E-03 -2.205148730E-03 
5.177593694E+02 1.654569991E-02 1.654578279E-02 1.654562754E-02 -2.359162578E-03 -2.359171106E-03 -2.359155132E-03 
5.217879865E+02 1.802626230E-02 1.802634544E-02 1.802618971E-02 -2.509018216E-03 -2.509026508E-03 -2.509010976E-03 
5.258166037E+02 1.951199670E-02 1.951208011E-02 1.951192387E-02 -2.654698810E-03 -2.654706867E-03 -2.654691776E-03 
5.304006653E+02 2.120353188E-02 2.120361566E-02 2.120345873E-02 -2.815343239E-03 -2.815351028E-03 -2.815336438E-03 
5.349847269E+02 2.290376290E-02 2.290384707E-02 2.290368941E-02 -2.970604240E-03 -2.970611762E-03 -2.970597673E-03 
5.395687886E+02 2.461652696E-02 2.461661151E-02 2.461645315E-02 -3.120517146E-03 -3.120524401E-03 -3.120510812E-03 
5.441528502E+02 2.633820955E-02 2.633829450E-02 2.633813538E-02 -3.265039920E-03 -3.265046907E-03 -3.265033819E-03 
5.494514904E+02 2.833417783E-02 2.833426337E-02 2.833410316E-02 -3.425301089E-03 -3.425307769E-03 -3.425295258E-03 
5.547501305E+02 3.034430490E-02 3.034439105E-02 3.034422969E-02 -3.578372174E-03 -3.578378545E-03 -3.578366612E-03 
5.600487707E+02 3.237282366E-02 3.237291042E-02 3.237274791E-02 -3.724294058E-03 -3.724300120E-03 -3.724288766E-03 
5.653474108E+02 3.441847652E-02 3.441856395E-02 3.441840018E-02 -3.862996108E-03 -3.863001860E-03 -3.862991086E-03 
5.717842633E+02 3.692642355E-02 3.692651201E-02 3.692634632E-02 -4.021647560E-03 -4.021652936E-03 -4.021642866E-03 
5.782211157E+02 3.946180092E-02 3.946189051E-02 3.946172270E-02 -4.169587610E-03 -4.169592608E-03 -4.169583246E-03 
5.846579681E+02 4.202779355E-02 4.202788436E-02 4.202771427E-02 -4.306831325E-03 -4.306835942E-03 -4.306827294E-03 
5.910948205E+02 4.463550215E-02 4.463559436E-02 4.463542164E-02 -4.433246100E-03 -4.433250333E-03 -4.433242404E-03 
5.991659189E+02 4.799030790E-02 4.799040225E-02 4.799022553E-02 -4.576229811E-03 -4.576233560E-03 -4.576226537E-03 
6.072370173E+02 5.141687733E-02 5.141697434E-02 5.141679264E-02 -4.701730734E-03 -4.701733992E-03 -4.701727889E-03 
6.153081156E+02 5.491659113E-02 5.491669148E-02 5.491650351E-02 -4.809435361E-03 -4.809438115E-03 -4.809432956E-03 
6.233792140E+02 5.855615965E-02 5.855626420E-02 5.855606838E-02 -4.899035649E-03 -4.899037886E-03 -4.899033696E-03 
6.314503123E+02 6.240460386E-02 6.240471371E-02 6.240450796E-02 -4.970043727E-03 -4.970045429E-03 -4.970042242E-03 
6.395214107E+02 6.646842548E-02 6.646854246E-02 6.646832335E-02 -5.021439694E-03 -5.021440835E-03 -5.021438697E-03 
6.475925091E+02 7.082382576E-02 7.082395283E-02 7.082371481E-02 -5.051970315E-03 -5.051970861E-03 -5.051969840E-03 
6.556636074E+02 7.561936919E-02 7.561951091E-02 7.561924545E-02 -5.060180697E-03 -5.060180592E-03 -5.060180790E-03 
6.647909955E+02 8.203160062E-02 8.203177500E-02 8.203144838E-02 -5.039180543E-03 -5.039179582E-03 -5.039181382E-03 
6.739183836E+02 8.952208098E-02 8.952229647E-02 8.952189285E-02 -4.982292438E-03 -4.982290481E-03 -4.982294147E-03 
6.830457717E+02 9.948938831E-02 9.948968401E-02 9.948913015E-02 -4.878135836E-03 -4.878132548E-03 -4.878138707E-03 
6.921731598E+02 1.156953590E-01 1.156958797E-01 1.156949043E-01 -4.703696316E-03 -4.703690874E-03 -4.703701066E-03 
6.938931396E+02 1.199609264E-01 1.199615215E-01 1.199604069E-01 -4.660088025E-03 -4.660082019E-03 -4.660093269E-03 
6.956131193E+02 1.248616026E-01 1.248622912E-01 1.248610015E-01 -4.611851924E-03 -4.611845269E-03 -4.611857733E-03 
6.973330991E+02 1.305739343E-01 1.305747427E-01 1.305732286E-01 -4.558245581E-03 -4.558238169E-03 -4.558252052E-03 
6.990530788E+02 1.373446335E-01 1.373455991E-01 1.373437904E-01 -4.498309041E-03 -4.498300732E-03 -4.498316296E-03 
7.007730586E+02 1.455325092E-01 1.455336871E-01 1.455314808E-01 -4.430778059E-03 -4.430768663E-03 -4.430786262E-03 
7.024930383E+02 1.555826481E-01 1.555841147E-01 1.555813676E-01 -4.354076520E-03 -4.354065789E-03 -4.354085888E-03 
7.042130181E+02 1.682720622E-01 1.682739383E-01 1.682704242E-01 -4.265855011E-03 -4.265842591E-03 -4.265865855E-03 
7.059329978E+02 1.848421099E-01 1.848445945E-01 1.848399408E-01 -4.162752782E-03 -4.162738153E-03 -4.162765553E-03 
7.082209118E+02 2.161538745E-01 2.161573068E-01 2.161508780E-01 -3.993419560E-03 -3.993400941E-03 -3.993435815E-03 
7.105088258E+02 2.666219683E-01 2.666282142E-01 2.666165156E-01 -3.773161871E-03 -3.773136686E-03 -3.773183859E-03 
7.127967397E+02 3.590982525E-01 3.591108708E-01 3.590872367E-01 -3.457331472E-03 -3.457293839E-03 -3.457364327E-03 
7.150846537E+02 5.325289779E-01 5.325515878E-01 5.325092389E-01 -2.961745287E-03 -2.961684309E-03 -2.961798522E-03 
7.156641602E+02 5.946624642E-01 5.946877297E-01 5.946404065E-01 -2.793407628E-03 -2.793338337E-03 -2.793468120E-03 
7.162436668E+02 6.622688215E-01 6.622956250E-01 6.622454207E-01 -2.602445925E-03 -2.602367594E-03 -2.602514310E-03 
7.168231733E+02 7.316838991E-01 7.317104548E-01 7.316607140E-01 -2.387520212E-03 -2.387432606E-03 -2.387596694E-03 
7.174026798E+02 7.979934413E-01 7.980176984E-01 7.979722623E-01 -2.149015087E-03 -2.148918632E-03 -2.149099296E-03 
7.179821864E+02 8.559040390E-01 8.559243974E-01 8.558862635E-01 -1.889092601E-03 -1.888988608E-03 -1.889183391E-03 
7.185616929E+02 9.022859064E-01 9.023016509E-01 9.022721591E-01 -1.611223653E-03 -1.611113587E-03 -1.611319746E-03 
7.191411994E+02 9.363266448E-01 9.363377914E-01 9.363169119E-01 -1.319286233E-03 -1.319171424E-03 -1.319386467E-03 
7.197207059E+02 9.596058560E-01 9.596132078E-01 9.595994365E-01 -1.017473910E-03 -1.017355799E-03 -1.017577028E-03 
7.200867286E+02 9.701731912E-01 9.701787693E-01 9.701683205E-01 -8.235389165E-04 -8.234194330E-04 -8.236432322E-04 
7.204527512E+02 9.781460670E-01 9.781502352E-01 9.781424274E-01 -6.276369111E-04 -6.275164056E-04 -6.277421192E-04 
7.208187738E+02 9.840095432E-01 9.840126192E-01 9.840068573E-01 -4.302095970E-04 -4.300883506E-04 -4.303154520E-04 
7.211847964E+02 9.882931983E-01 9.882954454E-01 9.882912360E-01 -2.317366925E-04 -2.316149167E-04 -2.318430099E-04 
7.215508190E+02 9.914663446E-01 9.914679642E-01 9.914649303E-01 -3.260369937E-05 -3.248154463E-05 -3.271034767E-05 
7.219168417E+02 9.937428099E-01 9.937439608E-01 9.937418049E-01 1.670559575E-04 1.671783705E-04 1.669490837E-04 
7.222828643E+02 9.953169118E-01 9.953177204E-01 9.953162058E-01 3.670984113E-04 3.672209879E-04 3.669913946E-04 
7.226488869E+02 9.964024050E-01 9.964029624E-01 9.964019183E-01 5.673614593E-04 5.674841340E-04 5.672543568E-04 
7.231901491E+02 9.975102628E-01 9.975105444E-01 9.975100169E-01 8.636175564E-04 8.637403107E-04 8.635103846E-04 
7.237314112E+02 9.980681053E-01 9.980682140E-01 9.980680103E-01 1.159992412E-03 1.160115171E-03 1.159885235E-03 
7.242726733E+02 9.981535531E-01 9.981535783E-01 9.981535311E-01 1.456433304E-03 1.456556003E-03 1.456326181E-03 
7.248139355E+02 9.980532944E-01 9.980532725E-01 9.980533135E-01 1.752729112E-03 1.752851725E-03 1.752622062E-03 
7.254661899E+02 9.979612163E-01 9.979611334E-01 9.979612887E-01 2.109391829E-03 2.109514346E-03 2.109284864E-03 
7.261184442E+02 9.977229342E-01 9.977228177E-01 9.977230360E-01 2.465761881E-03 2.465884283E-03 2.465655017E-03 
7.267706986E+02 9.973321037E-01 9.973319823E-01 9.973322097E-01 2.821844470E-03 2.821966736E-03 2.821737724E-03 
7.274229530E+02 9.969162886E-01 9.969161670E-01 9.969163948E-01 3.177548598E-03 3.177670725E-03 3.177441974E-03 
7.283310111E+02 9.964597387E-01 9.964595936E-01 9.964598655E-01 3.672007316E-03 3.672129267E-03 3.671900846E-03 
7.292390692E+02 9.959282928E-01 9.959281380E-01 9.959284279E-01 4.165753117E-03 4.165874881E-03 4.165646810E-03 
7.301471273E+02 9.952656227E-01 9.952654828E-01 9.952657449E-01 4.658826785E-03 4.658948345E-03 4.658720655E-03 
7.310551853E+02 9.946258051E-01 9.946256755E-01 9.946259182E-01 5.151118454E-03 5.151239813E-03 5.151012499E-03 
7.322797284E+02 9.941382882E-01 9.941381019E-01 9.941384509E-01 5.813507017E-03 5.813628157E-03 5.813401254E-03 
7.335042715E+02 9.934374043E-01 9.934372012E-01 9.934375815E-01 6.474659024E-03 6.474779915E-03 6.474553478E-03 
7.347288146E+02 9.922476992E-01 9.922475715E-01 9.922478106E-01 7.134773526E-03 7.134894104E-03 7.134668254E-03 
7.359533577E+02 9.912319589E-01 9.912318734E-01 9.912320335E-01 7.793372827E-03 7.793493116E-03 7.793267808E-03 
7.369140959E+02 9.909848907E-01 9.909847324E-01 9.909850290E-01 8.308719446E-03 8.308839584E-03 8.308614559E-03 
7.378748340E+02 9.905101808E-01 9.905099936E-01 9.905103442E-01 8.823378905E-03 8.823498859E-03 8.823274177E-03 
7.388355721E+02 9.896156701E-01 9.896155369E-01 9.896157864E-01 9.337491566E-03 9.337611277E-03 9.337387050E-03 
7.397963102E+02 9.888052477E-01 9.888051516E-01 9.888053316E-01 9.850688558E-03 9.850808039E-03 9.850584244E-03 
7.407570483E+02 9.884676122E-01 9.884674584E-01 9.884677464E-01 1.036268544E-02 1.036280476E-02 1.036258127E-02 
7.417177864E+02 9.879568946E-01 9.879567178E-01 9.879570490E-01 1.087395822E-02 1.087407736E-02 1.087385421E-02 
7.426785245E+02 9.871326548E-01 9.871325185E-01 9.871327739E-01 1.138461115E-02 1.138473005E-02 1.138450734E-02 
7.436392626E+02 9.863684342E-01 9.863683259E-01 9.863685287E-01 1.189436758E-02 1.189448626E-02 1.189426397E-02 
7.447243167E+02 9.859921079E-01 9.859919305E-01 9.859922627E-01 1.246869939E-02 1.246881789E-02 1.246859594E-02 
7.458093707E+02 9.853996335E-01 9.853994318E-01 9.853998097E-01 1.304210815E-02 1.304222643E-02 1.304200487E-02 
7.468944248E+02 9.843613316E-01 9.843611988E-01 9.843614476E-01 1.361476552E-02 1.361488353E-02 1.361466249E-02 
7.479794788E+02 9.834421435E-01 9.834420543E-01 9.834422214E-01 1.418624901E-02 1.418636676E-02 1.418614621E-02 
7.491199600E+02 9.832786259E-01 9.832784079E-01 9.832788162E-01 1.478515658E-02 1.478527418E-02 1.478505390E-02 
7.502604411E+02 9.827263366E-01 9.827260753E-01 9.827265648E-01 1.538316268E-02 1.538328007E-02 1.538306019E-02 
7.514009222E+02 9.813412786E-01 9.813411596E-01 9.813413825E-01 1.598059967E-02 1.598071672E-02 1.598049748E-02 
7.525414033E+02 9.801981585E-01 9.801981271E-01 9.801981858E-01 1.657665580E-02 1.657677254E-02 1.657655387E-02 
7.535995610E+02 9.802596186E-01 9.802594076E-01 9.802598029E-01 1.712777103E-02 1.712788769E-02 1.712766918E-02 
7.546577187E+02 9.798446036E-01 9.798443252E-01 9.798448466E-01 1.767822579E-02 1.767834227E-02 1.767812409E-02 
7.557158764E+02 9.784862813E-01 9.784861644E-01 9.784863833E-01 1.822837212E-02 1.822848825E-02 1.822827072E-02 
7.567740342E+02 9.773490574E-01 9.773490474E-01 9.773490660E-01 1.877731757E-02 1.877743341E-02 1.877721644E-02 
7.577295879E+02 9.772610459E-01 9.772608997E-01 9.772611736E-01 1.927143143E-02 1.927154716E-02 1.927133038E-02 
7.586851417E+02 9.768585691E-01 9.768583647E-01 9.768587475E-01 1.976495481E-02 1.976507040E-02 1.976485390E-02 
7.596406955E+02 9.759260683E-01 9.759259408E-01 9.759261796E-01 2.025805490E-02 2.025817022E-02 2.025795421E-02 
7.605962493E+02 9.750708890E-01 9.750708183E-01 9.750709507E-01 2.075025676E-02 2.075037183E-02 2.075015629E-02 
7.615675667E+02 9.747216393E-01 9.747214919E-01 9.747217681E-01 2.124931407E-02 2.124942900E-02 2.124921373E-02 
7.625388841E+02 9.741992424E-01 9.741990624E-01 9.741993995E-01 2.174764522E-02 2.174775998E-02 2.174754503E-02 
7.635102015E+02 9.733857719E-01 9.733856349E-01 9.733858916E-01 2.224534373E-02 2.224545825E-02 2.224524375E-02 
7.644815188E+02 9.726156857E-01 9.726155801E-01 9.726157779E-01 2.274214524E-02 2.274225953E-02 2.274204545E-02 
7.655946983E+02 9.721283692E-01 9.721281957E-01 9.721285207E-01 2.331013151E-02 2.331024562E-02 2.331003189E-02 
7.667078777E+02 9.714763778E-01 9.714761792E-01 9.714765511E-01 2.387711808E-02 2.387723197E-02 2.387701864E-02 
7.678210571E+02 9.704982690E-01 9.704981310E-01 9.704983895E-01 2.444323426E-02 2.444334788E-02 2.444313506E-02 
7.689342365E+02 9.695986905E-01 9.695985920E-01 9.695987764E-01 2.500815681E-02 2.500827017E-02 2.500805785E-02 
7.701760123E+02 9.692239123E-01 9.692236880E-01 9.692241083E-01 2.563650296E-02 2.563661616E-02 2.563640413E-02 
7.714177881E+02 9.685377385E-01 9.685374726E-01 9.685379707E-01 2.626369611E-02 2.626380908E-02 2.626359748E-02 
7.726595640E+02 9.671757724E-01 9.671756501E-01 9.671758792E-01 2.689002931E-02 2.689014191E-02 2.688993101E-02 
7.739013398E+02 9.660168843E-01 9.660168491E-01 9.660169149E-01 2.751479209E-02 2.751490436E-02 2.751469407E-02 
7.750998477E+02 9.659967201E-01 9.659964527E-01 9.659969536E-01 2.811556758E-02 2.811567978E-02 2.811546962E-02 
7.762983555E+02 9.654594831E-01 9.654591345E-01 9.654597875E-01 2.871546188E-02 2.871557390E-02 2.871536409E-02 
7.774968634E+02 9.638371179E-01 9.638370123E-01 9.638372101E-01 2.931493249E-02 2.931504406E-02 2.931483508E-02 
7.786953713E+02 9.625087372E-01 9.625087853E-01 9.625086951E-01 2.991285029E-02 2.991296149E-02 2.991275321E-02 
7.797454101E+02 9.624895391E-01 9.624893695E-01 9.624896871E-01 3.043468700E-02 3.043479816E-02 3.043458995E-02 
7.807954490E+02 9.620606533E-01 9.620603930E-01 9.620608807E-01 3.095586669E-02 3.095597771E-02 3.095576977E-02 
7.818454879E+02 9.609109763E-01 9.609108558E-01 9.609110815E-01 3.147664647E-02 3.147675714E-02 3.147654984E-02 
7.828955267E+02 9.598803594E-01 9.598803400E-01 9.598803763E-01 3.199632171E-02 3.199643209E-02 3.199622535E-02 
7.838942633E+02 9.595501585E-01 9.595500240E-01 9.595502759E-01 3.248913111E-02 3.248924137E-02 3.248903484E-02 
7.848929999E+02 9.590203063E-01 9.590201207E-01 9.590204684E-01 3.298120535E-02 3.298131545E-02 3.298110922E-02 
7.858917365E+02 9.581769563E-01 9.581768216E-01 9.581770740E-01 3.347264177E-02 3.347275162E-02 3.347254586E-02 
7.868904731E+02 9.573677198E-01 9.573676244E-01 9.573678030E-01 3.396314396E-02 3.396325357E-02 3.396304827E-02 
7.880185240E+02 9.568064057E-01 9.568062388E-01 9.568065513E-01 3.451576587E-02 3.451587531E-02 3.451567033E-02 
7.891465749E+02 9.561108872E-01 9.561106921E-01 9.561110575E-01 3.506735056E-02 3.506745979E-02 3.506725520E-02 
7.902746258E+02 9.551686958E-01 9.551685525E-01 9.551688209E-01 3.561799555E-02 3.561810450E-02 3.561790043E-02 
7.914026767E+02 9.542748571E-01 9.542747494E-01 9.542749512E-01 3.616744646E-02 3.616755514E-02 3.616735157E-02 
7.927304496E+02 9.536793717E-01 9.536791554E-01 9.536795606E-01 3.681230613E-02 3.681241463E-02 3.681221139E-02 
7.940582225E+02 9.528621536E-01 9.528619009E-01 9.528623742E-01 3.745576497E-02 3.745587323E-02 3.745567045E-02 
7.953859953E+02 9.515675944E-01 9.515674622E-01 9.515677097E-01 3.809804639E-02 3.809815427E-02 3.809795220E-02 
7.967137682E+02 9.504126904E-01 9.504126319E-01 9.504127414E-01 3.873861046E-02 3.873871801E-02 3.873851657E-02 
7.980828139E+02 9.501703437E-01 9.501700340E-01 9.501706142E-01 3.939658664E-02 3.939669412E-02 3.939649280E-02 
7.994518595E+02 9.494426240E-01 9.494422319E-01 9.494429665E-01 4.005330121E-02 4.005340848E-02 4.005320756E-02 
8.008209051E+02 9.476527875E-01 9.476526885E-01 9.476528739E-01 4.070925860E-02 4.070936533E-02 4.070916542E-02 
8.021899507E+02 9.461837170E-01 9.461837958E-01 9.461836481E-01 4.136323253E-02 4.136333883E-02 4.136313973E-02 
8.033924751E+02 9.461830020E-01 9.461827602E-01 9.461832131E-01 4.193512037E-02 4.193522670E-02 4.193502754E-02 
8.045949994E+02 9.456619027E-01 9.456615352E-01 9.456622237E-01 4.250617785E-02 4.250628404E-02 4.250608515E-02 
8.057975238E+02 9.441492440E-01 9.441491350E-01 9.441493392E-01 4.307682391E-02 4.307692961E-02 4.307673162E-02 
8.070000481E+02 9.428407132E-01 9.428407820E-01 9.428406530E-01 4.364597258E-02 4.364607788E-02 4.364588065E-02 
8.080674183E+02 9.425524721E-01 9.425523538E-01 9.425525753E-01 4.414926437E-02 4.414936962E-02 4.414917248E-02 
8.091347886E+02 9.420028335E-01 9.420026302E-01 9.420030110E-01 4.465177115E-02 4.465187625E-02 4.465167939E-02 
8.102021588E+02 9.410533537E-01 9.410532250E-01 9.410534661E-01 4.515362189E-02 4.515372670E-02 4.515353038E-02 
8.112695290E+02 9.401397165E-01 9.401396475E-01 9.401397767E-01 4.565441011E-02 4.565451465E-02 4.565431885E-02 
8.124151991E+02 9.395330479E-01 9.395328922E-01 9.395331838E-01 4.619044115E-02 4.619054553E-02 4.619035002E-02 
8.135608691E+02 9.387993014E-01 9.387991086E-01 9.387994698E-01 4.672540862E-02 4.672551280E-02 4.672531766E-02 
8.147065392E+02 9.378551484E-01 9.378550012E-01 9.378552769E-01 4.725939185E-02 4.725949576E-02 4.725930114E-02 
8.158522092E+02 9.369395603E-01 9.369394468E-01 9.369396593E-01 4.779216504E-02 4.779226867E-02 4.779207456E-02 
8.172445862E+02 9.361572408E-01 9.361570378E-01 9.361574180E-01 4.843775808E-02 4.843786151E-02 4.843766777E-02 
8.186369632E+02 9.352234688E-01 9.352232343E-01 9.352236736E-01 4.908175014E-02 4.908185331E-02 4.908166005E-02 
8.200293402E+02 9.339754753E-01 9.339753300E-01 9.339756022E-01 4.972429792E-02 4.972440073E-02 4.972420816E-02 
8.214217172E+02 9.328097130E-01 9.328096240E-01 9.328097907E-01 5.036502008E-02 5.036512255E-02 5.036493062E-02 
8.229758277E+02 9.322192187E-01 9.322189106E-01 9.322194877E-01 5.107741698E-02 5.107751934E-02 5.107732762E-02 
8.245299381E+02 9.312493328E-01 9.312489554E-01 9.312496625E-01 5.178801084E-02 5.178811294E-02 5.178792169E-02 
8.260840486E+02 9.294331941E-01 9.294330846E-01 9.294332897E-01 5.249725429E-02 5.249735582E-02 5.249716565E-02 
8.276381591E+02 9.278852082E-01 9.278852573E-01 9.278851652E-01 5.320405605E-02 5.320415711E-02 5.320396782E-02 
8.290630108E+02 9.277488254E-01 9.277484765E-01 9.277491301E-01 5.384890409E-02 5.384900524E-02 5.384881578E-02 
8.304878626E+02 9.270196177E-01 9.270191255E-01 9.270200477E-01 5.449251988E-02 5.449262086E-02 5.449243171E-02 
8.319127143E+02 9.250645164E-01 9.250644233E-01 9.250645976E-01 5.513552169E-02 5.513562199E-02 5.513543412E-02 
8.333375661E+02 9.234196840E-01 9.234198495E-01 9.234195393E-01 5.577637341E-02 5.577647317E-02 5.577628631E-02 
8.345451972E+02 9.231532731E-01 9.231531454E-01 9.231533846E-01 5.631696174E-02 5.631706155E-02 5.631687460E-02 
8.357528284E+02 9.225284159E-01 9.225281570E-01 9.225286421E-01 5.685660698E-02 5.685670667E-02 5.685651995E-02 
8.369604596E+02 9.213326088E-01 9.213324852E-01 9.213327167E-01 5.739552761E-02 5.739562690E-02 5.739544092E-02 
8.381680907E+02 9.201971319E-01 9.201971144E-01 9.201971470E-01 5.793306737E-02 5.793316630E-02 5.793298099E-02 
8.393664235E+02 9.195458489E-01 9.195457116E-01 9.195459688E-01 5.846467176E-02 5.846477057E-02 5.846458549E-02 
8.405647562E+02 9.187512952E-01 9.187511030E-01 9.187514630E-01 5.899513221E-02 5.899523084E-02 5.899504611E-02 
8.417630889E+02 9.177424241E-01 9.177422753E-01 9.177425541E-01 5.952452467E-02 5.952462300E-02 5.952443882E-02 
8.429614216E+02 9.167495632E-01 9.167494494E-01 9.167496625E-01 6.005260505E-02 6.005270310E-02 6.005251945E-02 
8.444152349E+02 9.158097900E-01 9.158095975E-01 9.158099581E-01 6.069124901E-02 6.069134685E-02 6.069116360E-02 
8.458690481E+02 9.147569943E-01 9.147567717E-01 9.147571887E-01 6.132810853E-02 6.132820610E-02 6.132802335E-02 
8.473228613E+02 9.134862232E-01 9.134860642E-01 9.134863620E-01 6.196329704E-02 6.196339424E-02 6.196321217E-02 
8.487766745E+02 9.122606320E-01 9.122605155E-01 9.122607336E-01 6.259652940E-02 6.259662626E-02 6.259644484E-02 
8.505159714E+02 9.112787979E-01 9.112785230E-01 9.112790380E-01 6.335107228E-02 6.335116895E-02 6.335098788E-02 
8.522552683E+02 9.100387314E-01 9.100384056E-01 9.100390159E-01 6.410316966E-02 6.410326603E-02 6.410308552E-02 
8.539945652E+02 9.082247313E-01 9.082245950E-01 9.082248503E-01 6.485316893E-02 6.485326474E-02 6.485308529E-02 
8.557338621E+02 9.065860565E-01 9.065860329E-01 9.065860770E-01 6.560023729E-02 6.560033261E-02 6.560015406E-02 
8.574496949E+02 9.060557289E-01 9.060553325E-01 9.060560751E-01 6.633333638E-02 6.633343175E-02 6.633325310E-02 
8.591655276E+02 9.049706603E-01 9.049701388E-01 9.049711158E-01 6.706440388E-02 6.706449903E-02 6.706432081E-02 
8.608813604E+02 9.026790294E-01 9.026789332E-01 9.026791133E-01 6.779416503E-02 6.779425936E-02 6.779408268E-02 
8.625971932E+02 9.007323171E-01 9.007324839E-01 9.007321713E-01 6.852085407E-02 6.852094776E-02 6.852077227E-02 
8.640515583E+02 9.003281070E-01 9.003279046E-01 9.003282837E-01 6.913329029E-02 6.913338410E-02 6.913320839E-02 
8.655059235E+02 8.994760383E-01 8.994756793E-01 8.994763520E-01 6.974433833E-02 6.974443201E-02 6.974425654E-02 
8.669602886E+02 8.978430536E-01 8.978429239E-01 8.978431669E-01 7.035438639E-02 7.035447949E-02 7.035430511E-02 
8.684146538E+02 8.963254646E-01 8.963255042E-01 8.963254298E-01 7.096236706E-02 7.096245966E-02 7.096228622E-02 
8.697573986E+02 8.955594901E-01 8.955593658E-01 8.955595985E-01 7.152121708E-02 7.152130960E-02 7.152113630E-02 
8.711001434E+02 8.946130612E-01 8.946128596E-01 8.946132373E-01 7.207864488E-02 7.207873721E-02 7.207856427E-02 
8.724428883E+02 8.934084648E-01 8.934083115E-01 8.934085986E-01 7.263474682E-02 7.263483881E-02 7.263466650E-02 
8.737856331E+02 8.922143892E-01 8.922142774E-01 8.922144867E-01 7.318919124E-02 7.318928291E-02 7.318911121E-02 
8.753522114E+02 8.910773258E-01 8.910771372E-01 8.910774905E-01 7.383366294E-02 7.383375438E-02 7.383358311E-02 
8.769187896E+02 8.898381557E-01 8.898379350E-01 8.898383484E-01 7.447602192E-02 7.447611307E-02 7.447594234E-02 
8.784853679E+02 8.884202034E-01 8.884200288E-01 8.884203559E-01 7.511636403E-02 7.511645479E-02 7.511628478E-02 
8.800519461E+02 8.870263574E-01 8.870262156E-01 8.870264811E-01 7.575443042E-02 7.575452082E-02 7.575435149E-02 
8.819990716E+02 8.856302628E-01 8.856300186E-01 8.856304760E-01 7.654392649E-02 7.654401662E-02 7.654384780E-02 
8.839461971E+02 8.840578047E-01 8.840575254E-01 8.840580487E-01 7.733017593E-02 7.733026570E-02 7.733009755E-02 
8.858933226E+02 8.821049405E-01 8.821047709E-01 8.821050885E-01 7.811344168E-02 7.811353090E-02 7.811336379E-02 
8.878404481E+02 8.802500244E-01 8.802499225E-01 8.802501132E-01 7.889308960E-02 7.889317833E-02 7.889301214E-02 
8.899145381E+02 8.790526280E-01 8.790522897E-01 8.790529235E-01 7.971869196E-02 7.971878056E-02 7.971861460E-02 
8.919886281E+02 8.774405088E-01 8.774400918E-01 8.774408731E-01 8.054088812E-02 8.054097639E-02 8.054081106E-02 
8.940627181E+02 8.749164928E-01 8.749163493E-01 8.749166180E-01 8.136034252E-02 8.136042998E-02 8.136026615E-02 
8.961368081E+02 8.726488803E-01 8.726489041E-01 8.726488592E-01 8.217544810E-02 8.217553491E-02 8.217537231E-02 
8.979869071E+02 8.717065815E-01 8.717063137E-01 8.717068153E-01 8.289765535E-02 8.289774217E-02 8.289757955E-02 
8.998370061E+02 8.703272630E-01 8.703268781E-01 8.703275993E-01 8.361730223E-02 8.361738881E-02 8.361722664E-02 
9.016871051E+02 8.681266826E-01 8.681265215E-01 8.681268233E-01 8.433492997E-02 8.433501583E-02 8.433485500E-02 
9.035372041E+02 8.660714623E-01 8.660714586E-01 8.660714653E-01 8.504913350E-02 8.504921875E-02 8.504905907E-02 
9.052147539E+02 8.649066011E-01 8.649064406E-01 8.649067412E-01 8.569292826E-02 8.569301338E-02 8.569285394E-02 
9.068923037E+02 8.635306286E-01 8.635303948E-01 8.635308327E-01 8.633439233E-02 8.633447720E-02 8.633431823E-02 
9.085698536E+02 8.618424519E-01 8.618422707E-01 8.618426101E-01 8.697367894E-02 8.697376337E-02 8.697360523E-02 
9.102474034E+02 8.601660203E-01 8.601658831E-01 8.601661400E-01 8.761028534E-02 8.761036934E-02 8.761021200E-02 
9.121151495E+02 8.585782349E-01 8.585780315E-01 8.585784125E-01 8.831549534E-02 8.831557904E-02 8.831542226E-02 
9.139828955E+02 8.568794096E-01 8.568791766E-01 8.568796130E-01 8.901756534E-02 8.901764869E-02 8.901749257E-02 
9.158506416E+02 8.549984747E-01 8.549982715E-01 8.549986521E-01 8.971660254E-02 8.971668543E-02 8.971653016E-02 
9.177183876E+02 8.531262559E-01 8.531260750E-01 8.531264138E-01 9.041228928E-02 9.041237174E-02 9.041221729E-02 
9.200329832E+02 8.510742384E-01 8.510740006E-01 8.510744461E-01 9.126932258E-02 9.126940463E-02 9.126925094E-02 
9.223475788E+02 8.488708509E-01 8.488705906E-01 8.488710782E-01 9.212144897E-02 9.212153055E-02 9.212137774E-02 
9.246621744E+02 8.463606087E-01 8.463603957E-01 8.463607947E-01 9.296891439E-02 9.296899538E-02 9.296884368E-02 
9.269767699E+02 8.438944773E-01 8.438942948E-01 8.438946366E-01 9.381108892E-02 9.381116935E-02 9.381101869E-02 
9.295442036E+02 8.416613422E-01 8.416610766E-01 8.416615740E-01 9.473822407E-02 9.473830408E-02 9.473815421E-02 
9.321116373E+02 8.391492289E-01 8.391489316E-01 8.391494886E-01 9.565938431E-02 9.565946380E-02 9.565931490E-02 
9.346790710E+02 8.360555215E-01 8.360553011E-01 8.360557138E-01 9.657509516E-02 9.657517393E-02 9.657502638E-02 
9.372465047E+02 8.330629188E-01 8.330627477E-01 8.330630681E-01 9.748403154E-02 9.748410965E-02 9.748396335E-02 
9.397388771E+02 8.307970180E-01 8.307967645E-01 8.307972394E-01 9.835881006E-02 9.835888776E-02 9.835874222E-02 
9.422312495E+02 8.282444797E-01 8.282441902E-01 8.282447326E-01 9.922787182E-02 9.922794902E-02 9.922780443E-02 
9.447236218E+02 8.251743003E-01 8.251740614E-01 8.251745089E-01 1.000916560E-01 1.000917325E-01 1.000915892E-01 
9.472159942E+02 8.221411280E-01 8.221409250E-01 8.221413051E-01 1.009489483E-01 1.009490241E-01 1.009488821E-01 
9.496904671E+02 8.195538980E-01 8.195536502E-01 8.195541144E-01 1.017927641E-01 1.017928395E-01 1.017926983E-01 
9.521649399E+02 8.167808064E-01 8.167805356E-01 8.167810428E-01 1.026305563E-01 1.026306311E-01 1.026304909E-01 
9.546394127E+02 8.137232459E-01 8.137229856E-01 8.137234731E-01 1.034625063E-01 1.034625805E-01 1.034624415E-01 
9.571138855E+02 8.106317797E-01 8.106315273E-01 8.106320000E-01 1.042879464E-01 1.042880200E-01 1.042878822E-01 
9.599407417E+02 8.072978926E-01 8.072976180E-01 8.072981324E-01 1.052222598E-01 1.052223327E-01 1.052221961E-01 
9.627675978E+02 8.037939052E-01 8.037936168E-01 8.037941571E-01 1.061481829E-01 1.061482552E-01 1.061481198E-01 
9.655944539E+02 8.000194817E-01 8.000191926E-01 8.000197341E-01 1.070658685E-01 1.070659401E-01 1.070658060E-01 
9.684213100E+02 7.961689260E-01 7.961686345E-01 7.961691805E-01 1.079746111E-01 1.079746820E-01 1.079745493E-01 
9.717548482E+02 7.917538658E-01 7.917535565E-01 7.917541360E-01 1.090337809E-01 1.090338509E-01 1.090337197E-01 
9.750883863E+02 7.870931778E-01 7.870928536E-01 7.870934608E-01 1.100804323E-01 1.100805015E-01 1.100803720E-01 
9.784219245E+02 7.820473532E-01 7.820470203E-01 7.820476438E-01 1.111147270E-01 1.111147952E-01 1.111146674E-01 
9.817554626E+02 7.768113828E-01 7.768110387E-01 7.768116832E-01 1.121354718E-01 1.121355391E-01 1.121354130E-01 
9.855102544E+02 7.708455778E-01 7.708452104E-01 7.708458985E-01 1.132675218E-01 1.132675881E-01 1.132674639E-01 
9.892650462E+02 7.645038488E-01 7.645034572E-01 7.645041907E-01 1.143815905E-01 1.143816556E-01 1.143815336E-01 
9.930198380E+02 7.576699380E-01 7.576695222E-01 7.576703010E-01 1.154773702E-01 1.154774342E-01 1.154773143E-01 
9.967746298E+02 7.503104658E-01 7.503100199E-01 7.503108552E-01 1.165532098E-01 1.165532725E-01 1.165531550E-01 
1.001421443E+03 7.402107705E-01 7.402102704E-01 7.402112070E-01 1.178544853E-01 1.178545465E-01 1.178544319E-01 
1.006068255E+03 7.290415626E-01 7.290409916E-01 7.290420612E-01 1.191204528E-01 1.191205122E-01 1.191204009E-01 
1.010715068E+03 7.164755334E-01 7.164748632E-01 7.164761185E-01 1.203472226E-01 1.203472800E-01 1.203471725E-01 
1.015361881E+03 7.011739626E-01 7.011731396E-01 7.011746812E-01 1.215294779E-01 1.215295330E-01 1.215294299E-01 
1.018251729E+03 6.894332696E-01 6.894323002E-01 6.894341160E-01 1.222385834E-01 1.222386367E-01 1.222385369E-01 
1.021141577E+03 6.755397071E-01 6.755385329E-01 6.755407322E-01 1.229237914E-01 1.229238428E-01 1.229237466E-01 
1.024031425E+03 6.583092105E-01 6.583077214E-01 6.583105107E-01 1.235801706E-01 1.235802195E-01 1.235801279E-01 
1.026921273E+03 6.355275725E-01 6.355255463E-01 6.355293415E-01 1.242001206E-01 1.242001663E-01 1.242000807E-01 
1.029811121E+03 6.016541721E-01 6.016517065E-01 6.016563248E-01 1.247680795E-01 1.247681208E-01 1.247680435E-01 
1.032700969E+03 5.528201405E-01 5.528155768E-01 5.528241247E-01 1.252742825E-01 1.252743174E-01 1.252742520E-01 
1.035590817E+03 4.577176467E-01 4.577066303E-01 4.577272640E-01 1.256569490E-01 1.256569715E-01 1.256569294E-01 
1.038480664E+03 2.439340009E-01 2.439102471E-01 2.439547382E-01 1.257731326E-01 1.257731266E-01 1.257731378E-01 
1.038725135E+03 2.171715558E-01 2.171464502E-01 2.171934733E-01 1.257639992E-01 1.257639896E-01 1.257640076E-01 
1.038969606E+03 1.889758222E-01 1.889494631E-01 1.889988343E-01 1.257508350E-01 1.257508216E-01 1.257508466E-01 
1.039214076E+03 1.594892565E-01 1.594618050E-01 1.595132224E-01 1.257334417E-01 1.257334244E-01 1.257334568E-01 
1.039458547E+03 1.289274186E-01 1.288991061E-01 1.289521363E-01 1.257116478E-01 1.257116264E-01 1.257116665E-01 
1.039703017E+03 9.758039526E-02 9.755152646E-02 9.760559903E-02 1.256853150E-01 1.256852894E-01 1.256853373E-01 
1.039947488E+03 6.582691103E-02 6.579785963E-02 6.585227451E-02 1.256543553E-01 1.256543255E-01 1.256543813E-01 
1.040191959E+03 3.410207547E-02 3.407326583E-02 3.412722821E-02 1.256187424E-01 1.256187083E-01 1.256187721E-01 
1.040436429E+03 2.883352326E-03 2.855234922E-03 2.907901042E-03 1.255785173E-01 1.255784790E-01 1.255785506E-01 
1.040922268E+03 -5.568856814E-02 -5.571401768E-02 -5.566634803E-02 1.254853402E-01 1.254852941E-01 1.254853804E-01 
1.041408107E+03 -1.069201126E-01 -1.069416328E-01 -1.069013227E-01 1.253762143E-01 1.253761614E-01 1.253762604E-01 
1.041893946E+03 -1.488415106E-01 -1.488585150E-01 -1.488266632E-01 1.252535749E-01 1.252535164E-01 1.252536259E-01 
1.042379785E+03 -1.810207528E-01 -1.810333956E-01 -1.810097134E-01 1.251201436E-01 1.251200809E-01 1.251201985E-01 
1.042662479E+03 -1.956330505E-01 -1.956434816E-01 -1.956239423E-01 1.250386831E-01 1.250386184E-01 1.250387396E-01 
1.042945172E+03 -2.076132265E-01 -2.076217177E-01 -2.076058121E-01 1.249549923E-01 1.249549260E-01 1.249550502E-01 
1.043227866E+03 -2.172916545E-01 -2.172984874E-01 -2.172856880E-01 1.248694681E-01 1.248694005E-01 1.248695271E-01 
1.043510559E+03 -2.250342276E-01 -2.250396750E-01 -2.250294710E-01 1.247824917E-01 1.247824231E-01 1.247825515E-01 
1.043793252E+03 -2.312072651E-01 -2.312115727E-01 -2.312035037E-01 1.246943934E-01 1.246943240E-01 1.246944540E-01 
1.044075946E+03 -2.360730129E-01 -2.360763952E-01 -2.360700595E-01 1.246053846E-01 1.246053146E-01 1.246054457E-01 
1.044358639E+03 -2.398650995E-01 -2.398677403E-01 -2.398627935E-01 1.245156510E-01 1.245155805E-01 1.245157125E-01 
1.044641332E+03 -2.428134270E-01 -2.428154786E-01 -2.428116356E-01 1.244253718E-01 1.244253009E-01 1.244254337E-01 
1.044991053E+03 -2.455945219E-01 -2.455960075E-01 -2.455932246E-01 1.243131543E-01 1.243130831E-01 1.243132165E-01 
1.045340774E+03 -2.476022410E-01 -2.476033064E-01 -2.476013107E-01 1.242004727E-01 1.242004012E-01 1.242005351E-01 
1.045690494E+03 -2.490052734E-01 -2.490060339E-01 -2.490046093E-01 1.240874444E-01 1.240873727E-01 1.240875069E-01 
1.046040215E+03 -2.499918493E-01 -2.499923869E-01 -2.499913798E-01 1.239742033E-01 1.239741315E-01 1.239742659E-01 
1.046441205E+03 -2.508008063E-01 -2.508011539E-01 -2.508005028E-01 1.238442307E-01 1.238441589E-01 1.238442934E-01 
1.046842196E+03 -2.513177992E-01 -2.513180145E-01 -2.513176112E-01 1.237141497E-01 1.237140778E-01 1.237142124E-01 
1.047243186E+03 -2.516077244E-01 -2.516078524E-01 -2.516076127E-01 1.235840034E-01 1.235839315E-01 1.235840661E-01 
1.047644176E+03 -2.517617722E-01 -2.517618401E-01 -2.517617128E-01 1.234538539E-01 1.234537820E-01 1.234539166E-01 
1.048146251E+03 -2.518661217E-01 -2.518661328E-01 -2.518661121E-01 1.232909603E-01 1.232908885E-01 1.232910230E-01 
1.048648325E+03 -2.518637974E-01 -2.518637728E-01 -2.518638189E-01 1.231281318E-01 1.231280600E-01 1.231281945E-01 
1.049150400E+03 -2.517716716E-01 -2.517716293E-01 -2.517717085E-01 1.229653794E-01 1.229653077E-01 1.229654421E-01 
1.049652474E+03 -2.516434371E-01 -2.516433845E-01 -2.516434831E-01 1.228027391E-01 1.228026674E-01 1.228028016E-01 
1.050304539E+03 -2.514828223E-01 -2.514827550E-01 -2.514828810E-01 1.225917185E-01 1.225916468E-01 1.225917810E-01 
1.050956604E+03 -2.512875548E-01 -2.512874798E-01 -2.512876202E-01 1.223809038E-01 1.223808323E-01 1.223809663E-01 
1.051608669E+03 -2.510531490E-01 -2.510530742E-01 -2.510532144E-01 1.221702920E-01 1.221702205E-01 1.221703543E-01 
1.052260734E+03 -2.508151515E-01 -2.508150775E-01 -2.508152161E-01 1.219599064E-01 1.219598351E-01 1.219599688E-01 
1.053149951E+03 -2.505291174E-01 -2.505290369E-01 -2.505291877E-01 1.216733994E-01 1.216733281E-01 1.216734616E-01 
1.054039168E+03 -2.502230491E-01 -2.502229661E-01 -2.502231215E-01 1.213873036E-01 1.213872324E-01 1.213873657E-01 
1.054928385E+03 -2.498798853E-01 -2.498798071E-01 -2.498799536E-01 1.211016071E-01 1.211015360E-01 1.211016692E-01 
1.055817602E+03 -2.495445423E-01 -2.495444674E-01 -2.495446078E-01 1.208163398E-01 1.208162689E-01 1.208164018E-01 
1.056986566E+03 -2.492191480E-01 -2.492190549E-01 -2.492192293E-01 1.204420500E-01 1.204419792E-01 1.204421118E-01 
1.058155529E+03 -2.488270587E-01 -2.488269605E-01 -2.488271445E-01 1.200684460E-01 1.200683753E-01 1.200685077E-01 
1.059324493E+03 -2.482810516E-01 -2.482809780E-01 -2.482811159E-01 1.196954681E-01 1.196953976E-01 1.196955297E-01 
1.060493456E+03 -2.477920172E-01 -2.477919571E-01 -2.477920696E-01 1.193232579E-01 1.193231876E-01 1.193233194E-01 
1.061363670E+03 -2.475860818E-01 -2.475860011E-01 -2.475861522E-01 1.190467531E-01 1.190466828E-01 1.190468145E-01 
1.062233883E+03 -2.473172962E-01 -2.473172073E-01 -2.473173739E-01 1.187706087E-01 1.187705385E-01 1.187706700E-01 
1.063104096E+03 -2.469379444E-01 -2.469378687E-01 -2.469380105E-01 1.184947920E-01 1.184947219E-01 1.184948532E-01 
1.063974309E+03 -2.465787830E-01 -2.465787167E-01 -2.465788409E-01 1.182193915E-01 1.182193216E-01 1.182194526E-01 
1.064844522E+03 -2.463363072E-01 -2.463362274E-01 -2.463363770E-01 1.179444728E-01 1.179444029E-01 1.179445338E-01 
1.065714735E+03 -2.460529582E-01 -2.460528729E-01 -2.460530328E-01 1.176699278E-01 1.176698581E-01 1.176699887E-01 
1.066584948E+03 -2.456982433E-01 -2.456981665E-01 -2.456983104E-01 1.173957354E-01 1.173956657E-01 1.173957962E-01 
1.067455161E+03 -2.453563053E-01 -2.453562345E-01 -2.453563672E-01 1.171219527E-01 1.171218832E-01 1.171220135E-01 
1.068457354E+03 -2.450732866E-01 -2.450732010E-01 -2.450733614E-01 1.168072196E-01 1.168071502E-01 1.168072803E-01 
1.069459546E+03 -2.447411450E-01 -2.447410542E-01 -2.447412242E-01 1.164929835E-01 1.164929142E-01 1.164930440E-01 
1.070461739E+03 -2.443077342E-01 -2.443076581E-01 -2.443078006E-01 1.161792080E-01 1.161791388E-01 1.161792684E-01 
1.071463932E+03 -2.439020843E-01 -2.439020175E-01 -2.439021427E-01 1.158659812E-01 1.158659121E-01 1.158660415E-01 
1.072536509E+03 -2.436664251E-01 -2.436663291E-01 -2.436665089E-01 1.155314793E-01 1.155314104E-01 1.155315395E-01 
1.073609086E+03 -2.433310739E-01 -2.433309684E-01 -2.433311660E-01 1.151975138E-01 1.151974450E-01 1.151975739E-01 
1.074681663E+03 -2.427793227E-01 -2.427792506E-01 -2.427793856E-01 1.148640034E-01 1.148639347E-01 1.148640633E-01 
1.075754240E+03 -2.422947110E-01 -2.422946589E-01 -2.422947564E-01 1.145311435E-01 1.145310749E-01 1.145312033E-01 
1.076740767E+03 -2.421567029E-01 -2.421566077E-01 -2.421567860E-01 1.142257340E-01 1.142256655E-01 1.142257938E-01 
1.077727294E+03 -2.418817427E-01 -2.418816319E-01 -2.418818395E-01 1.139207389E-01 1.139206706E-01 1.139207986E-01 
1.078713820E+03 -2.413322846E-01 -2.413322139E-01 -2.413323463E-01 1.136160623E-01 1.136159941E-01 1.136161219E-01 
1.079700347E+03 -2.408528240E-01 -2.408527791E-01 -2.408528631E-01 1.133119435E-01 1.133118755E-01 1.133120030E-01 
1.080563034E+03 -2.407034647E-01 -2.407033874E-01 -2.407035321E-01 1.130466060E-01 1.130465380E-01 1.130466654E-01 
1.081425720E+03 -2.404625652E-01 -2.404624742E-01 -2.404626447E-01 1.127815926E-01 1.127815247E-01 1.127816519E-01 
1.082288407E+03 -2.400693457E-01 -2.400692723E-01 -2.400694097E-01 1.125168603E-01 1.125167925E-01 1.125169195E-01 
1.083151093E+03 -2.396991031E-01 -2.396990427E-01 -2.396991559E-01 1.122525319E-01 1.122524642E-01 1.122525910E-01 
1.084002557E+03 -2.394753924E-01 -2.394753154E-01 -2.394754596E-01 1.119921214E-01 1.119920538E-01 1.119921804E-01 
1.084854022E+03 -2.392060801E-01 -2.392059960E-01 -2.392061535E-01 1.117320557E-01 1.117319882E-01 1.117321146E-01 
1.085705486E+03 -2.388631441E-01 -2.388630681E-01 -2.388632104E-01 1.114723146E-01 1.114722472E-01 1.114723734E-01 
1.086556950E+03 -2.385302128E-01 -2.385301429E-01 -2.385302738E-01 1.112129567E-01 1.112128894E-01 1.112130155E-01 
1.087529485E+03 -2.382436428E-01 -2.382435605E-01 -2.382437146E-01 1.109172463E-01 1.109171791E-01 1.109173049E-01 
1.088502020E+03 -2.379193150E-01 -2.379192280E-01 -2.379193909E-01 1.106219989E-01 1.106219318E-01 1.106220575E-01 
1.089474556E+03 -2.375219451E-01 -2.375218686E-01 -2.375220120E-01 1.103271891E-01 1.103271221E-01 1.103272475E-01 
1.090447091E+03 -2.371417835E-01 -2.371417138E-01 -2.371418444E-01 1.100328802E-01 1.100328134E-01 1.100329386E-01 
1.091551788E+03 -2.368529269E-01 -2.368528356E-01 -2.368530065E-01 1.096992705E-01 1.096992037E-01 1.096993287E-01 
1.092656486E+03 -2.364932886E-01 -2.364931903E-01 -2.364933744E-01 1.093662395E-01 1.093661729E-01 1.093662977E-01 
1.093761183E+03 -2.359799073E-01 -2.359798336E-01 -2.359799716E-01 1.090337275E-01 1.090336611E-01 1.090337856E-01 
1.094865880E+03 -2.355142619E-01 -2.355142030E-01 -2.355143132E-01 1.087018775E-01 1.087018112E-01 1.087019354E-01 
1.095947613E+03 -2.353293777E-01 -2.353292770E-01 -2.353294656E-01 1.083777272E-01 1.083776610E-01 1.083777850E-01 
1.097029346E+03 -2.350114262E-01 -2.350113115E-01 -2.350115264E-01 1.080540820E-01 1.080540159E-01 1.080541397E-01 
1.098111079E+03 -2.344106379E-01 -2.344105685E-01 -2.344106985E-01 1.077308340E-01 1.077307681E-01 1.077308916E-01 
1.099192812E+03 -2.338929421E-01 -2.338929006E-01 -2.338929784E-01 1.074082453E-01 1.074081795E-01 1.074083027E-01 
1.100128615E+03 -2.337571356E-01 -2.337570521E-01 -2.337572086E-01 1.071298820E-01 1.071298163E-01 1.071299394E-01 
1.101064419E+03 -2.335029624E-01 -2.335028621E-01 -2.335030500E-01 1.068518806E-01 1.068518150E-01 1.068519379E-01 
1.102000222E+03 -2.330362689E-01 -2.330361974E-01 -2.330363313E-01 1.065741728E-01 1.065741073E-01 1.065742300E-01 
1.102936025E+03 -2.326103172E-01 -2.326102657E-01 -2.326103621E-01 1.062969413E-01 1.062968759E-01 1.062969984E-01 
1.103792521E+03 -2.324106730E-01 -2.324105989E-01 -2.324107377E-01 1.060437335E-01 1.060436682E-01 1.060437905E-01 
1.104649016E+03 -2.321524598E-01 -2.321523757E-01 -2.321525332E-01 1.057908565E-01 1.057907913E-01 1.057909135E-01 
1.105505512E+03 -2.318034153E-01 -2.318033408E-01 -2.318034803E-01 1.055382866E-01 1.055382215E-01 1.055383434E-01 
1.106362008E+03 -2.314646189E-01 -2.314645519E-01 -2.314646775E-01 1.052860968E-01 1.052860318E-01 1.052861535E-01 
1.107296709E+03 -2.311895164E-01 -2.311894371E-01 -2.311895857E-01 1.050113738E-01 1.050113089E-01 1.050114304E-01 
1.108231411E+03 -2.308803244E-01 -2.308802400E-01 -2.308803980E-01 1.047370689E-01 1.047370041E-01 1.047371255E-01 
1.109166112E+03 -2.305110620E-01 -2.305109856E-01 -2.305111287E-01 1.044631627E-01 1.044630980E-01 1.044632191E-01 
1.110100814E+03 -2.301528394E-01 -2.301527686E-01 -2.301529013E-01 1.041897067E-01 1.041896421E-01 1.041897631E-01 
1.111200530E+03 -2.298338374E-01 -2.298337513E-01 -2.298339127E-01 1.038686149E-01 1.038685505E-01 1.038686712E-01 
1.112300245E+03 -2.294673338E-01 -2.294672424E-01 -2.294674135E-01 1.035480990E-01 1.035480346E-01 1.035481551E-01 
1.113399961E+03 -2.290003949E-01 -2.290003198E-01 -2.290004605E-01 1.032281191E-01 1.032280549E-01 1.032281751E-01 
1.114499677E+03 -2.285625998E-01 -2.285625347E-01 -2.285626567E-01 1.029087700E-01 1.029087060E-01 1.029088259E-01 
1.115663979E+03 -2.283078862E-01 -2.283077870E-01 -2.283079728E-01 1.025714829E-01 1.025714189E-01 1.025715387E-01 
1.116828281E+03 -2.279451855E-01 -2.279450755E-01 -2.279452817E-01 1.022347971E-01 1.022347333E-01 1.022348528E-01 
1.117992583E+03 -2.273455380E-01 -2.273454680E-01 -2.273455991E-01 1.018986166E-01 1.018985529E-01 1.018986721E-01 
1.119156885E+03 -2.268213231E-01 -2.268212769E-01 -2.268213634E-01 1.015631717E-01 1.015631082E-01 1.015632272E-01 
1.120195412E+03 -2.266727542E-01 -2.266726599E-01 -2.266728365E-01 1.012647731E-01 1.012647096E-01 1.012648285E-01 
1.121233940E+03 -2.263852401E-01 -2.263851281E-01 -2.263853379E-01 1.009668102E-01 1.009667469E-01 1.009668655E-01 
1.122272467E+03 -2.258241918E-01 -2.258241224E-01 -2.258242524E-01 1.006691825E-01 1.006691194E-01 1.006692377E-01 
1.123310994E+03 -2.253297836E-01 -2.253297420E-01 -2.253298199E-01 1.003721433E-01 1.003720802E-01 1.003721983E-01 
1.124207813E+03 -2.251553736E-01 -2.251553002E-01 -2.251554378E-01 1.001162568E-01 1.001161938E-01 1.001163118E-01 
1.125104631E+03 -2.249000139E-01 -2.248999266E-01 -2.249000902E-01 9.986071019E-02 9.986064731E-02 9.986076508E-02 
1.126001450E+03 -2.245162049E-01 -2.245161322E-01 -2.245162683E-01 9.960546724E-02 9.960540448E-02 9.960552204E-02 
1.126898269E+03 -2.241484053E-01 -2.241483439E-01 -2.241484590E-01 9.935063631E-02 9.935057365E-02 9.935069101E-02 
1.127804276E+03 -2.238932594E-01 -2.238931833E-01 -2.238933259E-01 9.909368783E-02 9.909362526E-02 9.909374245E-02 
1.128710283E+03 -2.236007243E-01 -2.236006417E-01 -2.236007963E-01 9.883711843E-02 9.883705595E-02 9.883717297E-02 
1.129616290E+03 -2.232484627E-01 -2.232483871E-01 -2.232485287E-01 9.858091077E-02 9.858084840E-02 9.858096521E-02 
1.130522297E+03 -2.229039641E-01 -2.229038937E-01 -2.229040256E-01 9.832511550E-02 9.832505324E-02 9.832516986E-02 
1.131587527E+03 -2.225799969E-01 -2.225799147E-01 -2.225800687E-01 9.802494751E-02 9.802488536E-02 9.802500177E-02 
1.132652756E+03 -2.222220479E-01 -2.222219615E-01 -2.222221234E-01 9.772531444E-02 9.772525241E-02 9.772536860E-02 
1.133717986E+03 -2.217966003E-01 -2.217965243E-01 -2.217966666E-01 9.742619015E-02 9.742612824E-02 9.742624420E-02 
1.134783215E+03 -2.213880388E-01 -2.213879697E-01 -2.213880992E-01 9.712763819E-02 9.712757641E-02 9.712769214E-02 
1.135995527E+03 -2.210678901E-01 -2.210677971E-01 -2.210679713E-01 9.678865397E-02 9.678859230E-02 9.678870781E-02 
1.137207839E+03 -2.206732028E-01 -2.206731023E-01 -2.206732906E-01 9.645033557E-02 9.645027403E-02 9.645038930E-02 
1.138420151E+03 -2.201139646E-01 -2.201138925E-01 -2.201140276E-01 9.611261318E-02 9.611255180E-02 9.611266678E-02 
1.139632462E+03 -2.196078589E-01 -2.196078036E-01 -2.196079072E-01 9.577565264E-02 9.577559140E-02 9.577570610E-02 
1.140788352E+03 -2.194096180E-01 -2.194095159E-01 -2.194097072E-01 9.545526321E-02 9.545520206E-02 9.545531659E-02 
1.141944242E+03 -2.190718870E-01 -2.190717690E-01 -2.190719899E-01 9.513542005E-02 9.513535902E-02 9.513547333E-02 
1.143100132E+03 -2.184388066E-01 -2.184387388E-01 -2.184388658E-01 9.481600262E-02 9.481594175E-02 9.481605576E-02 
1.144256022E+03 -2.178914960E-01 -2.178914591E-01 -2.178915282E-01 9.449730398E-02 9.449724326E-02 9.449735699E-02 
1.145233415E+03 -2.177324068E-01 -2.177323278E-01 -2.177324757E-01 9.422856305E-02 9.422850241E-02 9.422861599E-02 
1.146210807E+03 -2.174638348E-01 -2.174637384E-01 -2.174639190E-01 9.396020230E-02 9.396014175E-02 9.396025516E-02 
1.147188200E+03 -2.170066773E-01 -2.170066064E-01 -2.170067392E-01 9.369215982E-02 9.369209940E-02 9.369221257E-02 
1.148165593E+03 -2.165813470E-01 -2.165812944E-01 -2.165813929E-01 9.342460670E-02 9.342454640E-02 9.342465934E-02 
1.149070114E+03 -2.163497582E-01 -2.163496855E-01 -2.163498217E-01 9.317754112E-02 9.317748091E-02 9.317759369E-02 
1.149974635E+03 -2.160697792E-01 -2.160696974E-01 -2.160698505E-01 9.293083464E-02 9.293077452E-02 9.293088713E-02 
1.150879157E+03 -2.157169726E-01 -2.157168984E-01 -2.157170373E-01 9.268446766E-02 9.268440764E-02 9.268452006E-02 
1.151783678E+03 -2.153711533E-01 -2.153710851E-01 -2.153712127E-01 9.243850232E-02 9.243844241E-02 9.243855463E-02 
1.152802843E+03 -2.150593937E-01 -2.150593146E-01 -2.150594627E-01 9.216189745E-02 9.216183763E-02 9.216194966E-02 
1.153822008E+03 -2.147186020E-01 -2.147185186E-01 -2.147186748E-01 9.188577161E-02 9.188571191E-02 9.188582374E-02 
1.154841173E+03 -2.143255819E-01 -2.143255059E-01 -2.143256483E-01 9.161010597E-02 9.161004638E-02 9.161015799E-02 
1.155860338E+03 -2.139427169E-01 -2.139426461E-01 -2.139427788E-01 9.133494912E-02 9.133488965E-02 9.133500105E-02 
1.157074805E+03 -2.135847399E-01 -2.135846533E-01 -2.135848155E-01 9.100779488E-02 9.100773552E-02 9.100784669E-02 
1.158289273E+03 -2.131792557E-01 -2.131791639E-01 -2.131793358E-01 9.068131239E-02 9.068125316E-02 9.068136409E-02 
1.159503740E+03 -2.126710847E-01 -2.126710105E-01 -2.126711494E-01 9.035545694E-02 9.035539786E-02 9.035550852E-02 
1.160718208E+03 -2.121942158E-01 -2.121941522E-01 -2.121942712E-01 9.003033396E-02 9.003027502E-02 9.003038542E-02 
1.161980378E+03 -2.119171125E-01 -2.119170115E-01 -2.119172007E-01 8.969336322E-02 8.969330438E-02 8.969341459E-02 
1.163242549E+03 -2.115252962E-01 -2.115251833E-01 -2.115253948E-01 8.935706311E-02 8.935700440E-02 8.935711436E-02 
1.164504719E+03 -2.108807090E-01 -2.108806406E-01 -2.108807687E-01 8.902132255E-02 8.902126401E-02 8.902137366E-02 
1.165766889E+03 -2.103172972E-01 -2.103172552E-01 -2.103173339E-01 8.868640737E-02 8.868634899E-02 8.868645834E-02 
1.166862005E+03 -2.101456407E-01 -2.101455500E-01 -2.101457198E-01 8.839668908E-02 8.839663078E-02 8.839673999E-02 
1.167957120E+03 -2.098406989E-01 -2.098405898E-01 -2.098407941E-01 8.810743427E-02 8.810737607E-02 8.810748508E-02 
1.169052236E+03 -2.092803166E-01 -2.092802475E-01 -2.092803769E-01 8.781854419E-02 8.781848614E-02 8.781859487E-02 
1.170147351E+03 -2.087780513E-01 -2.087780089E-01 -2.087780883E-01 8.753027091E-02 8.753021300E-02 8.753032147E-02 
1.171091794E+03 -2.085693889E-01 -2.085693180E-01 -2.085694508E-01 8.728229815E-02 8.728224031E-02 8.728234864E-02 
1.172036237E+03 -2.082922111E-01 -2.082921275E-01 -2.082922841E-01 8.703469255E-02 8.703463480E-02 8.703474296E-02 
1.172980680E+03 -2.079107132E-01 -2.079106409E-01 -2.079107764E-01 8.678742450E-02 8.678736686E-02 8.678747482E-02 
1.173925123E+03 -2.075398129E-01 -2.075397494E-01 -2.075398683E-01 8.654058703E-02 8.654052951E-02 8.654063726E-02 
1.174907327E+03 -2.072481992E-01 -2.072481232E-01 -2.072482655E-01 8.628440412E-02 8.628434669E-02 8.628445426E-02 
1.175889531E+03 -2.069257452E-01 -2.069256639E-01 -2.069258162E-01 8.602865139E-02 8.602859406E-02 8.602870145E-02 
1.176871736E+03 -2.065536877E-01 -2.065536123E-01 -2.065537535E-01 8.577331298E-02 8.577325575E-02 8.577336294E-02 
1.177853940E+03 -2.061882506E-01 -2.061881797E-01 -2.061883125E-01 8.551843438E-02 8.551837726E-02 8.551848424E-02 
1.179033522E+03 -2.058224406E-01 -2.058223586E-01 -2.058225122E-01 8.521299670E-02 8.521293970E-02 8.521304647E-02 
1.180213104E+03 -2.054247432E-01 -2.054246573E-01 -2.054248182E-01 8.490818666E-02 8.490812978E-02 8.490823632E-02 
1.181392687E+03 -2.049619065E-01 -2.049618311E-01 -2.049619722E-01 8.460397599E-02 8.460391925E-02 8.460402554E-02 
1.182572269E+03 -2.045163813E-01 -2.045163127E-01 -2.045164411E-01 8.430043181E-02 8.430037519E-02 8.430048124E-02 
1.183903204E+03 -2.041624139E-01 -2.041623201E-01 -2.041624958E-01 8.395884474E-02 8.395878824E-02 8.395889406E-02 
1.185234139E+03 -2.037298717E-01 -2.037297700E-01 -2.037299605E-01 8.361802060E-02 8.361796424E-02 8.361806981E-02 
1.186565075E+03 -2.031221704E-01 -2.031220995E-01 -2.031222323E-01 8.327787813E-02 8.327782194E-02 8.327792720E-02 
1.187896010E+03 -2.025723357E-01 -2.025722828E-01 -2.025723819E-01 8.293860961E-02 8.293855356E-02 8.293865854E-02 
1.189130083E+03 -2.023489791E-01 -2.023488791E-01 -2.023490665E-01 8.262500728E-02 8.262495132E-02 8.262505613E-02 
1.190364156E+03 -2.019876277E-01 -2.019875115E-01 -2.019877292E-01 8.231199755E-02 8.231194172E-02 8.231204630E-02 
1.191598229E+03 -2.013377590E-01 -2.013376915E-01 -2.013378179E-01 8.199945407E-02 8.199939840E-02 8.199950268E-02 
1.192832302E+03 -2.007689725E-01 -2.007689355E-01 -2.007690048E-01 8.168768506E-02 8.168762955E-02 8.168773353E-02 
1.193863494E+03 -2.005727693E-01 -2.005726945E-01 -2.005728345E-01 8.142794556E-02 8.142789012E-02 8.142799396E-02 
1.194894686E+03 -2.002812011E-01 -2.002811102E-01 -2.002812804E-01 8.116861752E-02 8.116856217E-02 8.116866584E-02 
1.195925878E+03 -1.998322103E-01 -1.998321394E-01 -1.998322722E-01 8.090964798E-02 8.090959275E-02 8.090969619E-02 
1.196957070E+03 -1.994061231E-01 -1.994060669E-01 -1.994061721E-01 8.065118885E-02 8.065113374E-02 8.065123695E-02 
1.197932201E+03 -1.991356763E-01 -1.991356038E-01 -1.991357397E-01 8.040734432E-02 8.040728930E-02 8.040739235E-02 
1.198907332E+03 -1.988259276E-01 -1.988258475E-01 -1.988259974E-01 8.016390445E-02 8.016384953E-02 8.016395240E-02 
1.199882462E+03 -1.984576578E-01 -1.984575837E-01 -1.984577225E-01 7.992085235E-02 7.992079754E-02 7.992090021E-02 
1.200857593E+03 -1.980946442E-01 -1.980945749E-01 -1.980947048E-01 7.967824184E-02 7.967818713E-02 7.967828960E-02 
1.201987438E+03 -1.977401291E-01 -1.977400502E-01 -1.977401979E-01 7.939774096E-02 7.939768636E-02 7.939778863E-02 
1.203117284E+03 -1.973599693E-01 -1.973598867E-01 -1.973600413E-01 7.911780362E-02 7.911774913E-02 7.911785119E-02 
1.204247130E+03 -1.969322209E-01 -1.969321453E-01 -1.969322869E-01 7.883841027E-02 7.883835590E-02 7.883845773E-02 
1.205376975E+03 -1.965144759E-01 -1.965144051E-01 -1.965145378E-01 7.855960955E-02 7.855955530E-02 7.855965691E-02 
1.206724484E+03 -1.961138357E-01 -1.961137492E-01 -1.961139113E-01 7.822794499E-02 7.822789087E-02 7.822799224E-02 
1.208071993E+03 -1.956643665E-01 -1.956642749E-01 -1.956644464E-01 7.789706688E-02 7.789701289E-02 7.789711401E-02 
1.209419501E+03 -1.951075865E-01 -1.951075131E-01 -1.951076505E-01 7.756692347E-02 7.756686964E-02 7.756697048E-02 
1.210767010E+03 -1.945847254E-01 -1.945846629E-01 -1.945847799E-01 7.723763565E-02 7.723758196E-02 7.723768252E-02 
1.212132426E+03 -1.942775296E-01 -1.942774298E-01 -1.942776168E-01 7.690500643E-02 7.690495285E-02 7.690505321E-02 
1.213497842E+03 -1.938539110E-01 -1.938537993E-01 -1.938540086E-01 7.657312176E-02 7.657306830E-02 7.657316842E-02 
1.214863258E+03 -1.931746951E-01 -1.931746272E-01 -1.931747544E-01 7.624185947E-02 7.624180619E-02 7.624190598E-02 
1.216228674E+03 -1.925765289E-01 -1.925764871E-01 -1.925765654E-01 7.591151158E-02 7.591145846E-02 7.591155795E-02 
1.217390053E+03 -1.923647597E-01 -1.923646748E-01 -1.923648339E-01 7.563145035E-02 7.563139731E-02 7.563149665E-02 
1.218551433E+03 -1.920341559E-01 -1.920340541E-01 -1.920342448E-01 7.535189324E-02 7.535184031E-02 7.535193945E-02 
1.219712812E+03 -1.914836539E-01 -1.914835842E-01 -1.914837147E-01 7.507275084E-02 7.507269805E-02 7.507279692E-02 
1.220874192E+03 -1.909787730E-01 -1.909787253E-01 -1.909788146E-01 7.479425604E-02 7.479420339E-02 7.479430200E-02 
1.221888691E+03 -1.907252949E-01 -1.907252246E-01 -1.907253564E-01 7.455164407E-02 7.455159150E-02 7.455168996E-02 
1.222903191E+03 -1.904164152E-01 -1.904163345E-01 -1.904164857E-01 7.430944529E-02 7.430939282E-02 7.430949111E-02 
1.223917691E+03 -1.900253481E-01 -1.900252755E-01 -1.900254115E-01 7.406763531E-02 7.406758295E-02 7.406768103E-02 
1.224932191E+03 -1.896414237E-01 -1.896413576E-01 -1.896414814E-01 7.382629296E-02 7.382624071E-02 7.382633859E-02 
1.226021272E+03 -1.893054345E-01 -1.893053583E-01 -1.893055009E-01 7.356778871E-02 7.356773656E-02 7.356783425E-02 
1.227110354E+03 -1.889435289E-01 -1.889434486E-01 -1.889435991E-01 7.330979169E-02 7.330973964E-02 7.330983714E-02 
1.228199435E+03 -1.885387914E-01 -1.885387163E-01 -1.885388571E-01 7.305228610E-02 7.305223416E-02 7.305233144E-02 
1.229288517E+03 -1.881403732E-01 -1.881403019E-01 -1.881404355E-01 7.279531526E-02 7.279526344E-02 7.279536051E-02 
1.230609142E+03 -1.877264686E-01 -1.877263870E-01 -1.877265398E-01 7.248448242E-02 7.248443072E-02 7.248452756E-02 
1.231929767E+03 -1.872811829E-01 -1.872810978E-01 -1.872812572E-01 7.217439733E-02 7.217434575E-02 7.217444235E-02 
1.233250391E+03 -1.867700554E-01 -1.867699807E-01 -1.867701206E-01 7.186502779E-02 7.186497635E-02 7.186507269E-02 
1.234571016E+03 -1.862774088E-01 -1.862773406E-01 -1.862774684E-01 7.155644876E-02 7.155639746E-02 7.155649354E-02 
1.236030963E+03 -1.858851450E-01 -1.858850521E-01 -1.858852260E-01 7.121635286E-02 7.121630168E-02 7.121639753E-02 
1.237490910E+03 -1.854116943E-01 -1.854115938E-01 -1.854117820E-01 7.087712609E-02 7.087707506E-02 7.087717065E-02 
1.238950857E+03 -1.847568316E-01 -1.847567612E-01 -1.847568931E-01 7.053867590E-02 7.053862504E-02 7.053872031E-02 
1.240410804E+03 -1.841620263E-01 -1.841619735E-01 -1.841620724E-01 7.020122055E-02 7.020116985E-02 7.020126482E-02 
1.241730099E+03 -1.838965618E-01 -1.838964679E-01 -1.838966439E-01 6.989733120E-02 6.989728059E-02 6.989737539E-02 
1.243049395E+03 -1.835050815E-01 -1.835049729E-01 -1.835051762E-01 6.959409157E-02 6.959404108E-02 6.959413565E-02 
1.244368691E+03 -1.828562725E-01 -1.828562039E-01 -1.828563324E-01 6.929138037E-02 6.929133004E-02 6.929142431E-02 
1.245687986E+03 -1.822756589E-01 -1.822756158E-01 -1.822756966E-01 6.898949550E-02 6.898944533E-02 6.898953931E-02 
1.246794069E+03 -1.820268194E-01 -1.820267470E-01 -1.820268826E-01 6.873720509E-02 6.873715499E-02 6.873724882E-02 
1.247900151E+03 -1.817006137E-01 -1.817005285E-01 -1.817006880E-01 6.848537817E-02 6.848532818E-02 6.848542182E-02 
1.249006234E+03 -1.812513085E-01 -1.812512369E-01 -1.812513709E-01 6.823397158E-02 6.823392170E-02 6.823401512E-02 
1.250112317E+03 -1.808174432E-01 -1.808173820E-01 -1.808174967E-01 6.798311338E-02 6.798306362E-02 6.798315682E-02 
1.251192042E+03 -1.804982576E-01 -1.804981842E-01 -1.804983217E-01 6.773884465E-02 6.773879499E-02 6.773888801E-02 
1.252271766E+03 -1.801474595E-01 -1.801473805E-01 -1.801475284E-01 6.749505403E-02 6.749500447E-02 6.749509731E-02 
1.253351491E+03 -1.797488664E-01 -1.797487921E-01 -1.797489313E-01 6.725172571E-02 6.725167625E-02 6.725176888E-02 
1.254431216E+03 -1.793549642E-01 -1.793548936E-01 -1.793550259E-01 6.700890820E-02 6.700885886E-02 6.700895129E-02 
1.255707016E+03 -1.789483638E-01 -1.789482853E-01 -1.789484324E-01 6.672270279E-02 6.672265356E-02 6.672274577E-02 
1.256982817E+03 -1.785179825E-01 -1.785179010E-01 -1.785180537E-01 6.643718026E-02 6.643713115E-02 6.643722313E-02 
1.258258617E+03 -1.780417202E-01 -1.780416451E-01 -1.780417858E-01 6.615231874E-02 6.615226976E-02 6.615236150E-02 
1.259534418E+03 -1.775759939E-01 -1.775759230E-01 -1.775760558E-01 6.586817054E-02 6.586812169E-02 6.586821319E-02 
1.261035502E+03 -1.771275583E-01 -1.771274727E-01 -1.771276331E-01 6.553484054E-02 6.553479182E-02 6.553488307E-02 
1.262536587E+03 -1.766282153E-01 -1.766281251E-01 -1.766282941E-01 6.520243292E-02 6.520238434E-02 6.520247534E-02 
1.264037671E+03 -1.760158779E-01 -1.760158051E-01 -1.760159415E-01 6.487088694E-02 6.487083852E-02 6.487092922E-02 
1.265538756E+03 -1.754399295E-01 -1.754398670E-01 -1.754399841E-01 6.454034349E-02 6.454029522E-02 6.454038562E-02 
1.267014283E+03 -1.750900956E-01 -1.750900010E-01 -1.750901783E-01 6.421657660E-02 6.421652845E-02 6.421661864E-02 
1.268489810E+03 -1.746301869E-01 -1.746300817E-01 -1.746302788E-01 6.389363603E-02 6.389358801E-02 6.389367796E-02 
1.269965337E+03 -1.739319635E-01 -1.739318945E-01 -1.739320237E-01 6.357139716E-02 6.357134931E-02 6.357143893E-02 
1.271440864E+03 -1.733063867E-01 -1.733063397E-01 -1.733064277E-01 6.325015784E-02 6.325011016E-02 6.325019947E-02 
1.272686475E+03 -1.730355573E-01 -1.730354781E-01 -1.730356266E-01 6.297994450E-02 6.297989690E-02 6.297998605E-02 
1.273932086E+03 -1.726677768E-01 -1.726676845E-01 -1.726678574E-01 6.271029730E-02 6.271024981E-02 6.271033876E-02 
1.275177697E+03 -1.721278096E-01 -1.721277387E-01 -1.721278716E-01 6.244114215E-02 6.244109480E-02 6.244118349E-02 
1.276423309E+03 -1.716196611E-01 -1.716196052E-01 -1.716197100E-01 6.217267690E-02 6.217262968E-02 6.217271812E-02 
1.277543166E+03 -1.713087870E-01 -1.713087154E-01 -1.713088496E-01 6.193201923E-02 6.193197210E-02 6.193206037E-02 
1.278663024E+03 -1.709551234E-01 -1.709550446E-01 -1.709551921E-01 6.169185072E-02 6.169180369E-02 6.169189178E-02 
1.279782882E+03 -1.705381325E-01 -1.705380592E-01 -1.705381965E-01 6.145215042E-02 6.145210350E-02 6.145219138E-02 
1.280902740E+03 -1.701265564E-01 -1.701264875E-01 -1.701266165E-01 6.121298527E-02 6.121293847E-02 6.121302614E-02 
1.282142534E+03 -1.697337560E-01 -1.697336796E-01 -1.697338226E-01 6.094888485E-02 6.094883815E-02 6.094892562E-02 
1.283382328E+03 -1.693185034E-01 -1.693184240E-01 -1.693185728E-01 6.068540995E-02 6.068536337E-02 6.068545063E-02 
1.284622122E+03 -1.688643300E-01 -1.688642550E-01 -1.688643955E-01 6.042254334E-02 6.042249688E-02 6.042258391E-02 
1.285861916E+03 -1.684168311E-01 -1.684167593E-01 -1.684168938E-01 6.016032938E-02 6.016028303E-02 6.016036984E-02 
1.287357749E+03 -1.679459243E-01 -1.679458435E-01 -1.679459949E-01 5.984489129E-02 5.984484508E-02 5.984493164E-02 
1.288853582E+03 -1.674426582E-01 -1.674425744E-01 -1.674427314E-01 5.953035853E-02 5.953031245E-02 5.953039875E-02 
1.290349415E+03 -1.668699240E-01 -1.668698497E-01 -1.668699888E-01 5.921669236E-02 5.921664644E-02 5.921673246E-02 
1.291845248E+03 -1.663175508E-01 -1.663174825E-01 -1.663176105E-01 5.890398136E-02 5.890393558E-02 5.890402133E-02 
1.293445603E+03 -1.658792240E-01 -1.658791348E-01 -1.658793020E-01 5.857060663E-02 5.857056097E-02 5.857064649E-02 
1.295045958E+03 -1.653607368E-01 -1.653606409E-01 -1.653608205E-01 5.823821724E-02 5.823817173E-02 5.823825698E-02 
1.296646313E+03 -1.646643580E-01 -1.646642871E-01 -1.646644199E-01 5.790671247E-02 5.790666713E-02 5.790675205E-02 
1.298246668E+03 -1.640254273E-01 -1.640253712E-01 -1.640254763E-01 5.757632894E-02 5.757628376E-02 5.757636837E-02 
1.299126814E+03 -1.637712960E-01 -1.637712308E-01 -1.637713529E-01 5.739517910E-02 5.739513400E-02 5.739521848E-02 
1.300006961E+03 -1.634953612E-01 -1.634952907E-01 -1.634954227E-01 5.721432778E-02 5.721428275E-02 5.721436709E-02 
1.300887107E+03 -1.631985597E-01 -1.631984877E-01 -1.631986225E-01 5.703377552E-02 5.703373058E-02 5.703381476E-02 
1.301767254E+03 -1.628457788E-01 -1.628456988E-01 -1.628458487E-01 5.681190372E-02 5.681185655E-02 5.681194490E-02 
