0.000000000E+00 -1.827322278E-02 -1.827323646E-02 2.577086581E-03 2.577089069E-03 
2.037533800E+00 -1.756153760E-02 -1.756155129E-02 2.448187190E-03 2.448189656E-03 
4.075067600E+00 -1.684933175E-02 -1.684934544E-02 2.320419472E-03 2.320421916E-03 
6.112601401E+00 -1.613625565E-02 -1.613626935E-02 2.193780395E-03 2.193782817E-03 
8.150135201E+00 -1.542277723E-02 -1.542279094E-02 2.068269882E-03 2.068272282E-03 
1.165073619E+01 -1.420208111E-02 -1.420209483E-02 1.855288821E-03 1.855291183E-03 
1.515133719E+01 -1.297700109E-02 -1.297701483E-02 1.645612629E-03 1.645614954E-03 
1.865193818E+01 -1.174045097E-02 -1.174046471E-02 1.439205253E-03 1.439207541E-03 
2.215253917E+01 -1.050397448E-02 -1.050398823E-02 1.236103101E-03 1.236105352E-03 
2.540265807E+01 -9.365574284E-03 -9.365588055E-03 1.050523461E-03 1.050525676E-03 
2.865277696E+01 -8.223368763E-03 -8.223382551E-03 8.677639392E-04 8.677661207E-04 
3.190289585E+01 -7.073868241E-03 -7.073882040E-03 6.878033477E-04 6.878054949E-04 
3.515301475E+01 -5.923222454E-03 -5.923236266E-03 5.106611447E-04 5.106632577E-04 
3.828136375E+01 -4.820207935E-03 -4.820221765E-03 3.428361921E-04 3.428382723E-04 
4.140971275E+01 -3.714383824E-03 -3.714397671E-03 1.776037305E-04 1.776057779E-04 
4.453806176E+01 -2.603538822E-03 -2.603552684E-03 1.494843007E-05 1.495044479E-05 
4.766641076E+01 -1.491249798E-03 -1.491263676E-03 -1.451185886E-04 -1.451166065E-04 
5.060944194E+01 -4.467713091E-04 -4.467852049E-04 -2.933300485E-04 -2.933280970E-04 
5.355247312E+01 5.998539610E-04 5.998400469E-04 -4.392633262E-04 -4.392614052E-04 
5.649550430E+01 1.649878868E-03 1.649864937E-03 -5.829285055E-04 -5.829266150E-04 
5.943853547E+01 2.701466088E-03 2.701452138E-03 -7.243203311E-04 -7.243184710E-04 
6.208888238E+01 3.648224246E-03 3.648210278E-03 -8.497003437E-04 -8.496985110E-04 
6.473922929E+01 4.596609819E-03 4.596595833E-03 -9.732441005E-04 -9.732422950E-04 
6.738957620E+01 5.547196992E-03 5.547182987E-03 -1.094957145E-03 -1.094955366E-03 
7.003992311E+01 6.499250697E-03 6.499236673E-03 -1.214837965E-03 -1.214836214E-03 
7.336819694E+01 7.695036107E-03 7.695022056E-03 -1.362780586E-03 -1.362778869E-03 
7.669647077E+01 8.893850393E-03 8.893836315E-03 -1.507846035E-03 -1.507844352E-03 
8.002474460E+01 1.009737352E-02 1.009735941E-02 -1.650048325E-03 -1.650046676E-03 
8.335301843E+01 1.130349045E-02 1.130347632E-02 -1.789378543E-03 -1.789376928E-03 
8.716387788E+01 1.268412215E-02 1.268410798E-02 -1.945365733E-03 -1.945364157E-03 
9.097473732E+01 1.406946975E-02 1.406945554E-02 -2.097605907E-03 -2.097604369E-03 
9.478559676E+01 1.546214815E-02 1.546213390E-02 -2.246121179E-03 -2.246119680E-03 
9.859645620E+01 1.685899298E-02 1.685897870E-02 -2.390892769E-03 -2.390891308E-03 
1.029286044E+02 1.844705702E-02 1.844704269E-02 -2.550886494E-03 -2.550885077E-03 
1.072607525E+02 2.004232774E-02 2.004231335E-02 -2.706064470E-03 -2.706063096E-03 
1.115929007E+02 2.164832065E-02 2.164830620E-02 -2.856458101E-03 -2.856456772E-03 
1.159250489E+02 2.326129604E-02 2.326128153E-02 -3.002033818E-03 -3.002032533E-03 
1.208854623E+02 2.511123378E-02 2.511121920E-02 -3.162745758E-03 -3.162744522E-03 
1.258458757E+02 2.697249661E-02 2.697248195E-02 -3.317159972E-03 -3.317158786E-03 
1.308062890E+02 2.884922942E-02 2.884921467E-02 -3.465316049E-03 -3.465314913E-03 
1.357667024E+02 3.073864935E-02 3.073863451E-02 -3.607157760E-03 -3.607156673E-03 
1.416240256E+02 3.298250432E-02 3.298248934E-02 -3.766414342E-03 -3.766413314E-03 
1.474813488E+02 3.524629822E-02 3.524628310E-02 -3.916853994E-03 -3.916853025E-03 
1.533386719E+02 3.753401244E-02 3.753399717E-02 -4.058511916E-03 -4.058511006E-03 
1.591959951E+02 3.984886788E-02 3.984885244E-02 -4.191289840E-03 -4.191288990E-03 
1.669014956E+02 4.294908557E-02 4.294906985E-02 -4.352238058E-03 -4.352237286E-03 
1.746069961E+02 4.609707183E-02 4.609705579E-02 -4.497587259E-03 -4.497586567E-03 
1.823124965E+02 4.929163860E-02 4.929162218E-02 -4.627237678E-03 -4.627237066E-03 
1.900179970E+02 5.257821515E-02 5.257819827E-02 -4.740964413E-03 -4.740963883E-03 
1.988714768E+02 5.653139146E-02 5.653137393E-02 -4.851605799E-03 -4.851605365E-03 
2.077249566E+02 6.064292347E-02 6.064290506E-02 -4.939974749E-03 -4.939974414E-03 
2.165784365E+02 6.494924055E-02 6.494922090E-02 -5.005014810E-03 -5.005014578E-03 
2.254319163E+02 6.959187759E-02 6.959185620E-02 -5.045771905E-03 -5.045771783E-03 
2.339484660E+02 7.456024447E-02 7.456022059E-02 -5.060506227E-03 -5.060506221E-03 
2.424650156E+02 8.013803660E-02 8.013800912E-02 -5.048651216E-03 -5.048651340E-03 
2.509815653E+02 8.675030444E-02 8.675027102E-02 -5.005841924E-03 -5.005842200E-03 
2.594981150E+02 9.524994786E-02 9.524990318E-02 -4.925028191E-03 -4.925028660E-03 
2.620900894E+02 9.841344407E-02 9.841339416E-02 -4.891353361E-03 -4.891353903E-03 
2.646820639E+02 1.019695560E-01 1.019694994E-01 -4.852569267E-03 -4.852569889E-03 
2.672740384E+02 1.060303707E-01 1.060303056E-01 -4.807987103E-03 -4.807987818E-03 
2.698660128E+02 1.107537173E-01 1.107536409E-01 -4.756711204E-03 -4.756712027E-03 
2.724579873E+02 1.163739958E-01 1.163739040E-01 -4.697548898E-03 -4.697549849E-03 
2.750499618E+02 1.231777762E-01 1.231776632E-01 -4.629012761E-03 -4.629013867E-03 
2.776419363E+02 1.316894499E-01 1.316893064E-01 -4.548830519E-03 -4.548831819E-03 
2.802339107E+02 1.427720771E-01 1.427718871E-01 -4.453690774E-03 -4.453692327E-03 
2.824888551E+02 1.557358848E-01 1.557356296E-01 -4.354867091E-03 -4.354868939E-03 
2.847437995E+02 1.729829123E-01 1.729825601E-01 -4.236627463E-03 -4.236629705E-03 
2.869987440E+02 1.976872503E-01 1.976867338E-01 -4.090524617E-03 -4.090527428E-03 
2.892536884E+02 2.362085516E-01 2.362077223E-01 -3.902231259E-03 -3.902234958E-03 
2.898553327E+02 2.500510031E-01 2.500500490E-01 -3.842270950E-03 -3.842274967E-03 
2.904569771E+02 2.660297825E-01 2.660286770E-01 -3.776984633E-03 -3.776989020E-03 
2.910586215E+02 2.846094524E-01 2.846081623E-01 -3.705519405E-03 -3.705524219E-03 
2.916602659E+02 3.063740685E-01 3.063725524E-01 -3.626830585E-03 -3.626835901E-03 
2.922619102E+02 3.320319984E-01 3.320302061E-01 -3.539654085E-03 -3.539659993E-03 
2.928635546E+02 3.624724136E-01 3.624702830E-01 -3.442440605E-03 -3.442447216E-03 
2.934651990E+02 3.986906723E-01 3.986881346E-01 -3.333291916E-03 -3.333299363E-03 
2.940668434E+02 4.417494361E-01 4.417464238E-01 -3.209933915E-03 -3.209942356E-03 
2.945608363E+02 4.829163149E-01 4.829128724E-01 -3.096201200E-03 -3.096210592E-03 
2.950548292E+02 5.297104624E-01 5.297065818E-01 -2.969460563E-03 -2.969471035E-03 
2.955488221E+02 5.819013762E-01 5.818970985E-01 -2.828091637E-03 -2.828103315E-03 
2.960428150E+02 6.384952360E-01 6.384906721E-01 -2.670673311E-03 -2.670686296E-03 
2.965368079E+02 6.976685723E-01 6.976639188E-01 -2.496097639E-03 -2.496111994E-03 
2.970308008E+02 7.562860257E-01 7.562815385E-01 -2.304088916E-03 -2.304104625E-03 
2.975247937E+02 8.111005697E-01 8.110965056E-01 -2.095297447E-03 -2.095314417E-03 
2.980187866E+02 8.592479995E-01 8.592445557E-01 -1.871271696E-03 -1.871289772E-03 
2.982254651E+02 8.768639248E-01 8.768607726E-01 -1.773568274E-03 -1.773586755E-03 
2.984321436E+02 8.929049115E-01 8.929020563E-01 -1.673798674E-03 -1.673817523E-03 
2.986388221E+02 9.073619780E-01 9.073594173E-01 -1.572157576E-03 -1.572176757E-03 
2.988455006E+02 9.202678100E-01 9.202655344E-01 -1.468840635E-03 -1.468860112E-03 
2.990521791E+02 9.316916073E-01 9.316896018E-01 -1.364040576E-03 -1.364060313E-03 
2.992588576E+02 9.417218605E-01 9.417201065E-01 -1.257932922E-03 -1.257952888E-03 
2.994655362E+02 9.504617380E-01 9.504602146E-01 -1.150681739E-03 -1.150701904E-03 
2.996722147E+02 9.580281368E-01 9.580268217E-01 -1.042442389E-03 -1.042462725E-03 
3.001582391E+02 9.722643549E-01 9.722634489E-01 -7.851085078E-04 -7.851291610E-04 
3.006442635E+02 9.820703186E-01 9.820697148E-01 -5.243489413E-04 -5.243698070E-04 
3.011302879E+02 9.881615083E-01 9.881611121E-01 -2.608238988E-04 -2.608448927E-04 
3.016163123E+02 9.919605851E-01 9.919603270E-01 4.088405583E-06 4.067335213E-06 
3.020356837E+02 9.943672979E-01 9.943671249E-01 2.329533870E-04 2.329322711E-04 
3.024550551E+02 9.959729356E-01 9.959728228E-01 4.622303815E-04 4.622092385E-04 
3.028744265E+02 9.969540269E-01 9.969539548E-01 6.917927529E-04 6.917715972E-04 
3.032937979E+02 9.975477797E-01 9.975477357E-01 9.214622813E-04 9.214411217E-04 
3.038632589E+02 9.980734535E-01 9.980734383E-01 1.233253532E-03 1.233232373E-03 
3.044327199E+02 9.982455763E-01 9.982455785E-01 1.544993192E-03 1.544972042E-03 
3.050021808E+02 9.981014062E-01 9.981014156E-01 1.856656441E-03 1.856635308E-03 
3.055716418E+02 9.978527290E-01 9.978527421E-01 2.168089860E-03 2.168068745E-03 
3.062966289E+02 9.976069494E-01 9.976069695E-01 2.564087619E-03 2.564066526E-03 
3.070216160E+02 9.972533642E-01 9.972533878E-01 2.959672695E-03 2.959651626E-03 
3.077466031E+02 9.967678005E-01 9.967678234E-01 3.354862824E-03 3.354841783E-03 
3.084715902E+02 9.962771260E-01 9.962771480E-01 3.749567684E-03 3.749546670E-03 
3.094784381E+02 9.957619494E-01 9.957619757E-01 4.296796625E-03 4.296775645E-03 
3.104852859E+02 9.951628332E-01 9.951628610E-01 4.843144139E-03 4.843123196E-03 
3.114921338E+02 9.943965518E-01 9.943965759E-01 5.388670507E-03 5.388649604E-03 
3.124989817E+02 9.936713543E-01 9.936713760E-01 5.933226783E-03 5.933205918E-03 
3.137893748E+02 9.933545602E-01 9.933545988E-01 6.629324671E-03 6.629303842E-03 
3.150797680E+02 9.926644228E-01 9.926644661E-01 7.324149703E-03 7.324128918E-03 
3.163701612E+02 9.911039139E-01 9.911039331E-01 8.018059649E-03 8.018038929E-03 
3.176605544E+02 9.898757843E-01 9.898757906E-01 8.710185842E-03 8.710165178E-03 
3.185226400E+02 9.897854673E-01 9.897854896E-01 9.171194015E-03 9.171173372E-03 
3.193847257E+02 9.894350229E-01 9.894350523E-01 9.631707048E-03 9.631686431E-03 
3.202468114E+02 9.886784123E-01 9.886784347E-01 1.009183247E-02 1.009181189E-02 
3.211088971E+02 9.879647413E-01 9.879647583E-01 1.055123845E-02 1.055121791E-02 
3.219709827E+02 9.875943123E-01 9.875943359E-01 1.100970360E-02 1.100968308E-02 
3.228330684E+02 9.871183213E-01 9.871183479E-01 1.146756126E-02 1.146754077E-02 
3.236951541E+02 9.864817698E-01 9.864817938E-01 1.192485288E-02 1.192483243E-02 
3.245572398E+02 9.858605899E-01 9.858606118E-01 1.238144764E-02 1.238142721E-02 
3.256799246E+02 9.853202431E-01 9.853202718E-01 1.297483822E-02 1.297481783E-02 
3.268026095E+02 9.846511517E-01 9.846511827E-01 1.356716460E-02 1.356714426E-02 
3.279252944E+02 9.837095049E-01 9.837095287E-01 1.415853545E-02 1.415851515E-02 
3.290479792E+02 9.828454106E-01 9.828454300E-01 1.474868802E-02 1.474866777E-02 
3.303509180E+02 9.826870969E-01 9.826871420E-01 1.543150590E-02 1.543148568E-02 
3.316538568E+02 9.820317767E-01 9.820318291E-01 1.611314049E-02 1.611312030E-02 
3.329567957E+02 9.802300127E-01 9.802300302E-01 1.679407863E-02 1.679405852E-02 
3.342597345E+02 9.788435415E-01 9.788435396E-01 1.747313897E-02 1.747311892E-02 
3.351333686E+02 9.788244249E-01 9.788244441E-01 1.792689257E-02 1.792687253E-02 
3.360070028E+02 9.785047610E-01 9.785047901E-01 1.838017959E-02 1.838015958E-02 
3.368806369E+02 9.777418037E-01 9.777418255E-01 1.883311072E-02 1.883309075E-02 
3.377542711E+02 9.770099354E-01 9.770099511E-01 1.928531632E-02 1.928529638E-02 
3.386279052E+02 9.766192010E-01 9.766192240E-01 1.973655559E-02 1.973653568E-02 
3.395015394E+02 9.761266102E-01 9.761266367E-01 2.018717544E-02 2.018715556E-02 
3.403751736E+02 9.754883655E-01 9.754883897E-01 2.063721079E-02 2.063719094E-02 
3.412488077E+02 9.748587051E-01 9.748587275E-01 2.108654087E-02 2.108652106E-02 
3.424121184E+02 9.742481096E-01 9.742481384E-01 2.168359492E-02 2.168357514E-02 
3.435754290E+02 9.735279043E-01 9.735279353E-01 2.227949863E-02 2.227947889E-02 
3.447387397E+02 9.725786885E-01 9.725787130E-01 2.287434721E-02 2.287432752E-02 
3.459020503E+02 9.716920591E-01 9.716920796E-01 2.346791014E-02 2.346789050E-02 
3.472965404E+02 9.713913110E-01 9.713913567E-01 2.417719690E-02 2.417717729E-02 
3.486910305E+02 9.706343514E-01 9.706344043E-01 2.488507473E-02 2.488505516E-02 
3.500855206E+02 9.688195701E-01 9.688195879E-01 2.559202062E-02 2.559200113E-02 
3.514800107E+02 9.673951605E-01 9.673951592E-01 2.629687767E-02 2.629685824E-02 
3.524083824E+02 9.672924719E-01 9.672924921E-01 2.676447080E-02 2.676445139E-02 
3.533367541E+02 9.669052836E-01 9.669053137E-01 2.723151231E-02 2.723149293E-02 
3.542651257E+02 9.660941654E-01 9.660941878E-01 2.769811658E-02 2.769809723E-02 
3.551934974E+02 9.653152706E-01 9.653152866E-01 2.816390816E-02 2.816388886E-02 
3.561218691E+02 9.648674945E-01 9.648675182E-01 2.862864171E-02 2.862862243E-02 
3.570502408E+02 9.643204544E-01 9.643204815E-01 2.909267338E-02 2.909265413E-02 
3.579786125E+02 9.636301946E-01 9.636302194E-01 2.955604026E-02 2.955602105E-02 
3.589069841E+02 9.629489215E-01 9.629489443E-01 3.001861624E-02 3.001859706E-02 
3.601434953E+02 9.622698691E-01 9.622698988E-01 3.063332096E-02 3.063330182E-02 
3.613800066E+02 9.614801718E-01 9.614802038E-01 3.124673010E-02 3.124671101E-02 
3.626165178E+02 9.604583294E-01 9.604583544E-01 3.185894634E-02 3.185892729E-02 
3.638530290E+02 9.595000015E-01 9.595000222E-01 3.246972178E-02 3.246970278E-02 
3.653278459E+02 9.591210684E-01 9.591211160E-01 3.319575197E-02 3.319573300E-02 
3.668026628E+02 9.582853375E-01 9.582853928E-01 3.392019866E-02 3.392017974E-02 
3.682774796E+02 9.563909482E-01 9.563909663E-01 3.464356844E-02 3.464354960E-02 
3.697522965E+02 9.548842517E-01 9.548842493E-01 3.536463379E-02 3.536461503E-02 
3.707379665E+02 9.547232573E-01 9.547232777E-01 3.584472710E-02 3.584470835E-02 
3.717236364E+02 9.542786460E-01 9.542786770E-01 3.632418824E-02 3.632416951E-02 
3.727093063E+02 9.534122732E-01 9.534122960E-01 3.680313794E-02 3.680311926E-02 
3.736949763E+02 9.525769961E-01 9.525770123E-01 3.728117931E-02 3.728116067E-02 
3.746806462E+02 9.520691120E-01 9.520691361E-01 3.775805320E-02 3.775803459E-02 
3.756663161E+02 9.514631607E-01 9.514631886E-01 3.823413469E-02 3.823411611E-02 
3.766519861E+02 9.507163942E-01 9.507164197E-01 3.870946228E-02 3.870944374E-02 
3.776376560E+02 9.499777698E-01 9.499777932E-01 3.918390432E-02 3.918388581E-02 
3.789521378E+02 9.492149473E-01 9.492149777E-01 3.981505227E-02 3.981503380E-02 
3.802666197E+02 9.483439936E-01 9.483440265E-01 4.044473627E-02 4.044471785E-02 
3.815811015E+02 9.472467154E-01 9.472467412E-01 4.107306300E-02 4.107304464E-02 
3.828955833E+02 9.462101582E-01 9.462101796E-01 4.169977508E-02 4.169975677E-02 
3.844672719E+02 9.457053414E-01 9.457053896E-01 4.244640754E-02 4.244638926E-02 
3.860389604E+02 9.447624544E-01 9.447625102E-01 4.319121019E-02 4.319119195E-02 
3.876106489E+02 9.428050958E-01 9.428051148E-01 4.393470300E-02 4.393468486E-02 
3.891823375E+02 9.412153757E-01 9.412153744E-01 4.467562828E-02 4.467561021E-02 
3.902460413E+02 9.409620795E-01 9.409621012E-01 4.517506356E-02 4.517504551E-02 
3.913097452E+02 9.404308819E-01 9.404309143E-01 4.567373878E-02 4.567372076E-02 
3.923734490E+02 9.394821911E-01 9.394822149E-01 4.617178512E-02 4.617176714E-02 
3.934371529E+02 9.385662111E-01 9.385662279E-01 4.666877860E-02 4.666876067E-02 
3.945008567E+02 9.379781915E-01 9.379782165E-01 4.716444154E-02 4.716442364E-02 
3.955645606E+02 9.372915029E-01 9.372915318E-01 4.765917820E-02 4.765916033E-02 
3.966282645E+02 9.364621520E-01 9.364621784E-01 4.815303123E-02 4.815301340E-02 
3.976919683E+02 9.356411770E-01 9.356412012E-01 4.864585672E-02 4.864583893E-02 
3.991020418E+02 9.347755690E-01 9.347756004E-01 4.929737358E-02 4.929735583E-02 
4.005121153E+02 9.338015431E-01 9.338015769E-01 4.994720457E-02 4.994718687E-02 
4.019221888E+02 9.326013499E-01 9.326013767E-01 5.059546429E-02 5.059544665E-02 
4.033322623E+02 9.314601650E-01 9.314601873E-01 5.124187613E-02 5.124185855E-02 
4.050136645E+02 9.307999890E-01 9.308000367E-01 5.200964705E-02 5.200962950E-02 
4.066950667E+02 9.297261703E-01 9.297262255E-01 5.277528113E-02 5.277526363E-02 
4.083764689E+02 9.276976193E-01 9.276976401E-01 5.353930755E-02 5.353929014E-02 
4.100578711E+02 9.260068889E-01 9.260068905E-01 5.430044969E-02 5.430043236E-02 
4.112258860E+02 9.256290120E-01 9.256290359E-01 5.482690083E-02 5.482688352E-02 
4.123939009E+02 9.249786661E-01 9.249787003E-01 5.535240040E-02 5.535238312E-02 
4.135619158E+02 9.239111639E-01 9.239111891E-01 5.587709634E-02 5.587707911E-02 
4.147299307E+02 9.228800019E-01 9.228800199E-01 5.640052383E-02 5.640050665E-02 
4.158979456E+02 9.221842007E-01 9.221842271E-01 5.692237637E-02 5.692235922E-02 
4.170659605E+02 9.213864860E-01 9.213865163E-01 5.744310502E-02 5.744308791E-02 
4.182339755E+02 9.204392922E-01 9.204393197E-01 5.796276001E-02 5.796274295E-02 
4.194019904E+02 9.195013763E-01 9.195014016E-01 5.848117585E-02 5.848115883E-02 
4.209294126E+02 9.185027021E-01 9.185027345E-01 5.915701717E-02 5.915700020E-02 
4.224568348E+02 9.173935597E-01 9.173935947E-01 5.983087299E-02 5.983085607E-02 
4.239842571E+02 9.160556945E-01 9.160557226E-01 6.050286908E-02 6.050285222E-02 
4.255116793E+02 9.147746111E-01 9.147746348E-01 6.117270090E-02 6.117268410E-02 
4.273231712E+02 9.139067458E-01 9.139067919E-01 6.196367929E-02 6.196366253E-02 
4.291346631E+02 9.126613440E-01 9.126613970E-01 6.275210834E-02 6.275209164E-02 
4.309461550E+02 9.105507912E-01 9.105508147E-01 6.353851363E-02 6.353849702E-02 
4.327576469E+02 9.087332825E-01 9.087332893E-01 6.432163123E-02 6.432161470E-02 
4.340742130E+02 9.081718198E-01 9.081718471E-01 6.488809577E-02 6.488807927E-02 
4.353907792E+02 9.073443212E-01 9.073443576E-01 6.545329267E-02 6.545327620E-02 
4.367073453E+02 9.060958225E-01 9.060958497E-01 6.601739726E-02 6.601738085E-02 
4.380239114E+02 9.048902606E-01 9.048902805E-01 6.657988218E-02 6.657986582E-02 
4.393404776E+02 9.040371678E-01 9.040371962E-01 6.714039456E-02 6.714037824E-02 
4.406570437E+02 9.030744353E-01 9.030744677E-01 6.769946306E-02 6.769944679E-02 
4.419736099E+02 9.019466185E-01 9.019466478E-01 6.825715254E-02 6.825713632E-02 
4.432901760E+02 9.008301451E-01 9.008301719E-01 6.881325719E-02 6.881324102E-02 
4.449688165E+02 8.996475502E-01 8.996475840E-01 6.951973410E-02 6.951971798E-02 
4.466474569E+02 8.983492183E-01 8.983492547E-01 7.022379109E-02 7.022377502E-02 
4.483260974E+02 8.968147158E-01 8.968147458E-01 7.092557077E-02 7.092555477E-02 
4.500047378E+02 8.953337058E-01 8.953337318E-01 7.162472455E-02 7.162470862E-02 
4.519760305E+02 8.941791907E-01 8.941792344E-01 7.244178376E-02 7.244176788E-02 
4.539473232E+02 8.926961376E-01 8.926961869E-01 7.325570851E-02 7.325569269E-02 
4.559186159E+02 8.904718350E-01 8.904718624E-01 7.406700111E-02 7.406698539E-02 
4.578899086E+02 8.884783565E-01 8.884783710E-01 7.487445564E-02 7.487444000E-02 
4.597327200E+02 8.878276721E-01 8.878277235E-01 7.562456091E-02 7.562454529E-02 
4.615755315E+02 8.865881107E-01 8.865881752E-01 7.637231212E-02 7.637229656E-02 
4.634183429E+02 8.841044983E-01 8.841045239E-01 7.711852437E-02 7.711850892E-02 
4.652611543E+02 8.819396036E-01 8.819396043E-01 7.786119362E-02 7.786117827E-02 
4.668053843E+02 8.812553099E-01 8.812553389E-01 7.847966768E-02 7.847965235E-02 
4.683496143E+02 8.802100534E-01 8.802100952E-01 7.909642904E-02 7.909641375E-02 
4.698938443E+02 8.785961774E-01 8.785962067E-01 7.971175624E-02 7.971174102E-02 
4.714380742E+02 8.770315954E-01 8.770316147E-01 8.032480701E-02 8.032479186E-02 
4.729581249E+02 8.759359758E-01 8.759360056E-01 8.092549322E-02 8.092547812E-02 
4.744781756E+02 8.747071729E-01 8.747072078E-01 8.152422210E-02 8.152420704E-02 
4.759982263E+02 8.732890384E-01 8.732890705E-01 8.212107211E-02 8.212105711E-02 
4.775182770E+02 8.718741123E-01 8.718741420E-01 8.271576912E-02 8.271575418E-02 
4.794032153E+02 8.703344445E-01 8.703344800E-01 8.344992582E-02 8.344991093E-02 
4.812881536E+02 8.686916844E-01 8.686917224E-01 8.418091672E-02 8.418090191E-02 
4.831730918E+02 8.668552660E-01 8.668553000E-01 8.490886878E-02 8.490885404E-02 
4.850580301E+02 8.650450080E-01 8.650450393E-01 8.563345134E-02 8.563343667E-02 
4.873568678E+02 8.632314920E-01 8.632315329E-01 8.651202142E-02 8.651200682E-02 
4.896557054E+02 8.611937825E-01 8.611938269E-01 8.738595374E-02 8.738593922E-02 
4.919545431E+02 8.586667717E-01 8.586668058E-01 8.825564304E-02 8.825562862E-02 
4.942533807E+02 8.562574331E-01 8.562574611E-01 8.912012808E-02 8.912011376E-02 
4.965742841E+02 8.546218673E-01 8.546219128E-01 8.998652877E-02 8.998651450E-02 
4.988951875E+02 8.525848415E-01 8.525848936E-01 9.084843246E-02 9.084841827E-02 
5.012160909E+02 8.497061731E-01 8.497062076E-01 9.170653992E-02 9.170652585E-02 
5.035369943E+02 8.470141626E-01 8.470141859E-01 9.255912264E-02 9.255910868E-02 
5.056269497E+02 8.454175747E-01 8.454176132E-01 9.332099051E-02 9.332097660E-02 
5.077169050E+02 8.435186981E-01 8.435187433E-01 9.407912904E-02 9.407911520E-02 
5.098068603E+02 8.411140186E-01 8.411140559E-01 9.483389120E-02 9.483387745E-02 
5.118968156E+02 8.387502720E-01 8.387503035E-01 9.558426724E-02 9.558425358E-02 
5.139846960E+02 8.367991281E-01 8.367991664E-01 9.632881661E-02 9.632880302E-02 
5.160725764E+02 8.346993345E-01 8.346993763E-01 9.706930151E-02 9.706928800E-02 
5.181604568E+02 8.323784500E-01 8.323784900E-01 9.780584651E-02 9.780583308E-02 
5.202483372E+02 8.300462199E-01 8.300462586E-01 9.853801419E-02 9.853800085E-02 
5.227512614E+02 8.274602838E-01 8.274603262E-01 9.940945712E-02 9.940944387E-02 
5.252541856E+02 8.247388474E-01 8.247388917E-01 1.002747685E-01 1.002747554E-01 
5.277571098E+02 8.217789464E-01 8.217789896E-01 1.011341212E-01 1.011341081E-01 
5.302600340E+02 8.188046428E-01 8.188046854E-01 1.019869681E-01 1.019869551E-01 
5.332164767E+02 8.155641413E-01 8.155641872E-01 1.029851903E-01 1.029851775E-01 
5.361729193E+02 8.121110029E-01 8.121110509E-01 1.039745906E-01 1.039745779E-01 
5.391293619E+02 8.082578139E-01 8.082578609E-01 1.049555185E-01 1.049555059E-01 
5.420858046E+02 8.043783393E-01 8.043783862E-01 1.059268884E-01 1.059268759E-01 
5.452228373E+02 8.005722318E-01 8.005722819E-01 1.069460251E-01 1.069460127E-01 
5.483598700E+02 7.965145980E-01 7.965146505E-01 1.079546487E-01 1.079546365E-01 
5.514969027E+02 7.920444969E-01 7.920445498E-01 1.089530493E-01 1.089530373E-01 
5.546339354E+02 7.874623378E-01 7.874623916E-01 1.099400013E-01 1.099399894E-01 
5.579999286E+02 7.826641538E-01 7.826642108E-01 1.109850239E-01 1.109850121E-01 
5.613659219E+02 7.775914848E-01 7.775915448E-01 1.120166511E-01 1.120166395E-01 
5.647319151E+02 7.721423100E-01 7.721423723E-01 1.130348663E-01 1.130348549E-01 
5.680979084E+02 7.664168605E-01 7.664169258E-01 1.140385169E-01 1.140385056E-01 
5.721117176E+02 7.592712899E-01 7.592713604E-01 1.152146673E-01 1.152146562E-01 
5.761255269E+02 7.516084229E-01 7.516084993E-01 1.163684353E-01 1.163684244E-01 
5.801393361E+02 7.433040240E-01 7.433041073E-01 1.174988722E-01 1.174988616E-01 
5.841531453E+02 7.340883302E-01 7.340884224E-01 1.186038053E-01 1.186037949E-01 
5.886424148E+02 7.221676235E-01 7.221677304E-01 1.198061485E-01 1.198061384E-01 
5.931316843E+02 7.084548693E-01 7.084549966E-01 1.209691997E-01 1.209691900E-01 
5.976209537E+02 6.919647788E-01 6.919649385E-01 1.220858876E-01 1.220858783E-01 
6.021102232E+02 6.701325534E-01 6.701327717E-01 1.231460522E-01 1.231460435E-01 
6.042308788E+02 6.567298247E-01 6.567300885E-01 1.236227086E-01 1.236227002E-01 
6.063515345E+02 6.404461220E-01 6.404464499E-01 1.240798178E-01 1.240798098E-01 
6.084721901E+02 6.197083657E-01 6.197087923E-01 1.245125714E-01 1.245125639E-01 
6.105928457E+02 5.916584065E-01 5.916589984E-01 1.249135143E-01 1.249135075E-01 
6.127135013E+02 5.526852916E-01 5.526860631E-01 1.252713377E-01 1.252713317E-01 
6.148341570E+02 4.888960574E-01 4.888974744E-01 1.255669192E-01 1.255669146E-01 
6.169548126E+02 3.745266977E-01 3.745295121E-01 1.257512352E-01 1.257512333E-01 
6.190754682E+02 1.751211551E-01 1.751257182E-01 1.257381109E-01 1.257381136E-01 
6.194619294E+02 1.271781389E-01 1.271829490E-01 1.257053078E-01 1.257053116E-01 
6.198483905E+02 7.738263189E-02 7.738755600E-02 1.256611499E-01 1.256611548E-01 
6.202348517E+02 2.727175047E-02 2.727661699E-02 1.256053882E-01 1.256053943E-01 
6.206213128E+02 -2.132936637E-02 -2.132474575E-02 1.255381767E-01 1.255381838E-01 
6.210077740E+02 -6.647389415E-02 -6.646969593E-02 1.254600796E-01 1.254600878E-01 
6.213942351E+02 -1.066072351E-01 -1.066035833E-01 1.253721260E-01 1.253721351E-01 
6.217806963E+02 -1.407842944E-01 -1.407812501E-01 1.252755779E-01 1.252755878E-01 
6.221671574E+02 -1.687369381E-01 -1.687344969E-01 1.251718427E-01 1.251718532E-01 
6.224004502E+02 -1.827319833E-01 -1.827298792E-01 1.251063659E-01 1.251063767E-01 
6.226337430E+02 -1.947335896E-01 -1.947317950E-01 1.250390865E-01 1.250390975E-01 
6.228670358E+02 -2.049172719E-01 -2.049157553E-01 1.249702648E-01 1.249702761E-01 
6.231003286E+02 -2.134856503E-01 -2.134843788E-01 1.249001478E-01 1.249001593E-01 
6.233336214E+02 -2.206538033E-01 -2.206527446E-01 1.248289582E-01 1.248289698E-01 
6.235669141E+02 -2.266045568E-01 -2.266036808E-01 1.247568680E-01 1.247568798E-01 
6.238002069E+02 -2.315095545E-01 -2.315088333E-01 1.246840297E-01 1.246840415E-01 
6.240334997E+02 -2.355365383E-01 -2.355359472E-01 1.246105842E-01 1.246105962E-01 
6.243759005E+02 -2.401925014E-01 -2.401920641E-01 1.245019535E-01 1.245019656E-01 
6.247183013E+02 -2.436277190E-01 -2.436273983E-01 1.243925278E-01 1.243925399E-01 
6.250607021E+02 -2.460989453E-01 -2.460987113E-01 1.242824941E-01 1.242825063E-01 
6.254031029E+02 -2.478839793E-01 -2.478838097E-01 1.241720590E-01 1.241720712E-01 
6.257697196E+02 -2.492888531E-01 -2.492887351E-01 1.240535499E-01 1.240535621E-01 
6.261363364E+02 -2.502610929E-01 -2.502610122E-01 1.239348219E-01 1.239348342E-01 
6.265029531E+02 -2.508974949E-01 -2.508974404E-01 1.238159405E-01 1.238159528E-01 
6.268695699E+02 -2.513138830E-01 -2.513138472E-01 1.236969854E-01 1.236969977E-01 
6.273236739E+02 -2.516573135E-01 -2.516572948E-01 1.235496314E-01 1.235496437E-01 
6.277777780E+02 -2.518271168E-01 -2.518271095E-01 1.234022731E-01 1.234022854E-01 
6.282318820E+02 -2.518580891E-01 -2.518580885E-01 1.232549333E-01 1.232549456E-01 
6.286859861E+02 -2.518195678E-01 -2.518195714E-01 1.231076589E-01 1.231076712E-01 
6.292613407E+02 -2.517472295E-01 -2.517472376E-01 1.229212055E-01 1.229212178E-01 
6.298366953E+02 -2.516181649E-01 -2.516181757E-01 1.227348929E-01 1.227349051E-01 
6.304120500E+02 -2.514350614E-01 -2.514350729E-01 1.225487226E-01 1.225487348E-01 
6.309874046E+02 -2.512387169E-01 -2.512387288E-01 1.223627218E-01 1.223627340E-01 
6.317584785E+02 -2.510018802E-01 -2.510018934E-01 1.221137461E-01 1.221137583E-01 
6.325295524E+02 -2.507433419E-01 -2.507433557E-01 1.218650757E-01 1.218650879E-01 
6.333006263E+02 -2.504524662E-01 -2.504524795E-01 1.216167031E-01 1.216167153E-01 
6.340717002E+02 -2.501645472E-01 -2.501645602E-01 1.213686518E-01 1.213686640E-01 
6.351254181E+02 -2.498346192E-01 -2.498346337E-01 1.210302337E-01 1.210302459E-01 
6.361791361E+02 -2.494722802E-01 -2.494722953E-01 1.206923889E-01 1.206924011E-01 
6.372328541E+02 -2.490388687E-01 -2.490388819E-01 1.203550906E-01 1.203551027E-01 
6.382865721E+02 -2.486279610E-01 -2.486279731E-01 1.200184013E-01 1.200184134E-01 
6.395035853E+02 -2.484200057E-01 -2.484200253E-01 1.196304533E-01 1.196304654E-01 
6.407205984E+02 -2.480467229E-01 -2.480467446E-01 1.192431835E-01 1.192431956E-01 
6.419376116E+02 -2.472881053E-01 -2.472881163E-01 1.188564421E-01 1.188564541E-01 
6.431546248E+02 -2.466791622E-01 -2.466791674E-01 1.184705908E-01 1.184706027E-01 
6.438987380E+02 -2.465824762E-01 -2.465824871E-01 1.182352462E-01 1.182352581E-01 
6.446428513E+02 -2.463974098E-01 -2.463974235E-01 1.180001352E-01 1.180001472E-01 
6.453869645E+02 -2.460921496E-01 -2.460921619E-01 1.177652359E-01 1.177652478E-01 
6.461310778E+02 -2.457909509E-01 -2.457909620E-01 1.175306330E-01 1.175306450E-01 
6.468751911E+02 -2.455735072E-01 -2.455735200E-01 1.172963810E-01 1.172963930E-01 
6.476193043E+02 -2.453307022E-01 -2.453307157E-01 1.170624048E-01 1.170624167E-01 
6.483634176E+02 -2.450537031E-01 -2.450537162E-01 1.168286980E-01 1.168287098E-01 
6.491075309E+02 -2.447777767E-01 -2.447777896E-01 1.165952845E-01 1.165952964E-01 
6.501181392E+02 -2.444546169E-01 -2.444546311E-01 1.162787806E-01 1.162787924E-01 
6.511287476E+02 -2.441064594E-01 -2.441064739E-01 1.159627982E-01 1.159628100E-01 
6.521393559E+02 -2.437062589E-01 -2.437062722E-01 1.156473181E-01 1.156473299E-01 
6.531499642E+02 -2.433205802E-01 -2.433205927E-01 1.153323856E-01 1.153323974E-01 
6.543847503E+02 -2.430364006E-01 -2.430364182E-01 1.149484518E-01 1.149484635E-01 
6.556195363E+02 -2.426387311E-01 -2.426387502E-01 1.145652398E-01 1.145652516E-01 
6.568543223E+02 -2.419769912E-01 -2.419770031E-01 1.141826444E-01 1.141826561E-01 
6.580891083E+02 -2.414167121E-01 -2.414167200E-01 1.138009182E-01 1.138009299E-01 
6.588985614E+02 -2.412625906E-01 -2.412626030E-01 1.135512619E-01 1.135512736E-01 
6.597080145E+02 -2.410343759E-01 -2.410343903E-01 1.133018963E-01 1.133019080E-01 
6.605174676E+02 -2.406945086E-01 -2.406945213E-01 1.130527948E-01 1.130528064E-01 
6.613269207E+02 -2.403653450E-01 -2.403653563E-01 1.128040426E-01 1.128040542E-01 
6.621363739E+02 -2.401278348E-01 -2.401278478E-01 1.125556964E-01 1.125557080E-01 
6.629458270E+02 -2.398621741E-01 -2.398621879E-01 1.123076716E-01 1.123076832E-01 
6.637552801E+02 -2.395544448E-01 -2.395544580E-01 1.120599583E-01 1.120599698E-01 
6.645647332E+02 -2.392506221E-01 -2.392506348E-01 1.118125883E-01 1.118125999E-01 
6.656047084E+02 -2.389263522E-01 -2.389263664E-01 1.114953167E-01 1.114953282E-01 
6.666446835E+02 -2.385714425E-01 -2.385714572E-01 1.111785847E-01 1.111785962E-01 
6.676846587E+02 -2.381525358E-01 -2.381525490E-01 1.108623680E-01 1.108623795E-01 
6.687246338E+02 -2.377516431E-01 -2.377516553E-01 1.105467240E-01 1.105467355E-01 
6.699384445E+02 -2.374730069E-01 -2.374730241E-01 1.101791606E-01 1.101791720E-01 
6.711522552E+02 -2.370851145E-01 -2.370851331E-01 1.098122805E-01 1.098122919E-01 
6.723660659E+02 -2.364466477E-01 -2.364466597E-01 1.094459825E-01 1.094459938E-01 
6.735798766E+02 -2.358991170E-01 -2.358991252E-01 1.090805083E-01 1.090805197E-01 
6.744217054E+02 -2.357317645E-01 -2.357317771E-01 1.088276332E-01 1.088276445E-01 
6.752635341E+02 -2.354907034E-01 -2.354907179E-01 1.085750696E-01 1.085750809E-01 
6.761053629E+02 -2.351357618E-01 -2.351357744E-01 1.083227883E-01 1.083227996E-01 
6.769471916E+02 -2.347933559E-01 -2.347933672E-01 1.080708798E-01 1.080708911E-01 
6.777890203E+02 -2.345480716E-01 -2.345480846E-01 1.078194045E-01 1.078194158E-01 
6.786308491E+02 -2.342725864E-01 -2.342726002E-01 1.075682705E-01 1.075682818E-01 
6.794726778E+02 -2.339508409E-01 -2.339508540E-01 1.073174658E-01 1.073174771E-01 
6.803145066E+02 -2.336340367E-01 -2.336340493E-01 1.070670271E-01 1.070670383E-01 
6.813688130E+02 -2.333076272E-01 -2.333076413E-01 1.067539390E-01 1.067539502E-01 
6.824231195E+02 -2.329494308E-01 -2.329494455E-01 1.064413952E-01 1.064414063E-01 
6.834774259E+02 -2.325255321E-01 -2.325255452E-01 1.061293702E-01 1.061293814E-01 
6.845317324E+02 -2.321196772E-01 -2.321196893E-01 1.058179244E-01 1.058179355E-01 
6.857498062E+02 -2.318273139E-01 -2.318273306E-01 1.054589332E-01 1.054589443E-01 
6.869678799E+02 -2.314360981E-01 -2.314361162E-01 1.051006235E-01 1.051006346E-01 
6.881859537E+02 -2.308202268E-01 -2.308202389E-01 1.047429028E-01 1.047429139E-01 
6.894040274E+02 -2.302833611E-01 -2.302833699E-01 1.043859915E-01 1.043860026E-01 
6.902839801E+02 -2.300956580E-01 -2.300956709E-01 1.041287674E-01 1.041287784E-01 
6.911639327E+02 -2.298373048E-01 -2.298373194E-01 1.038718828E-01 1.038718938E-01 
6.920438854E+02 -2.294663273E-01 -2.294663400E-01 1.036153064E-01 1.036153174E-01 
6.929238380E+02 -2.291097365E-01 -2.291097478E-01 1.033591315E-01 1.033591424E-01 
6.938037906E+02 -2.288539670E-01 -2.288539801E-01 1.031034211E-01 1.031034321E-01 
6.946837433E+02 -2.285662012E-01 -2.285662151E-01 1.028480771E-01 1.028480880E-01 
6.955636959E+02 -2.282278707E-01 -2.282278838E-01 1.025930852E-01 1.025930962E-01 
6.964436486E+02 -2.278958203E-01 -2.278958327E-01 1.023384873E-01 1.023384982E-01 
6.975187197E+02 -2.275659998E-01 -2.275660139E-01 1.020280194E-01 1.020280303E-01 
6.985937908E+02 -2.272025265E-01 -2.272025412E-01 1.017181062E-01 1.017181171E-01 
6.996688620E+02 -2.267699136E-01 -2.267699267E-01 1.014087208E-01 1.014087316E-01 
7.007439331E+02 -2.263560166E-01 -2.263560286E-01 1.010999276E-01 1.010999384E-01 
7.019672011E+02 -2.260542742E-01 -2.260542905E-01 1.007493967E-01 1.007494076E-01 
7.031904690E+02 -2.256606835E-01 -2.256607011E-01 1.003995442E-01 1.003995550E-01 
7.044137370E+02 -2.250605771E-01 -2.250605893E-01 1.000502833E-01 1.000502941E-01 
7.056370049E+02 -2.245307093E-01 -2.245307184E-01 9.970182025E-02 9.970183099E-02 
7.067580406E+02 -2.243906276E-01 -2.243906452E-01 9.938339168E-02 9.938340240E-02 
7.078790763E+02 -2.240810221E-01 -2.240810426E-01 9.906545955E-02 9.906547025E-02 
7.090001120E+02 -2.234146801E-01 -2.234146917E-01 9.874788281E-02 9.874789348E-02 
7.101211477E+02 -2.228502209E-01 -2.228502269E-01 9.843100615E-02 9.843101680E-02 
7.110379163E+02 -2.227231531E-01 -2.227231657E-01 9.817258321E-02 9.817259385E-02 
7.119546849E+02 -2.224837335E-01 -2.224837490E-01 9.791449049E-02 9.791450110E-02 
7.128714535E+02 -2.220625699E-01 -2.220625821E-01 9.765667486E-02 9.765668545E-02 
7.137882221E+02 -2.216657491E-01 -2.216657588E-01 9.739929278E-02 9.739930336E-02 
7.146493797E+02 -2.214397413E-01 -2.214397537E-01 9.715801279E-02 9.715802336E-02 
7.155105372E+02 -2.211712767E-01 -2.211712904E-01 9.691706572E-02 9.691707627E-02 
7.163716947E+02 -2.208416178E-01 -2.208416306E-01 9.667643681E-02 9.667644735E-02 
7.172328523E+02 -2.205163093E-01 -2.205163215E-01 9.643617589E-02 9.643618641E-02 
7.182458171E+02 -2.202012736E-01 -2.202012872E-01 9.615407923E-02 9.615408972E-02 
7.192587819E+02 -2.198597063E-01 -2.198597204E-01 9.587246568E-02 9.587247616E-02 
7.202717467E+02 -2.194692103E-01 -2.194692233E-01 9.559131745E-02 9.559132791E-02 
7.212847115E+02 -2.190888907E-01 -2.190889031E-01 9.531067946E-02 9.531068990E-02 
7.225126495E+02 -2.187334901E-01 -2.187335051E-01 9.497123842E-02 9.497124883E-02 
7.237405876E+02 -2.183240511E-01 -2.183240669E-01 9.463249206E-02 9.463250245E-02 
7.249685256E+02 -2.177949538E-01 -2.177949665E-01 9.429438860E-02 9.429439897E-02 
7.261964637E+02 -2.173046830E-01 -2.173046938E-01 9.395704988E-02 9.395706022E-02 
7.274416377E+02 -2.170727125E-01 -2.170727303E-01 9.361593110E-02 9.361594143E-02 
7.286868117E+02 -2.166979458E-01 -2.166979658E-01 9.327545440E-02 9.327546470E-02 
7.299319856E+02 -2.160064678E-01 -2.160064793E-01 9.293548366E-02 9.293549394E-02 
7.311771596E+02 -2.154185240E-01 -2.154185306E-01 9.259634548E-02 9.259635572E-02 
7.322153549E+02 -2.152933048E-01 -2.152933196E-01 9.231443910E-02 9.231444933E-02 
7.332535501E+02 -2.150210707E-01 -2.150210887E-01 9.203293815E-02 9.203294837E-02 
7.342917453E+02 -2.144771226E-01 -2.144771346E-01 9.175174442E-02 9.175175461E-02 
7.353299406E+02 -2.139892690E-01 -2.139892767E-01 9.147111524E-02 9.147112541E-02 
7.362191132E+02 -2.137945996E-01 -2.137946114E-01 9.123135641E-02 9.123136656E-02 
7.371082858E+02 -2.135360312E-01 -2.135360449E-01 9.099192769E-02 9.099193783E-02 
7.379974583E+02 -2.131858390E-01 -2.131858515E-01 9.075280664E-02 9.075281676E-02 
7.388866309E+02 -2.128417807E-01 -2.128417922E-01 9.051407045E-02 9.051408056E-02 
7.398450262E+02 -2.125517429E-01 -2.125517560E-01 9.025723780E-02 9.025724789E-02 
7.408034214E+02 -2.122343213E-01 -2.122343351E-01 9.000082387E-02 9.000083394E-02 
7.417618166E+02 -2.118728002E-01 -2.118728132E-01 8.974481483E-02 8.974482489E-02 
7.427202119E+02 -2.115172010E-01 -2.115172134E-01 8.948925013E-02 8.948926017E-02 
7.439045201E+02 -2.111495406E-01 -2.111495546E-01 8.917410769E-02 8.917411771E-02 
7.450888284E+02 -2.107489736E-01 -2.107489882E-01 8.885960860E-02 8.885961860E-02 
7.462731366E+02 -2.102792607E-01 -2.102792736E-01 8.854572290E-02 8.854573287E-02 
7.474574449E+02 -2.098291802E-01 -2.098291920E-01 8.823252102E-02 8.823253097E-02 
7.487852050E+02 -2.094985007E-01 -2.094985171E-01 8.788231535E-02 8.788232528E-02 
7.501129651E+02 -2.090722286E-01 -2.090722464E-01 8.753286987E-02 8.753287977E-02 
7.514407252E+02 -2.084302348E-01 -2.084302468E-01 8.718408638E-02 8.718409626E-02 
7.527684853E+02 -2.078621854E-01 -2.078621941E-01 8.683619799E-02 8.683620784E-02 
7.539567552E+02 -2.076906652E-01 -2.076906823E-01 8.652583761E-02 8.652584744E-02 
7.551450252E+02 -2.073583908E-01 -2.073584108E-01 8.621601327E-02 8.621602308E-02 
7.563332951E+02 -2.066936168E-01 -2.066936284E-01 8.590658486E-02 8.590659465E-02 
7.575215650E+02 -2.061197779E-01 -2.061197841E-01 8.559789656E-02 8.559790632E-02 
7.584915782E+02 -2.059502697E-01 -2.059502819E-01 8.534664364E-02 8.534665338E-02 
7.594615913E+02 -2.056847896E-01 -2.056848043E-01 8.509575427E-02 8.509576400E-02 
7.604316045E+02 -2.052695252E-01 -2.052695374E-01 8.484518366E-02 8.484519337E-02 
7.614016176E+02 -2.048713759E-01 -2.048713861E-01 8.459506887E-02 8.459507856E-02 
7.623360034E+02 -2.046081745E-01 -2.046081870E-01 8.435465689E-02 8.435466656E-02 
7.632703892E+02 -2.043096415E-01 -2.043096550E-01 8.411462458E-02 8.411463424E-02 
7.642047749E+02 -2.039599098E-01 -2.039599226E-01 8.387495833E-02 8.387496797E-02 
7.651391607E+02 -2.036139794E-01 -2.036139915E-01 8.363570328E-02 8.363571290E-02 
7.662597311E+02 -2.032595403E-01 -2.032595538E-01 8.334936227E-02 8.334937188E-02 
7.673803015E+02 -2.028805805E-01 -2.028805945E-01 8.306358641E-02 8.306359600E-02 
7.685008719E+02 -2.024549854E-01 -2.024549984E-01 8.277835652E-02 8.277836608E-02 
7.696214423E+02 -2.020398281E-01 -2.020398404E-01 8.249371948E-02 8.249372903E-02 
7.709701246E+02 -2.016472392E-01 -2.016472542E-01 8.215200290E-02 8.215201243E-02 
7.723188069E+02 -2.011986073E-01 -2.011986231E-01 8.181108323E-02 8.181109273E-02 
7.736674892E+02 -2.006246862E-01 -2.006246987E-01 8.147090104E-02 8.147091051E-02 
7.750161715E+02 -2.000922909E-01 -2.000923015E-01 8.113159538E-02 8.113160483E-02 
7.763499976E+02 -1.998290025E-01 -1.998290199E-01 8.079707570E-02 8.079708513E-02 
7.776838236E+02 -1.994260514E-01 -1.994260710E-01 8.046325855E-02 8.046326796E-02 
7.790176497E+02 -1.987157552E-01 -1.987157667E-01 8.013000125E-02 8.013001063E-02 
7.803514758E+02 -1.981035825E-01 -1.981035892E-01 7.979764600E-02 7.979765535E-02 
7.814513304E+02 -1.979309962E-01 -1.979310102E-01 7.952448723E-02 7.952449656E-02 
7.825511850E+02 -1.976309242E-01 -1.976309411E-01 7.925177453E-02 7.925178385E-02 
7.836510396E+02 -1.971033202E-01 -1.971033322E-01 7.897942190E-02 7.897943119E-02 
7.847508943E+02 -1.966182994E-01 -1.966183080E-01 7.870765992E-02 7.870766919E-02 
7.857114749E+02 -1.963790059E-01 -1.963790178E-01 7.847092165E-02 7.847093091E-02 
7.866720556E+02 -1.960876701E-01 -1.960876836E-01 7.823456016E-02 7.823456940E-02 
7.876326362E+02 -1.957225189E-01 -1.957225314E-01 7.799855612E-02 7.799856534E-02 
7.885932169E+02 -1.953618536E-01 -1.953618652E-01 7.776297668E-02 7.776298588E-02 
7.896571250E+02 -1.950303400E-01 -1.950303531E-01 7.750260578E-02 7.750261497E-02 
7.907210331E+02 -1.946748622E-01 -1.946748759E-01 7.724272904E-02 7.724273822E-02 
7.917849412E+02 -1.942794407E-01 -1.942794536E-01 7.698333196E-02 7.698334111E-02 
7.928488493E+02 -1.938901014E-01 -1.938901138E-01 7.672445392E-02 7.672446305E-02 
7.941643909E+02 -1.934792938E-01 -1.934793079E-01 7.640511764E-02 7.640512675E-02 
7.954799326E+02 -1.930351395E-01 -1.930351541E-01 7.608653574E-02 7.608654483E-02 
7.967954742E+02 -1.925195104E-01 -1.925195232E-01 7.576867368E-02 7.576868275E-02 
7.981110159E+02 -1.920250093E-01 -1.920250210E-01 7.545161149E-02 7.545162053E-02 
7.995511941E+02 -1.916598639E-01 -1.916598801E-01 7.510555989E-02 7.510556891E-02 
8.009913723E+02 -1.911981587E-01 -1.911981763E-01 7.476035675E-02 7.476036575E-02 
8.024315505E+02 -1.905189862E-01 -1.905189981E-01 7.441589404E-02 7.441590301E-02 
8.038717287E+02 -1.899136267E-01 -1.899136354E-01 7.407242759E-02 7.407243652E-02 
8.051354694E+02 -1.896932399E-01 -1.896932559E-01 7.377208026E-02 7.377208919E-02 
8.063992100E+02 -1.893309446E-01 -1.893309632E-01 7.347232118E-02 7.347233009E-02 
8.076629507E+02 -1.886827869E-01 -1.886827986E-01 7.317302163E-02 7.317303050E-02 
8.089266914E+02 -1.881079054E-01 -1.881079127E-01 7.287450070E-02 7.287450955E-02 
8.099705286E+02 -1.878831974E-01 -1.878832094E-01 7.262868565E-02 7.262869448E-02 
8.110143659E+02 -1.875811497E-01 -1.875811638E-01 7.238328626E-02 7.238329508E-02 
8.120582031E+02 -1.871615503E-01 -1.871615626E-01 7.213826569E-02 7.213827449E-02 
8.131020404E+02 -1.867536787E-01 -1.867536895E-01 7.189373991E-02 7.189374870E-02 
8.141401330E+02 -1.864445033E-01 -1.864445159E-01 7.165112657E-02 7.165113534E-02 
8.151782257E+02 -1.861060072E-01 -1.861060206E-01 7.140896444E-02 7.140897319E-02 
8.162163184E+02 -1.857238245E-01 -1.857238373E-01 7.116723987E-02 7.116724860E-02 
8.172544110E+02 -1.853455740E-01 -1.853455863E-01 7.092599553E-02 7.092600424E-02 
8.185128485E+02 -1.849434295E-01 -1.849434429E-01 7.063423461E-02 7.063424330E-02 
8.197712859E+02 -1.845176696E-01 -1.845176835E-01 7.034315089E-02 7.034315957E-02 
8.210297234E+02 -1.840454013E-01 -1.840454142E-01 7.005272247E-02 7.005273112E-02 
8.222881608E+02 -1.835843670E-01 -1.835843792E-01 6.976300123E-02 6.976300985E-02 
8.237743624E+02 -1.831498480E-01 -1.831498628E-01 6.942184082E-02 6.942184942E-02 
8.252605639E+02 -1.826571153E-01 -1.826571310E-01 6.908159589E-02 6.908160447E-02 
8.267467654E+02 -1.820336476E-01 -1.820336600E-01 6.874219794E-02 6.874220649E-02 
8.282329669E+02 -1.814537984E-01 -1.814538090E-01 6.840380648E-02 6.840381500E-02 
8.296627420E+02 -1.811455237E-01 -1.811455402E-01 6.807940430E-02 6.807941280E-02 
8.310925170E+02 -1.807092906E-01 -1.807093090E-01 6.775577437E-02 6.775578286E-02 
8.325222920E+02 -1.799961003E-01 -1.799961120E-01 6.743277696E-02 6.743278542E-02 
8.339520670E+02 -1.793673718E-01 -1.793673795E-01 6.711074744E-02 6.711075586E-02 
8.351314058E+02 -1.791314642E-01 -1.791314774E-01 6.684605584E-02 6.684606426E-02 
8.363107446E+02 -1.787928369E-01 -1.787928523E-01 6.658187062E-02 6.658187902E-02 
8.374900834E+02 -1.782776316E-01 -1.782776437E-01 6.631812145E-02 6.631812982E-02 
8.386694222E+02 -1.777918939E-01 -1.777919036E-01 6.605500187E-02 6.605501022E-02 
8.397329673E+02 -1.774977200E-01 -1.774977322E-01 6.581836795E-02 6.581837629E-02 
8.407965125E+02 -1.771625790E-01 -1.771625924E-01 6.558218330E-02 6.558219162E-02 
8.418600576E+02 -1.767687139E-01 -1.767687265E-01 6.534643035E-02 6.534643865E-02 
8.429236028E+02 -1.763787894E-01 -1.763788013E-01 6.511116814E-02 6.511117642E-02 
8.441307917E+02 -1.759947204E-01 -1.759947335E-01 6.484477630E-02 6.484478456E-02 
8.453379807E+02 -1.755891265E-01 -1.755891400E-01 6.457898975E-02 6.457899800E-02 
8.465451697E+02 -1.751458486E-01 -1.751458615E-01 6.431379214E-02 6.431380036E-02 
8.477523587E+02 -1.747092435E-01 -1.747092559E-01 6.404922517E-02 6.404923338E-02 
8.492284530E+02 -1.742474108E-01 -1.742474247E-01 6.372664163E-02 6.372664981E-02 
8.507045474E+02 -1.737506733E-01 -1.737506877E-01 6.340495504E-02 6.340496320E-02 
8.521806417E+02 -1.731778729E-01 -1.731778856E-01 6.308412405E-02 6.308413218E-02 
8.536567360E+02 -1.726282656E-01 -1.726282772E-01 6.276424333E-02 6.276425143E-02 
8.552200926E+02 -1.722202567E-01 -1.722202723E-01 6.242663176E-02 6.242663984E-02 
8.567834491E+02 -1.717188941E-01 -1.717189109E-01 6.208996637E-02 6.208997443E-02 
8.583468057E+02 -1.710092205E-01 -1.710092325E-01 6.175413317E-02 6.175414119E-02 
8.599101622E+02 -1.703680617E-01 -1.703680709E-01 6.141940122E-02 6.141940922E-02 
8.612634284E+02 -1.700818897E-01 -1.700819043E-01 6.113074929E-02 6.113075728E-02 
8.626166946E+02 -1.696804471E-01 -1.696804637E-01 6.084275589E-02 6.084276386E-02 
8.639699608E+02 -1.690554037E-01 -1.690554157E-01 6.055531302E-02 6.055532095E-02 
8.653232270E+02 -1.684825827E-01 -1.684825917E-01 6.026869241E-02 6.026870032E-02 
8.664719499E+02 -1.681898653E-01 -1.681898775E-01 6.002618937E-02 6.002619727E-02 
8.676206728E+02 -1.678388389E-01 -1.678388525E-01 5.978418178E-02 5.978418966E-02 
8.687693957E+02 -1.674002999E-01 -1.674003123E-01 5.954263960E-02 5.954264746E-02 
8.699181186E+02 -1.669698922E-01 -1.669699036E-01 5.930165784E-02 5.930166568E-02 
8.711045140E+02 -1.666013417E-01 -1.666013544E-01 5.905342826E-02 5.905343608E-02 
8.722909094E+02 -1.662084497E-01 -1.662084630E-01 5.880576178E-02 5.880576958E-02 
8.734773049E+02 -1.657773371E-01 -1.657773498E-01 5.855864356E-02 5.855865135E-02 
8.746637003E+02 -1.653507469E-01 -1.653507593E-01 5.831211599E-02 5.831212376E-02 
8.761024400E+02 -1.648885884E-01 -1.648886017E-01 5.801399363E-02 5.801400137E-02 
8.775411797E+02 -1.644025380E-01 -1.644025517E-01 5.771670649E-02 5.771671421E-02 
8.789799193E+02 -1.638676614E-01 -1.638676742E-01 5.742022779E-02 5.742023549E-02 
8.804186590E+02 -1.633454808E-01 -1.633454929E-01 5.712461894E-02 5.712462662E-02 
8.820626133E+02 -1.628619650E-01 -1.628619794E-01 5.678800930E-02 5.678801695E-02 
8.837065676E+02 -1.623188281E-01 -1.623188432E-01 5.645245344E-02 5.645246107E-02 
8.853505219E+02 -1.616420618E-01 -1.616420742E-01 5.611787313E-02 5.611788073E-02 
8.869944762E+02 -1.610092762E-01 -1.610092870E-01 5.578444957E-02 5.578445714E-02 
8.885319636E+02 -1.606398243E-01 -1.606398394E-01 5.547385364E-02 5.547386119E-02 
8.900694510E+02 -1.601629648E-01 -1.601629813E-01 5.516411466E-02 5.516412219E-02 
8.916069383E+02 -1.594604806E-01 -1.594604926E-01 5.485510808E-02 5.485511558E-02 
8.931444257E+02 -1.588216946E-01 -1.588217039E-01 5.454713395E-02 5.454714142E-02 
8.944329637E+02 -1.585064503E-01 -1.585064630E-01 5.428999974E-02 5.429000719E-02 
8.957215016E+02 -1.581156834E-01 -1.581156976E-01 5.403346233E-02 5.403346977E-02 
8.970100396E+02 -1.575996421E-01 -1.575996544E-01 5.377746813E-02 5.377747555E-02 
8.982985776E+02 -1.571021000E-01 -1.571021110E-01 5.352216812E-02 5.352217551E-02 
8.995149953E+02 -1.567380462E-01 -1.567380587E-01 5.328188742E-02 5.328189479E-02 
9.007314130E+02 -1.563427769E-01 -1.563427901E-01 5.304217309E-02 5.304218045E-02 
9.019478307E+02 -1.559009787E-01 -1.559009914E-01 5.280300789E-02 5.280301523E-02 
9.031642484E+02 -1.554633236E-01 -1.554633358E-01 5.256444509E-02 5.256445241E-02 
9.045704790E+02 -1.550097853E-01 -1.550097983E-01 5.228945671E-02 5.228946401E-02 
9.059767096E+02 -1.545360500E-01 -1.545360634E-01 5.201524356E-02 5.201525084E-02 
9.073829401E+02 -1.540246934E-01 -1.540247062E-01 5.174178561E-02 5.174179286E-02 
9.087891707E+02 -1.535211248E-01 -1.535211372E-01 5.146913060E-02 5.146913784E-02 
9.104624365E+02 -1.529976930E-01 -1.529977067E-01 5.114581578E-02 5.114582299E-02 
9.121357023E+02 -1.524369231E-01 -1.524369372E-01 5.082358164E-02 5.082358882E-02 
9.138089681E+02 -1.517939276E-01 -1.517939402E-01 5.050237715E-02 5.050238431E-02 
9.154822339E+02 -1.511763494E-01 -1.511763611E-01 5.018231784E-02 5.018232497E-02 
9.171823718E+02 -1.507124989E-01 -1.507125134E-01 4.985844066E-02 4.985844777E-02 
9.188825096E+02 -1.501651503E-01 -1.501651658E-01 4.953562089E-02 4.953562798E-02 
9.205826475E+02 -1.494354838E-01 -1.494354961E-01 4.921374736E-02 4.921375442E-02 
9.222827853E+02 -1.487620388E-01 -1.487620491E-01 4.889308164E-02 4.889308866E-02 
9.237523417E+02 -1.483920192E-01 -1.483920327E-01 4.861706297E-02 4.861706997E-02 
9.252218981E+02 -1.479381879E-01 -1.479382026E-01 4.834180369E-02 4.834181067E-02 
9.266914545E+02 -1.473295521E-01 -1.473295644E-01 4.806722293E-02 4.806722989E-02 
9.281610109E+02 -1.467527280E-01 -1.467527388E-01 4.779352843E-02 4.779353537E-02 
9.294683533E+02 -1.463753867E-01 -1.463753991E-01 4.755091151E-02 4.755091843E-02 
9.307756956E+02 -1.459571855E-01 -1.459571987E-01 4.730891959E-02 4.730892649E-02 
9.320830379E+02 -1.454768869E-01 -1.454768995E-01 4.706752747E-02 4.706753435E-02 
9.333903803E+02 -1.450027713E-01 -1.450027833E-01 4.682681165E-02 4.682681851E-02 
9.347954671E+02 -1.445533311E-01 -1.445533440E-01 4.656891211E-02 4.656891895E-02 
9.362005538E+02 -1.440832364E-01 -1.440832496E-01 4.631175985E-02 4.631176667E-02 
9.376056406E+02 -1.435780157E-01 -1.435780284E-01 4.605533704E-02 4.605534384E-02 
9.390107274E+02 -1.430783564E-01 -1.430783689E-01 4.579968918E-02 4.579969596E-02 
9.406874163E+02 -1.425391474E-01 -1.425391606E-01 4.549569485E-02 4.549570160E-02 
9.423641051E+02 -1.419743427E-01 -1.419743562E-01 4.519276176E-02 4.519276848E-02 
9.440407940E+02 -1.413554453E-01 -1.413554580E-01 4.489085480E-02 4.489086150E-02 
9.457174829E+02 -1.407514594E-01 -1.407514716E-01 4.459005224E-02 4.459005892E-02 
9.475404361E+02 -1.402081217E-01 -1.402081356E-01 4.426437340E-02 4.426438005E-02 
9.493633893E+02 -1.396070766E-01 -1.396070910E-01 4.393990702E-02 4.393991365E-02 
9.511863425E+02 -1.388785274E-01 -1.388785399E-01 4.361656837E-02 4.361657496E-02 
9.530092958E+02 -1.381899133E-01 -1.381899247E-01 4.329455233E-02 4.329455890E-02 
9.546775179E+02 -1.377391801E-01 -1.377391938E-01 4.300119704E-02 4.300120359E-02 
9.563457400E+02 -1.372095195E-01 -1.372095340E-01 4.270881194E-02 4.270881846E-02 
9.580139621E+02 -1.365220822E-01 -1.365220946E-01 4.241730086E-02 4.241730736E-02 
9.596821842E+02 -1.358739757E-01 -1.358739868E-01 4.212689762E-02 4.212690409E-02 
9.611374053E+02 -1.354594702E-01 -1.354594828E-01 4.187461920E-02 4.187462565E-02 
9.625926264E+02 -1.349955346E-01 -1.349955480E-01 4.162308560E-02 4.162309203E-02 
9.640478475E+02 -1.344511882E-01 -1.344512007E-01 4.137225779E-02 4.137226420E-02 
9.655030687E+02 -1.339178068E-01 -1.339178188E-01 4.112224537E-02 4.112225175E-02 
9.669591149E+02 -1.334580909E-01 -1.334581036E-01 4.087298275E-02 4.087298912E-02 
9.684151612E+02 -1.329748316E-01 -1.329748446E-01 4.062449189E-02 4.062449823E-02 
9.698712075E+02 -1.324535688E-01 -1.324535815E-01 4.037675363E-02 4.037675996E-02 
9.713272538E+02 -1.319372486E-01 -1.319372610E-01 4.012981950E-02 4.012982581E-02 
9.730150458E+02 -1.313890813E-01 -1.313890943E-01 3.984464241E-02 3.984464869E-02 
9.747028377E+02 -1.308204154E-01 -1.308204285E-01 3.956050869E-02 3.956051495E-02 
9.763906297E+02 -1.302109223E-01 -1.302109350E-01 3.927739102E-02 3.927739725E-02 
9.780784216E+02 -1.296111128E-01 -1.296111252E-01 3.899535045E-02 3.899535666E-02 
9.799869885E+02 -1.290128835E-01 -1.290128968E-01 3.867779836E-02 3.867780454E-02 
9.818955554E+02 -1.283756673E-01 -1.283756809E-01 3.836155388E-02 3.836156004E-02 
9.838041223E+02 -1.276528950E-01 -1.276529076E-01 3.804655528E-02 3.804656141E-02 
9.857126892E+02 -1.269558732E-01 -1.269558852E-01 3.773294075E-02 3.773294685E-02 
9.875709121E+02 -1.264155541E-01 -1.264155676E-01 3.742907096E-02 3.742907703E-02 
9.894291351E+02 -1.258110792E-01 -1.258110931E-01 3.712639504E-02 3.712640109E-02 
9.912873580E+02 -1.250726939E-01 -1.250727064E-01 3.682482071E-02 3.682482673E-02 
9.931455810E+02 -1.243708692E-01 -1.243708808E-01 3.652456477E-02 3.652457076E-02 
9.947922496E+02 -1.238928341E-01 -1.238928470E-01 3.625973868E-02 3.625974465E-02 
9.964389183E+02 -1.233627377E-01 -1.233627511E-01 3.599583957E-02 3.599584552E-02 
9.980855869E+02 -1.227409194E-01 -1.227409319E-01 3.573281361E-02 3.573281954E-02 
9.997322555E+02 -1.221354228E-01 -1.221354348E-01 3.547080037E-02 3.547080627E-02 
1.001302975E+03 -1.216437700E-01 -1.216437827E-01 3.522190698E-02 3.522191287E-02 
1.002873695E+03 -1.211249994E-01 -1.211250124E-01 3.497387682E-02 3.497388268E-02 
1.004444414E+03 -1.205624126E-01 -1.205624253E-01 3.472668605E-02 3.472669189E-02 
1.006015134E+03 -1.200055048E-01 -1.200055172E-01 3.448039885E-02 3.448040467E-02 
1.007752114E+03 -1.194403544E-01 -1.194403672E-01 3.420915140E-02 3.420915720E-02 
1.009489094E+03 -1.188562118E-01 -1.188562248E-01 3.393897051E-02 3.393897628E-02 
1.011226075E+03 -1.182363368E-01 -1.182363495E-01 3.366983151E-02 3.366983725E-02 
1.012963055E+03 -1.176237394E-01 -1.176237519E-01 3.340179039E-02 3.340179612E-02 
1.014943422E+03 -1.169867894E-01 -1.169868023E-01 3.309759981E-02 3.309760551E-02 
1.016923789E+03 -1.163218395E-01 -1.163218526E-01 3.279477994E-02 3.279478560E-02 
1.018904156E+03 -1.155967542E-01 -1.155967669E-01 3.249328366E-02 3.249328930E-02 
1.020884523E+03 -1.148883912E-01 -1.148884035E-01 3.219321354E-02 3.219321915E-02 
1.022910198E+03 -1.142658755E-01 -1.142658886E-01 3.188786827E-02 3.188787386E-02 
1.024935873E+03 -1.135959340E-01 -1.135959474E-01 3.158391914E-02 3.158392470E-02 
1.026961548E+03 -1.128254038E-01 -1.128254164E-01 3.128128860E-02 3.128129414E-02 
1.028987223E+03 -1.120827875E-01 -1.120827995E-01 3.098015321E-02 3.098015871E-02 
1.030849387E+03 -1.115213345E-01 -1.115213474E-01 3.070477783E-02 3.070478331E-02 
1.032711550E+03 -1.109127009E-01 -1.109127141E-01 3.043056129E-02 3.043056674E-02 
1.034573713E+03 -1.102155622E-01 -1.102155748E-01 3.015744211E-02 3.015744754E-02 
1.036435877E+03 -1.095369045E-01 -1.095369167E-01 2.988557026E-02 2.988557567E-02 
1.038184333E+03 -1.089876519E-01 -1.089876646E-01 2.963153463E-02 2.963154001E-02 
1.039932789E+03 -1.084094542E-01 -1.084094671E-01 2.937852980E-02 2.937853516E-02 
1.041681246E+03 -1.077826043E-01 -1.077826170E-01 2.912652501E-02 2.912653035E-02 
1.043429702E+03 -1.071629713E-01 -1.071629837E-01 2.887559929E-02 2.887560460E-02 
1.045278011E+03 -1.065613671E-01 -1.065613799E-01 2.861158118E-02 2.861158647E-02 
1.047126319E+03 -1.059407325E-01 -1.059407454E-01 2.834872492E-02 2.834873018E-02 
1.048974628E+03 -1.052853513E-01 -1.052853640E-01 2.808700487E-02 2.808701011E-02 
1.050822937E+03 -1.046363793E-01 -1.046363918E-01 2.782647950E-02 2.782648471E-02 
1.052895519E+03 -1.039611193E-01 -1.039611321E-01 2.753582699E-02 2.753583218E-02 
1.054968102E+03 -1.032635700E-01 -1.032635830E-01 2.724662546E-02 2.724663062E-02 
1.057040684E+03 -1.025195134E-01 -1.025195260E-01 2.695883513E-02 2.695884026E-02 
1.059113267E+03 -1.017871732E-01 -1.017871857E-01 2.667254050E-02 2.667254560E-02 
1.061290327E+03 -1.010941771E-01 -1.010941900E-01 2.637351816E-02 2.637352324E-02 
1.063467388E+03 -1.003669877E-01 -1.003670007E-01 2.607606732E-02 2.607607238E-02 
1.065644449E+03 -9.956744486E-02 -9.956745748E-02 2.578012548E-02 2.578013050E-02 
1.067821510E+03 -9.878718228E-02 -9.878719466E-02 2.548582994E-02 2.548583493E-02 
1.069905343E+03 -9.813411867E-02 -9.813413147E-02 2.520579337E-02 2.520579834E-02 
1.071989176E+03 -9.744348494E-02 -9.744349790E-02 2.492717295E-02 2.492717789E-02 
1.074073010E+03 -9.667976739E-02 -9.667978001E-02 2.464990941E-02 2.464991432E-02 
1.076156843E+03 -9.593229401E-02 -9.593230639E-02 2.437413999E-02 2.437414488E-02 
1.078136443E+03 -9.530059788E-02 -9.530061058E-02 2.411364612E-02 2.411365098E-02 
1.080116043E+03 -9.464170765E-02 -9.464172047E-02 2.385442887E-02 2.385443371E-02 
1.082095642E+03 -9.393464384E-02 -9.393465647E-02 2.359645161E-02 2.359645642E-02 
1.084075242E+03 -9.323578964E-02 -9.323580213E-02 2.333980214E-02 2.333980693E-02 
1.086111485E+03 -9.257044842E-02 -9.257046111E-02 2.307726440E-02 2.307726916E-02 
1.088147728E+03 -9.188617080E-02 -9.188618358E-02 2.281608116E-02 2.281608590E-02 
1.090183971E+03 -9.116709390E-02 -9.116710654E-02 2.255622331E-02 2.255622803E-02 
1.092220214E+03 -9.045432207E-02 -9.045433462E-02 2.229775541E-02 2.229776009E-02 
1.094438357E+03 -8.972589657E-02 -8.972590929E-02 2.201784464E-02 2.201784930E-02 
1.096656499E+03 -8.897815969E-02 -8.897817247E-02 2.173953178E-02 2.173953641E-02 
1.098874641E+03 -8.819104482E-02 -8.819105746E-02 2.146277926E-02 2.146278386E-02 
1.101092783E+03 -8.741293311E-02 -8.741294566E-02 2.118766469E-02 2.118766926E-02 
1.103429790E+03 -8.665264259E-02 -8.665265532E-02 2.089966015E-02 2.089966470E-02 
1.105766798E+03 -8.586714854E-02 -8.586716134E-02 2.061340575E-02 2.061341026E-02 
1.108103805E+03 -8.502904401E-02 -8.502905665E-02 2.032884979E-02 2.032885428E-02 
1.110440812E+03 -8.420380799E-02 -8.420382051E-02 2.004610085E-02 2.004610531E-02 
1.112749438E+03 -8.345779151E-02 -8.345780422E-02 1.976865458E-02 1.976865901E-02 
1.115058064E+03 -8.268441888E-02 -8.268443166E-02 1.949289410E-02 1.949289850E-02 
1.117366690E+03 -8.185700646E-02 -8.185701909E-02 1.921876790E-02 1.921877228E-02 
1.119675316E+03 -8.104136776E-02 -8.104138029E-02 1.894638829E-02 1.894639263E-02 
1.121928219E+03 -8.030746486E-02 -8.030747753E-02 1.868235383E-02 1.868235815E-02 
1.124181121E+03 -7.955124889E-02 -7.955126162E-02 1.841991537E-02 1.841991966E-02 
1.126434024E+03 -7.875351382E-02 -7.875352645E-02 1.815903403E-02 1.815903829E-02 
1.128686926E+03 -7.796338964E-02 -7.796340220E-02 1.789979523E-02 1.789979947E-02 
1.130988775E+03 -7.720443873E-02 -7.720445139E-02 1.763669125E-02 1.763669546E-02 
1.133290624E+03 -7.642804120E-02 -7.642805391E-02 1.737524774E-02 1.737525192E-02 
1.135592474E+03 -7.561848141E-02 -7.561849404E-02 1.711543126E-02 1.711543542E-02 
1.137894323E+03 -7.481503749E-02 -7.481505007E-02 1.685731112E-02 1.685731524E-02 
1.140331890E+03 -7.400792319E-02 -7.400793586E-02 1.658588714E-02 1.658589124E-02 
1.142769458E+03 -7.318386146E-02 -7.318387416E-02 1.631631168E-02 1.631631575E-02 
1.145207025E+03 -7.232546750E-02 -7.232548013E-02 1.604854660E-02 1.604855064E-02 
1.147644593E+03 -7.147422861E-02 -7.147424120E-02 1.578266694E-02 1.578267095E-02 
1.150181996E+03 -7.063549363E-02 -7.063550630E-02 1.550797322E-02 1.550797720E-02 
1.152719399E+03 -6.977794871E-02 -6.977796141E-02 1.523526100E-02 1.523526495E-02 
1.155256801E+03 -6.888173082E-02 -6.888174345E-02 1.496448567E-02 1.496448959E-02 
1.157794204E+03 -6.799382329E-02 -6.799383588E-02 1.469573510E-02 1.469573899E-02 
1.160349364E+03 -6.714920834E-02 -6.714922100E-02 1.442722747E-02 1.442723133E-02 
1.162904524E+03 -6.628576478E-02 -6.628577747E-02 1.416070836E-02 1.416071219E-02 
1.165459683E+03 -6.538480281E-02 -6.538481544E-02 1.389613420E-02 1.389613800E-02 
1.168014843E+03 -6.449126060E-02 -6.449127319E-02 1.363359167E-02 1.363359545E-02 
1.170578693E+03 -6.363968302E-02 -6.363969567E-02 1.337227101E-02 1.337227475E-02 
1.173142544E+03 -6.277172312E-02 -6.277173580E-02 1.311293647E-02 1.311294018E-02 
1.175706395E+03 -6.187183545E-02 -6.187184808E-02 1.285554988E-02 1.285555356E-02 
1.178270245E+03 -6.097767169E-02 -6.097768429E-02 1.260018564E-02 1.260018930E-02 
1.180898912E+03 -6.009976918E-02 -6.009978183E-02 1.234053077E-02 1.234053439E-02 
1.183527579E+03 -5.920761675E-02 -5.920762942E-02 1.208294793E-02 1.208295152E-02 
1.186156245E+03 -5.828712976E-02 -5.828714240E-02 1.182740072E-02 1.182740428E-02 
1.188784912E+03 -5.737165877E-02 -5.737167139E-02 1.157395667E-02 1.157396020E-02 
1.191510636E+03 -5.645849412E-02 -5.645850677E-02 1.131343882E-02 1.131344232E-02 
1.194236360E+03 -5.553176708E-02 -5.553177975E-02 1.105512881E-02 1.105513229E-02 
1.196962084E+03 -5.457728983E-02 -5.457730248E-02 1.079898839E-02 1.079899183E-02 
1.199687808E+03 -5.362781581E-02 -5.362782843E-02 1.054508594E-02 1.054508936E-02 
1.202487719E+03 -5.268781189E-02 -5.268782455E-02 1.028666669E-02 1.028667007E-02 
1.205287631E+03 -5.173460433E-02 -5.173461700E-02 1.003055414E-02 1.003055749E-02 
1.208087542E+03 -5.075427868E-02 -5.075429133E-02 9.776709000E-03 9.776712321E-03 
1.210887453E+03 -4.977866680E-02 -4.977867943E-02 9.525200117E-03 9.525203406E-03 
1.213736357E+03 -4.881932058E-02 -4.881933324E-02 9.271750540E-03 9.271753798E-03 
1.216585261E+03 -4.784777606E-02 -4.784778873E-02 9.020666151E-03 9.020669378E-03 
1.219434164E+03 -4.685135698E-02 -4.685136963E-02 8.771909126E-03 8.771912322E-03 
1.222283068E+03 -4.585890504E-02 -4.585891768E-02 8.525543935E-03 8.525547100E-03 
1.225187259E+03 -4.487720201E-02 -4.487721467E-02 8.276918141E-03 8.276921273E-03 
1.228091450E+03 -4.388461636E-02 -4.388462904E-02 8.030727364E-03 8.030730465E-03 
1.230995641E+03 -4.286973350E-02 -4.286974617E-02 7.786935429E-03 7.786938499E-03 
1.233899831E+03 -4.185810604E-02 -4.185811870E-02 7.545601313E-03 7.545604351E-03 
1.236873645E+03 -4.084910134E-02 -4.084911402E-02 7.301083487E-03 7.301086493E-03 
1.239847458E+03 -3.983031163E-02 -3.983032432E-02 7.059094599E-03 7.059097574E-03 
1.242821271E+03 -3.879119160E-02 -3.879120428E-02 6.819599141E-03 6.819602083E-03 
1.245795084E+03 -3.775479672E-02 -3.775480940E-02 6.582652201E-03 6.582655112E-03 
1.248836859E+03 -3.671899534E-02 -3.671900803E-02 6.342978804E-03 6.342981682E-03 
1.251878634E+03 -3.567434429E-02 -3.567435699E-02 6.105925464E-03 6.105928310E-03 
1.254920408E+03 -3.461112968E-02 -3.461114237E-02 5.871457325E-03 5.871460138E-03 
1.257962183E+03 -3.355011275E-02 -3.355012544E-02 5.639625883E-03 5.639628664E-03 
1.261062422E+03 -3.249034783E-02 -3.249036054E-02 5.406100597E-03 5.406103346E-03 
1.264162661E+03 -3.142269777E-02 -3.142271050E-02 5.175270413E-03 5.175273129E-03 
1.267262900E+03 -3.033843263E-02 -3.033844535E-02 4.947101755E-03 4.947104439E-03 
1.270363140E+03 -2.925577936E-02 -2.925579207E-02 4.721641594E-03 4.721644246E-03 
1.273515702E+03 -2.817365434E-02 -2.817366707E-02 4.495198751E-03 4.495201370E-03 
1.276668265E+03 -2.708462458E-02 -2.708463732E-02 4.271515652E-03 4.271518238E-03 
1.279820827E+03 -2.598098728E-02 -2.598100002E-02 4.050560371E-03 4.050562924E-03 
1.282973390E+03 -2.487837783E-02 -2.487839058E-02 3.832374790E-03 3.832377311E-03 
1.286171734E+03 -2.377567987E-02 -2.377569263E-02 3.613891799E-03 3.613894287E-03 
1.289370077E+03 -2.266700710E-02 -2.266701987E-02 3.398221909E-03 3.398224365E-03 
1.292568421E+03 -2.154567348E-02 -2.154568625E-02 3.185335108E-03 3.185337531E-03 
1.295766765E+03 -2.042480885E-02 -2.042482162E-02 2.975267980E-03 2.975270370E-03 
1.297264386E+03 -1.990415263E-02 -1.990416541E-02 2.877884980E-03 2.877887354E-03 
1.298762008E+03 -1.938285843E-02 -1.938287122E-02 2.781115463E-03 2.781117822E-03 
1.300259630E+03 -1.886095195E-02 -1.886096474E-02 2.684958763E-03 2.684961107E-03 
1.301757251E+03 -1.827322278E-02 -1.827323646E-02 2.577086581E-03 2.577089069E-03 
