0.000000000E+00 -2.342821384E-01 -5.617641485E-03 1.075827734E-01 4.806596147E-04 
8.391482867E-01 -2.339808890E-01 -5.335393078E-03 1.073305169E-01 4.378041519E-04 
1.678296573E+00 -2.336795203E-01 -5.053080103E-03 1.070786280E-01 3.951223117E-04 
2.517444860E+00 -2.333777134E-01 -4.770700535E-03 1.068271061E-01 3.526139789E-04 
3.356593147E+00 -2.330760539E-01 -4.488255348E-03 1.065759514E-01 3.102790517E-04 
5.156951100E+00 -2.324768622E-01 -3.882123830E-03 1.060383812E-01 2.200361181E-04 
6.957309053E+00 -2.318393279E-01 -3.275656370E-03 1.055024676E-01 1.305896977E-04 
8.757667006E+00 -2.311106511E-01 -2.668761328E-03 1.049681688E-01 4.193835863E-05 
1.055802496E+01 -2.304320925E-01 -2.061540929E-03 1.044355846E-01 -4.591846219E-05 
1.149944351E+01 -2.301583429E-01 -1.743935644E-03 1.041578194E-01 -9.154314092E-05 
1.244086206E+01 -2.298465196E-01 -1.426237860E-03 1.038804837E-01 -1.369510066E-04 
1.338228061E+01 -2.294673747E-01 -1.108444418E-03 1.036035557E-01 -1.821422149E-04 
1.432369916E+01 -2.291007251E-01 -7.905569521E-04 1.033270933E-01 -2.271169016E-04 
1.526511771E+01 -2.288058170E-01 -4.725782764E-04 1.030511400E-01 -2.718751957E-04 
1.620653626E+01 -2.284856700E-01 -1.545033608E-04 1.027756236E-01 -3.164172577E-04 
1.714795481E+01 -2.281211851E-01 1.636709228E-04 1.025005297E-01 -3.607432407E-04 
1.808937337E+01 -2.277647655E-01 4.819431635E-04 1.022258964E-01 -4.048532773E-04 
1.926397014E+01 -2.274133770E-01 8.791790558E-04 1.018839459E-01 -4.595862282E-04 
2.043856692E+01 -2.270146963E-01 1.276572410E-03 1.015426665E-01 -5.139835107E-04 
2.161316369E+01 -2.265116036E-01 1.674131906E-03 1.012020147E-01 -5.680454275E-04 
2.278776047E+01 -2.260421374E-01 2.071851993E-03 1.008620924E-01 -6.217722161E-04 
2.402107275E+01 -2.258125175E-01 2.489615739E-03 1.005061318E-01 -6.778242513E-04 
2.525438503E+01 -2.254353582E-01 2.907562904E-03 1.001508353E-01 -7.335074252E-04 
2.648769731E+01 -2.247253628E-01 3.325704068E-03 9.979606369E-02 -7.888220798E-04 
2.772100959E+01 -2.241297246E-01 3.744032574E-03 9.944215072E-02 -8.437684842E-04 
2.874855264E+01 -2.240487805E-01 4.092702523E-03 9.914818607E-02 -8.892664461E-04 
2.977609568E+01 -2.237897131E-01 4.441506219E-03 9.885462182E-02 -9.345091656E-04 
3.080363872E+01 -2.231883974E-01 4.790448058E-03 9.856133421E-02 -9.794968254E-04 
3.183118176E+01 -2.226650899E-01 5.139526511E-03 9.826863997E-02 -1.024229591E-03 
3.267773172E+01 -2.225109220E-01 5.427218650E-03 9.802811142E-02 -1.060891664E-03 
3.352428169E+01 -2.222778818E-01 5.715005613E-03 9.778788456E-02 -1.097380936E-03 
3.437083166E+01 -2.219333675E-01 6.002889292E-03 9.754793413E-02 -1.133697505E-03 
3.521738162E+01 -2.215952810E-01 6.290869613E-03 9.730834967E-02 -1.169841463E-03 
3.610291572E+01 -2.213316399E-01 6.592214301E-03 9.705818687E-02 -1.207465246E-03 
3.698844981E+01 -2.210389802E-01 6.893667078E-03 9.680839615E-02 -1.244900361E-03 
3.787398390E+01 -2.207024763E-01 7.195230224E-03 9.655896571E-02 -1.282146918E-03 
3.875951800E+01 -2.203703061E-01 7.496903655E-03 9.630993206E-02 -1.319205014E-03 
3.986863941E+01 -2.200189665E-01 7.874899604E-03 9.599862434E-02 -1.365354156E-03 
4.097776082E+01 -2.196386951E-01 8.253073392E-03 9.568791025E-02 -1.411208023E-03 
4.208688224E+01 -2.191990361E-01 8.631430910E-03 9.537776559E-02 -1.456766833E-03 
4.319600365E+01 -2.187753662E-01 9.009970644E-03 9.506824765E-02 -1.502030764E-03 
4.448802273E+01 -2.184408081E-01 9.451156462E-03 9.470858589E-02 -1.554387246E-03 
4.578004180E+01 -2.180175934E-01 9.892598196E-03 9.434968701E-02 -1.606344156E-03 
4.707206088E+01 -2.173928439E-01 1.033430720E-02 9.399146242E-02 -1.657901837E-03 
4.836407996E+01 -2.168387826E-01 1.077627928E-02 9.363412209E-02 -1.709060547E-03 
4.930764768E+01 -2.166173474E-01 1.109921624E-02 9.337382040E-02 -1.746170057E-03 
5.025121540E+01 -2.163304875E-01 1.142229739E-02 9.311390888E-02 -1.783067048E-03 
5.119478312E+01 -2.159378992E-01 1.174552569E-02 9.285435551E-02 -1.819751639E-03 
5.213835084E+01 -2.155596199E-01 1.206890147E-02 9.259525377E-02 -1.856223937E-03 
5.308191857E+01 -2.152780131E-01 1.239242439E-02 9.233666776E-02 -1.892484042E-03 
5.402548629E+01 -2.149654398E-01 1.271609844E-02 9.207849690E-02 -1.928532074E-03 
5.496905401E+01 -2.146032617E-01 1.303992663E-02 9.182072602E-02 -1.964368149E-03 
5.591262173E+01 -2.142476038E-01 1.336390947E-02 9.156339884E-02 -1.999992367E-03 
5.705477985E+01 -2.138914299E-01 1.375628614E-02 9.125255745E-02 -2.042831028E-03 
5.819693797E+01 -2.135024719E-01 1.414889601E-02 9.094233127E-02 -2.085359616E-03 
5.933909610E+01 -2.130461915E-01 1.454174551E-02 9.063269210E-02 -2.127578332E-03 
6.048125422E+01 -2.126080555E-01 1.493483478E-02 9.032370690E-02 -2.169487338E-03 
6.177155110E+01 -2.122714619E-01 1.537919373E-02 8.997554045E-02 -2.216459588E-03 
6.306184798E+01 -2.118501747E-01 1.582386926E-02 8.962812053E-02 -2.263037064E-03 
6.435214485E+01 -2.112393554E-01 1.626887197E-02 8.928136242E-02 -2.309220048E-03 
6.564244173E+01 -2.106919436E-01 1.671420145E-02 8.893546691E-02 -2.355008753E-03 
6.682976804E+01 -2.104981789E-01 1.712427855E-02 8.861813930E-02 -2.396795176E-03 
6.801709435E+01 -2.101545533E-01 1.753464176E-02 8.830137677E-02 -2.438248123E-03 
6.920442066E+01 -2.094974859E-01 1.794529869E-02 8.798504747E-02 -2.479367791E-03 
7.039174697E+01 -2.089285952E-01 1.835625058E-02 8.766947346E-02 -2.520154343E-03 
7.137536507E+01 -2.087551892E-01 1.869691952E-02 8.740879938E-02 -2.553691012E-03 
7.235898316E+01 -2.084812504E-01 1.903779687E-02 8.714851203E-02 -2.586999276E-03 
7.334260126E+01 -2.080433667E-01 1.937888649E-02 8.688855943E-02 -2.620079236E-03 
7.432621936E+01 -2.076282219E-01 1.972019006E-02 8.662909279E-02 -2.652930983E-03 
7.525687035E+01 -2.073711456E-01 2.004331282E-02 8.638413850E-02 -2.683803651E-03 
7.618752134E+01 -2.070741506E-01 2.036663225E-02 8.613956912E-02 -2.714472179E-03 
7.711817233E+01 -2.067184191E-01 2.069015159E-02 8.589536877E-02 -2.744936646E-03 
7.804882332E+01 -2.063675682E-01 2.101387266E-02 8.565158904E-02 -2.775197120E-03 
7.913620144E+01 -2.060239749E-01 2.139236740E-02 8.536733695E-02 -2.810295305E-03 
8.022357956E+01 -2.056544272E-01 2.177114558E-02 8.508363103E-02 -2.845115216E-03 
8.131095768E+01 -2.052366378E-01 2.215021303E-02 8.480045224E-02 -2.879656971E-03 
8.239833580E+01 -2.048290542E-01 2.252957259E-02 8.451784800E-02 -2.913920665E-03 
8.370237224E+01 -2.044420335E-01 2.298490622E-02 8.417976510E-02 -2.954644771E-03 
8.500640868E+01 -2.040034771E-01 2.344067497E-02 8.384245165E-02 -2.994969292E-03 
8.631044511E+01 -2.034511616E-01 2.389689050E-02 8.350585489E-02 -3.034894419E-03 
8.761448155E+01 -2.029353051E-01 2.435355747E-02 8.317009828E-02 -3.074420282E-03 
8.893188599E+01 -2.026548432E-01 2.481536732E-02 8.283192111E-02 -3.113946023E-03 
9.024929044E+01 -2.022472411E-01 2.527765612E-02 8.249446199E-02 -3.153064573E-03 
9.156669489E+01 -2.015596203E-01 2.574043646E-02 8.215759237E-02 -3.191776096E-03 
9.288409933E+01 -2.009616472E-01 2.620371447E-02 8.182161993E-02 -3.230080706E-03 
9.399398841E+01 -2.007794440E-01 2.659440781E-02 8.153947556E-02 -3.262035890E-03 
9.510387750E+01 -2.004690229E-01 2.698546743E-02 8.125780492E-02 -3.293702411E-03 
9.621376658E+01 -1.999224841E-01 2.737690069E-02 8.097651658E-02 -3.325080344E-03 
9.732365566E+01 -1.994242722E-01 2.776871269E-02 8.069584988E-02 -3.356169746E-03 
9.828783052E+01 -1.991894232E-01 2.810939590E-02 8.045266912E-02 -3.382943348E-03 
9.925200538E+01 -1.988969518E-01 2.845037417E-02 8.020987659E-02 -3.409499285E-03 
1.002161802E+02 -1.985202814E-01 2.879165243E-02 7.996744910E-02 -3.435837591E-03 
1.011803551E+02 -1.981501942E-01 2.913323468E-02 7.972546349E-02 -3.461958295E-03 
1.022207314E+02 -1.978277739E-01 2.950215842E-02 7.946490746E-02 -3.489899337E-03 
1.032611078E+02 -1.974791131E-01 2.987144746E-02 7.920483578E-02 -3.517587085E-03 
1.043014841E+02 -1.970873460E-01 3.024110857E-02 7.894523339E-02 -3.545021571E-03 
1.053418604E+02 -1.967018139E-01 3.061114724E-02 7.868614197E-02 -3.572202814E-03 
1.066134412E+02 -1.963012465E-01 3.106394021E-02 7.837021882E-02 -3.605080680E-03 
1.078850221E+02 -1.958683801E-01 3.151731878E-02 7.805502127E-02 -3.637580295E-03 
1.091566029E+02 -1.953675147E-01 3.197129685E-02 7.774051742E-02 -3.669701694E-03 
1.104281838E+02 -1.948859463E-01 3.242588530E-02 7.742678163E-02 -3.701444868E-03 
1.118376656E+02 -1.945146675E-01 3.293049870E-02 7.708003938E-02 -3.736188526E-03 
1.132471475E+02 -1.940556728E-01 3.343589636E-02 7.673414134E-02 -3.770467457E-03 
1.146566293E+02 -1.933998853E-01 3.394209943E-02 7.638899127E-02 -3.804281654E-03 
1.160661112E+02 -1.928101522E-01 3.444912496E-02 7.604481664E-02 -3.837631046E-03 
1.173311893E+02 -1.925774419E-01 3.490491902E-02 7.573694251E-02 -3.867167842E-03 
1.185962673E+02 -1.922064003E-01 3.536140677E-02 7.542968412E-02 -3.896330079E-03 
1.198613454E+02 -1.915523091E-01 3.581860483E-02 7.512291386E-02 -3.925117696E-03 
1.211264234E+02 -1.909736182E-01 3.627652800E-02 7.481694554E-02 -3.953530609E-03 
1.221767546E+02 -1.907508189E-01 3.665728032E-02 7.456370002E-02 -3.976835660E-03 
1.232270857E+02 -1.904451167E-01 3.703855346E-02 7.431088664E-02 -3.999882292E-03 
1.242774168E+02 -1.900090293E-01 3.742035774E-02 7.405846262E-02 -4.022670442E-03 
1.253277479E+02 -1.895884448E-01 3.780270301E-02 7.380655696E-02 -4.045200037E-03 
1.263516289E+02 -1.892867960E-01 3.817595001E-02 7.356157642E-02 -4.066913326E-03 
1.273755099E+02 -1.889526256E-01 3.854973105E-02 7.331704518E-02 -4.088380762E-03 
1.283993909E+02 -1.885699804E-01 3.892405664E-02 7.307294836E-02 -4.109602264E-03 
1.294232718E+02 -1.881917140E-01 3.929893704E-02 7.282933269E-02 -4.130577737E-03 
1.306425915E+02 -1.878005853E-01 3.974611281E-02 7.253989068E-02 -4.155235912E-03 
1.318619111E+02 -1.873853445E-01 4.019410959E-02 7.225110213E-02 -4.179544854E-03 
1.330812308E+02 -1.869236394E-01 4.064294732E-02 7.196294597E-02 -4.203504378E-03 
1.343005504E+02 -1.864726127E-01 4.109264558E-02 7.167547281E-02 -4.227114272E-03 
1.357456095E+02 -1.860418644E-01 4.162674062E-02 7.133574286E-02 -4.254642153E-03 
1.371906686E+02 -1.855574083E-01 4.216210930E-02 7.099690719E-02 -4.281678256E-03 
1.386357277E+02 -1.849532702E-01 4.269878976E-02 7.065890431E-02 -4.308222174E-03 
1.400807868E+02 -1.843882249E-01 4.323682008E-02 7.032187722E-02 -4.334273433E-03 
1.414994136E+02 -1.840689164E-01 4.376636000E-02 6.999214288E-02 -4.359368449E-03 
1.429180403E+02 -1.836281572E-01 4.429727957E-02 6.966320045E-02 -4.383987687E-03 
1.443366670E+02 -1.829231177E-01 4.482962086E-02 6.933491782E-02 -4.408130628E-03 
1.457552937E+02 -1.822998135E-01 4.536342678E-02 6.900761118E-02 -4.431796699E-03 
1.469405078E+02 -1.820621642E-01 4.581055853E-02 6.873510766E-02 -4.451202812E-03 
1.481257218E+02 -1.817178027E-01 4.625877143E-02 6.846313212E-02 -4.470275268E-03 
1.493109359E+02 -1.811845015E-01 4.670809401E-02 6.819160754E-02 -4.489013680E-03 
1.504961499E+02 -1.806857862E-01 4.715855561E-02 6.792074066E-02 -4.507417636E-03 
1.515529381E+02 -1.803982077E-01 4.756119193E-02 6.767989689E-02 -4.523544988E-03 
1.526097262E+02 -1.800652966E-01 4.796478047E-02 6.743950677E-02 -4.539405771E-03 
1.536665144E+02 -1.796664451E-01 4.836934449E-02 6.719955032E-02 -4.554999652E-03 
1.547233025E+02 -1.792725831E-01 4.877490794E-02 6.696009339E-02 -4.570326281E-03 
1.558976429E+02 -1.788989432E-01 4.922678696E-02 6.669464030E-02 -4.587043827E-03 
1.570719833E+02 -1.785024482E-01 4.967996604E-02 6.642977524E-02 -4.603430383E-03 
1.582463237E+02 -1.780667354E-01 5.013448189E-02 6.616548194E-02 -4.619485405E-03 
1.594206642E+02 -1.776375659E-01 5.059037270E-02 6.590180282E-02 -4.635208316E-03 
1.608510488E+02 -1.771851300E-01 5.114757758E-02 6.558151999E-02 -4.653909828E-03 
1.622814335E+02 -1.766995002E-01 5.170695609E-02 6.526210510E-02 -4.672116585E-03 
1.637118182E+02 -1.761424675E-01 5.226858676E-02 6.494352028E-02 -4.689827390E-03 
1.651422029E+02 -1.756065639E-01 5.283255265E-02 6.462585237E-02 -4.707040964E-03 
1.666808733E+02 -1.751936165E-01 5.344192034E-02 6.428529202E-02 -4.725001004E-03 
1.682195436E+02 -1.746933638E-01 5.405420482E-02 6.394568208E-02 -4.742382353E-03 
1.697582140E+02 -1.739982613E-01 5.466952629E-02 6.360691744E-02 -4.759183140E-03 
1.712968844E+02 -1.733672773E-01 5.528801325E-02 6.326924570E-02 -4.775401381E-03 
1.726512943E+02 -1.730768115E-01 5.583516202E-02 6.297311889E-02 -4.789193687E-03 
1.740057043E+02 -1.726696038E-01 5.638496546E-02 6.267767499E-02 -4.802531467E-03 
1.753601142E+02 -1.720314945E-01 5.693752588E-02 6.238280202E-02 -4.815413127E-03 
1.767145242E+02 -1.714499757E-01 5.749295188E-02 6.208877862E-02 -4.827836996E-03 
1.778607626E+02 -1.711629482E-01 5.796533294E-02 6.184076598E-02 -4.837992371E-03 
1.790070011E+02 -1.708123513E-01 5.843992059E-02 6.159325826E-02 -4.847817477E-03 
1.801532395E+02 -1.703641159E-01 5.891679081E-02 6.134622109E-02 -4.857311143E-03 
1.812994780E+02 -1.699262249E-01 5.939602358E-02 6.109976008E-02 -4.866472148E-03 
1.824597891E+02 -1.695672974E-01 5.988363203E-02 6.085093211E-02 -4.875405507E-03 
1.836201002E+02 -1.691819049E-01 6.037383804E-02 6.060265640E-02 -4.883995291E-03 
1.847804113E+02 -1.687554304E-01 6.086673708E-02 6.035491762E-02 -4.892240051E-03 
1.859407224E+02 -1.683335721E-01 6.136242988E-02 6.010776040E-02 -4.900138272E-03 
1.873336390E+02 -1.678831715E-01 6.196133323E-02 5.981187291E-02 -4.909159892E-03 
1.887265557E+02 -1.674091248E-01 6.256460847E-02 5.951679099E-02 -4.917676935E-03 
1.901194723E+02 -1.668876502E-01 6.317246110E-02 5.922248950E-02 -4.925686354E-03 
1.915123889E+02 -1.663780202E-01 6.378511102E-02 5.892902663E-02 -4.933184931E-03 
1.931190328E+02 -1.658972139E-01 6.449803016E-02 5.859166832E-02 -4.941195210E-03 
1.947256766E+02 -1.653607241E-01 6.521802730E-02 5.825535004E-02 -4.948515774E-03 
1.963323204E+02 -1.646998682E-01 6.594551735E-02 5.792000027E-02 -4.955140682E-03 
1.979389643E+02 -1.640795556E-01 6.668095094E-02 5.758578431E-02 -4.961063615E-03 
1.994685168E+02 -1.637053067E-01 6.738892234E-02 5.726883876E-02 -4.966043930E-03 
2.009980693E+02 -1.632249054E-01 6.810498653E-02 5.695277156E-02 -4.970375646E-03 
2.025276217E+02 -1.625191932E-01 6.882963443E-02 5.663745922E-02 -4.974052077E-03 
2.040571742E+02 -1.618787277E-01 6.956339920E-02 5.632319790E-02 -4.977066116E-03 
2.053446079E+02 -1.615673236E-01 7.018850221E-02 5.605967766E-02 -4.979084084E-03 
2.066320416E+02 -1.611752360E-01 7.082084273E-02 5.579676886E-02 -4.980622541E-03 
2.079194753E+02 -1.606459188E-01 7.146081961E-02 5.553441177E-02 -4.981676346E-03 
2.092069089E+02 -1.601387355E-01 7.210886204E-02 5.527277090E-02 -4.982240068E-03 
2.104035334E+02 -1.597837656E-01 7.271883023E-02 5.503032674E-02 -4.982319538E-03 
2.116001578E+02 -1.593944670E-01 7.333656173E-02 5.478844392E-02 -4.981965718E-03 
2.127967822E+02 -1.589539839E-01 7.396248403E-02 5.454710385E-02 -4.981173392E-03 
2.139934066E+02 -1.585180799E-01 7.459705667E-02 5.430636424E-02 -4.979937043E-03 
2.153558331E+02 -1.580771206E-01 7.533071628E-02 5.403305063E-02 -4.977981359E-03 
2.167182595E+02 -1.576153867E-01 7.607701826E-02 5.376048511E-02 -4.975433278E-03 
2.180806859E+02 -1.571157922E-01 7.683682420E-02 5.348864839E-02 -4.972282905E-03 
2.194431123E+02 -1.566236268E-01 7.761107501E-02 5.321758729E-02 -4.968519647E-03 
2.210695441E+02 -1.561090100E-01 7.855571109E-02 5.289508263E-02 -4.963208732E-03 
2.226959759E+02 -1.555591253E-01 7.952433002E-02 5.257363093E-02 -4.956987184E-03 
2.243224078E+02 -1.549321914E-01 8.051910217E-02 5.225318546E-02 -4.949831988E-03 
2.259488396E+02 -1.543286373E-01 8.154246240E-02 5.193385200E-02 -4.941717982E-03 
2.276291690E+02 -1.538625929E-01 8.263266382E-02 5.160524574E-02 -4.932298804E-03 
2.293094984E+02 -1.533156667E-01 8.375969352E-02 5.127770798E-02 -4.921793239E-03 
2.309898278E+02 -1.525912786E-01 8.492744803E-02 5.095113195E-02 -4.910163978E-03 
2.326701573E+02 -1.519223050E-01 8.614037848E-02 5.062576829E-02 -4.897369644E-03 
2.341367963E+02 -1.515542410E-01 8.723993750E-02 5.034295683E-02 -4.885214328E-03 
2.356034353E+02 -1.510982878E-01 8.838161531E-02 5.006092377E-02 -4.872102608E-03 
2.370700744E+02 -1.504764887E-01 8.956981031E-02 4.977958206E-02 -4.857996875E-03 
2.385367134E+02 -1.498907562E-01 9.080953811E-02 4.949915236E-02 -4.842855459E-03 
2.398285299E+02 -1.495222728E-01 9.194869823E-02 4.925303362E-02 -4.828624437E-03 
2.411203464E+02 -1.491088160E-01 9.313668893E-02 4.900753974E-02 -4.813519284E-03 
2.424121628E+02 -1.486263129E-01 9.437857495E-02 4.876264281E-02 -4.797501320E-03 
2.437039793E+02 -1.481510914E-01 9.568012750E-02 4.851842687E-02 -4.780527711E-03 
2.450680488E+02 -1.477145643E-01 9.712653248E-02 4.826135387E-02 -4.761514850E-03 
2.464321183E+02 -1.472561494E-01 9.865565826E-02 4.800500447E-02 -4.741321368E-03 
2.477961878E+02 -1.467612374E-01 1.002779137E-01 4.774936107E-02 -4.719876924E-03 
2.491602574E+02 -1.462717555E-01 1.020054852E-01 4.749446976E-02 -4.697101952E-03 
2.507841592E+02 -1.457453604E-01 1.042195189E-01 4.719206092E-02 -4.668127812E-03 
2.524080611E+02 -1.451942359E-01 1.066316616E-01 4.689067797E-02 -4.636966112E-03 
2.540319629E+02 -1.445915555E-01 1.092778482E-01 4.659028852E-02 -4.603409737E-03 
2.556558648E+02 -1.440026964E-01 1.122030507E-01 4.629096532E-02 -4.567212079E-03 
2.574460881E+02 -1.434622327E-01 1.158200527E-01 4.596232532E-02 -4.523889774E-03 
2.592363113E+02 -1.428664851E-01 1.199389708E-01 4.563489392E-02 -4.476528038E-03 
2.610265346E+02 -1.421484230E-01 1.246911870E-01 4.530859135E-02 -4.424522043E-03 
2.628167579E+02 -1.414688175E-01 1.302569660E-01 4.498360114E-02 -4.367099998E-03 
2.644763168E+02 -1.410193523E-01 1.363608500E-01 4.468367150E-02 -4.308170619E-03 
2.661358756E+02 -1.404885225E-01 1.436336867E-01 4.438473276E-02 -4.242753345E-03 
2.677954345E+02 -1.397924681E-01 1.524756001E-01 4.408668503E-02 -4.169482058E-03 
2.694549934E+02 -1.391392049E-01 1.634831720E-01 4.378977044E-02 -4.086501378E-03 
2.708962192E+02 -1.387331934E-01 1.754971798E-01 4.353298525E-02 -4.004602837E-03 
2.723374449E+02 -1.382731170E-01 1.906048650E-01 4.327695075E-02 -3.911293170E-03 
2.737786707E+02 -1.377236814E-01 2.101996526E-01 4.302162398E-02 -3.803239451E-03 
2.752198964E+02 -1.371872285E-01 2.365410336E-01 4.276712592E-02 -3.675584909E-03 
2.766374008E+02 -1.367408574E-01 2.722108684E-01 4.251770644E-02 -3.524316083E-03 
2.780549051E+02 -1.362690297E-01 3.239441363E-01 4.226904253E-02 -3.336951252E-03 
2.794724095E+02 -1.357566516E-01 4.010824326E-01 4.202111629E-02 -3.095479021E-03 
2.808899138E+02 -1.352493078E-01 5.152580129E-01 4.177398373E-02 -2.773627609E-03 
2.812925176E+02 -1.351140994E-01 5.560207338E-01 4.170394700E-02 -2.662909229E-03 
2.816951214E+02 -1.349780905E-01 6.001339950E-01 4.163397308E-02 -2.541960590E-03 
2.820977252E+02 -1.348414230E-01 6.468588705E-01 4.156406222E-02 -2.410068034E-03 
2.825003289E+02 -1.347042271E-01 6.950124813E-01 4.149421466E-02 -2.266760371E-03 
2.829029327E+02 -1.345666096E-01 7.430100901E-01 4.142443061E-02 -2.111849257E-03 
2.833055365E+02 -1.344286406E-01 7.889527960E-01 4.135471026E-02 -1.945635832E-03 
2.837081402E+02 -1.342903826E-01 8.311387441E-01 4.128505374E-02 -1.768827683E-03 
2.841107440E+02 -1.341518939E-01 8.682463926E-01 4.121546122E-02 -1.582482673E-03 
2.844366471E+02 -1.340396530E-01 8.940019615E-01 4.115917381E-02 -1.425593436E-03 
2.847625503E+02 -1.339273087E-01 9.158602124E-01 4.110292846E-02 -1.264105375E-03 
2.850884534E+02 -1.338148770E-01 9.339660786E-01 4.104672519E-02 -1.098742596E-03 
2.854143565E+02 -1.337023724E-01 9.486619410E-01 4.099056404E-02 -9.302266266E-04 
2.857402597E+02 -1.335898077E-01 9.604387667E-01 4.093444504E-02 -7.592361284E-04 
2.860661628E+02 -1.334771919E-01 9.697175424E-01 4.087836820E-02 -5.862455007E-04 
2.863920660E+02 -1.333645332E-01 9.769008628E-01 4.082233352E-02 -4.116653436E-04 
2.867179691E+02 -1.332518394E-01 9.824141223E-01 4.076634101E-02 -2.359027940E-04 
2.871751859E+02 -1.330936934E-01 9.881690223E-01 4.068785896E-02 1.196790137E-05 
2.876324027E+02 -1.329355036E-01 9.920347427E-01 4.060945990E-02 2.610547567E-04 
2.880896195E+02 -1.327772791E-01 9.943931683E-01 4.053114381E-02 5.110718306E-04 
2.885468363E+02 -1.326190317E-01 9.958528402E-01 4.045291067E-02 7.615166460E-04 
2.890358374E+02 -1.324497700E-01 9.969597545E-01 4.036933078E-02 1.029426113E-03 
2.895248385E+02 -1.322804961E-01 9.975751527E-01 4.028584569E-02 1.297457592E-03 
2.900138396E+02 -1.321112129E-01 9.977941743E-01 4.020245537E-02 1.565545015E-03 
2.905028407E+02 -1.319419279E-01 9.978171832E-01 4.011915976E-02 1.833541381E-03 
2.911545091E+02 -1.317163446E-01 9.977954848E-01 4.000830284E-02 2.190364276E-03 
2.918061775E+02 -1.314907659E-01 9.975961283E-01 3.989761392E-02 2.546909396E-03 
2.924578459E+02 -1.312651843E-01 9.972115703E-01 3.978709286E-02 2.903182940E-03 
2.931095144E+02 -1.310396191E-01 9.967962670E-01 3.967673957E-02 3.259074416E-03 
2.939822218E+02 -1.307376350E-01 9.963697817E-01 3.952921825E-02 3.734955303E-03 
2.948549292E+02 -1.304356634E-01 9.958658862E-01 3.938199724E-02 4.210168857E-03 
2.957276366E+02 -1.301336470E-01 9.952342816E-01 3.923507617E-02 4.684751592E-03 
2.966003440E+02 -1.298316774E-01 9.946207667E-01 3.908845485E-02 5.158599503E-03 
2.977866253E+02 -1.294216476E-01 9.941015443E-01 3.888963135E-02 5.801323425E-03 
2.989729066E+02 -1.290115258E-01 9.934106639E-01 3.869136013E-02 6.442839320E-03 
3.001591879E+02 -1.286009518E-01 9.923323179E-01 3.849363998E-02 7.083303620E-03 
3.013454693E+02 -1.281905388E-01 9.913852267E-01 3.829647091E-02 7.722342435E-03 
3.023535506E+02 -1.278423328E-01 9.910870174E-01 3.812935315E-02 8.263974751E-03 
3.033616319E+02 -1.274940800E-01 9.905655048E-01 3.796263211E-02 8.804811163E-03 
3.043697132E+02 -1.271456571E-01 9.896070356E-01 3.779630716E-02 9.345007688E-03 
3.053777945E+02 -1.267972968E-01 9.887511425E-01 3.763037813E-02 9.884169951E-03 
3.063858758E+02 -1.264492493E-01 9.884588469E-01 3.746484490E-02 1.042196101E-02 
3.073939571E+02 -1.261011830E-01 9.879395253E-01 3.729970654E-02 1.095896309E-02 
3.084020384E+02 -1.257529751E-01 9.869818612E-01 3.713496244E-02 1.149533232E-02 
3.094101198E+02 -1.254048361E-01 9.861235096E-01 3.697061240E-02 1.203067091E-02 
3.104735707E+02 -1.250379263E-01 9.858604275E-01 3.679766231E-02 1.259390093E-02 
3.115370216E+02 -1.246709884E-01 9.853200594E-01 3.662514956E-02 1.315627601E-02 
3.126004725E+02 -1.243038563E-01 9.842179725E-01 3.645307338E-02 1.371800801E-02 
3.136639234E+02 -1.239368103E-01 9.832588326E-01 3.628143361E-02 1.427856987E-02 
3.147308666E+02 -1.235689568E-01 9.831006211E-01 3.610966862E-02 1.483930374E-02 
3.157978098E+02 -1.232010715E-01 9.825965677E-01 3.593834165E-02 1.539923290E-02 
3.168647530E+02 -1.228329913E-01 9.813964675E-01 3.576745193E-02 1.595862033E-02 
3.179316962E+02 -1.224649951E-01 9.803693536E-01 3.559699930E-02 1.651680805E-02 
3.189564706E+02 -1.221118940E-01 9.802348819E-01 3.543369485E-02 1.705128467E-02 
3.199812450E+02 -1.217587756E-01 9.797674775E-01 3.527079250E-02 1.758503529E-02 
3.210060194E+02 -1.214055174E-01 9.786697009E-01 3.510829160E-02 1.811828652E-02 
3.220307938E+02 -1.210523283E-01 9.777053176E-01 3.494619195E-02 1.865045141E-02 
3.230343641E+02 -1.207067325E-01 9.774636504E-01 3.478783511E-02 1.917011251E-02 
3.240379344E+02 -1.203611310E-01 9.769674516E-01 3.462986208E-02 1.968903184E-02 
3.250415047E+02 -1.200154188E-01 9.760120337E-01 3.447227225E-02 2.020736840E-02 
3.260450750E+02 -1.196697707E-01 9.751421071E-01 3.431506544E-02 2.072469754E-02 
3.270927072E+02 -1.193092409E-01 9.747843433E-01 3.415136486E-02 2.126330770E-02 
3.281403393E+02 -1.189487003E-01 9.742170572E-01 3.398808054E-02 2.180106057E-02 
3.291879715E+02 -1.185880163E-01 9.732571992E-01 3.382521178E-02 2.233810057E-02 
3.302356037E+02 -1.182274075E-01 9.723791694E-01 3.366275838E-02 2.287405340E-02 
3.313627004E+02 -1.178398418E-01 9.719976904E-01 3.348844630E-02 2.344907267E-02 
3.324897971E+02 -1.174522395E-01 9.713765194E-01 3.331461358E-02 2.402310234E-02 
3.336168938E+02 -1.170644002E-01 9.702732190E-01 3.314125931E-02 2.459633570E-02 
3.347439905E+02 -1.166766598E-01 9.692901884E-01 3.296838333E-02 2.516829156E-02 
3.359065567E+02 -1.162772279E-01 9.690124980E-01 3.279056799E-02 2.575642109E-02 
3.370691228E+02 -1.158777367E-01 9.684073631E-01 3.261325992E-02 2.634356205E-02 
3.382316889E+02 -1.154779537E-01 9.671299611E-01 3.243645809E-02 2.692999157E-02 
3.393942550E+02 -1.150782787E-01 9.660276903E-01 3.226016239E-02 2.751502380E-02 
3.405156479E+02 -1.146932507E-01 9.658431996E-01 3.209058980E-02 2.807743694E-02 
3.416370409E+02 -1.143081784E-01 9.652987208E-01 3.192148665E-02 2.863898232E-02 
3.427584338E+02 -1.139228836E-01 9.640527635E-01 3.175285207E-02 2.919993802E-02 
3.438798267E+02 -1.135376760E-01 9.629657582E-01 3.158468588E-02 2.975959626E-02 
3.449512588E+02 -1.131700081E-01 9.627033785E-01 3.142444933E-02 3.029259306E-02 
3.460226910E+02 -1.128023206E-01 9.621602479E-01 3.126463913E-02 3.082476371E-02 
3.470941231E+02 -1.124344839E-01 9.611126709E-01 3.110525454E-02 3.135629453E-02 
3.481655553E+02 -1.120667189E-01 9.601567395E-01 3.094629538E-02 3.188668631E-02 
3.492598538E+02 -1.116914417E-01 9.597421299E-01 3.078438267E-02 3.242683097E-02 
3.503541524E+02 -1.113161484E-01 9.591241060E-01 3.062291246E-02 3.296604305E-02 
3.514484510E+02 -1.109406954E-01 9.581389320E-01 3.046188398E-02 3.350446176E-02 
3.525427495E+02 -1.105653211E-01 9.572220421E-01 3.030129701E-02 3.404171708E-02 
3.537331540E+02 -1.101574218E-01 9.567194069E-01 3.012710785E-02 3.462448010E-02 
3.549235584E+02 -1.097494757E-01 9.560133738E-01 2.995343954E-02 3.520611263E-02 
3.561139628E+02 -1.093412508E-01 9.549069787E-01 2.978029103E-02 3.578678447E-02 
3.573043673E+02 -1.089331355E-01 9.538946324E-01 2.960766216E-02 3.636606947E-02 
3.585747419E+02 -1.084982524E-01 9.534514502E-01 2.942400939E-02 3.698227990E-02 
3.598451165E+02 -1.080632699E-01 9.527195994E-01 2.924094638E-02 3.759725857E-02 
3.611154911E+02 -1.076278568E-01 9.513884392E-01 2.905847176E-02 3.821127598E-02 
3.623858657E+02 -1.071925853E-01 9.502171133E-01 2.887658551E-02 3.882366774E-02 
3.636359518E+02 -1.067649889E-01 9.499242398E-01 2.869817844E-02 3.942407682E-02 
3.648860379E+02 -1.063372937E-01 9.492581855E-01 2.852033905E-02 4.002338356E-02 
3.661361240E+02 -1.059092142E-01 9.478397024E-01 2.834306608E-02 4.062192214E-02 
3.673862101E+02 -1.054812560E-01 9.466059339E-01 2.816635946E-02 4.121885795E-02 
3.685600604E+02 -1.050799602E-01 9.463033427E-01 2.800094476E-02 4.177731904E-02 
3.697339106E+02 -1.046786119E-01 9.456822892E-01 2.783602778E-02 4.233480599E-02 
3.709077608E+02 -1.042770269E-01 9.444797443E-01 2.767160755E-02 4.289155626E-02 
3.720816111E+02 -1.038755291E-01 9.433863107E-01 2.750768388E-02 4.344694113E-02 
3.732422575E+02 -1.034789753E-01 9.429154836E-01 2.734609215E-02 4.399427876E-02 
3.744029040E+02 -1.030823915E-01 9.422330956E-01 2.718498437E-02 4.454057769E-02 
3.755635505E+02 -1.026856109E-01 9.411821631E-01 2.702435962E-02 4.508598359E-02 
3.767241970E+02 -1.022889150E-01 9.401916243E-01 2.686421768E-02 4.563009847E-02 
3.779826555E+02 -1.018592922E-01 9.395689668E-01 2.669112541E-02 4.621825276E-02 
3.792411140E+02 -1.014296100E-01 9.387702762E-01 2.651859890E-02 4.680512301E-02 
3.804995725E+02 -1.009996044E-01 9.376380398E-01 2.634663691E-02 4.739085811E-02 
3.817580310E+02 -1.005697183E-01 9.365758450E-01 2.617523928E-02 4.797507719E-02 
3.831465726E+02 -1.000962127E-01 9.359311298E-01 2.598677975E-02 4.861750306E-02 
3.845351141E+02 -9.962255383E-02 9.350483397E-01 2.579900469E-02 4.925839429E-02 
3.859236557E+02 -9.914827985E-02 9.336723739E-01 2.561191227E-02 4.989799537E-02 
3.873121972E+02 -9.867419095E-02 9.324258467E-01 2.542550263E-02 5.053570765E-02 
3.887277510E+02 -9.819197561E-02 9.319372423E-01 2.523616975E-02 5.118325584E-02 
3.901433047E+02 -9.770955448E-02 9.310902745E-01 2.504754351E-02 5.182932454E-02 
3.915588584E+02 -9.722643243E-02 9.294988962E-01 2.485962194E-02 5.247428858E-02 
3.929744121E+02 -9.674349936E-02 9.281027428E-01 2.467240529E-02 5.311722617E-02 
3.943019484E+02 -9.629154332E-02 9.276997749E-01 2.449747030E-02 5.371762975E-02 
3.956294847E+02 -9.583945276E-02 9.269397471E-01 2.432315281E-02 5.431678264E-02 
3.969570210E+02 -9.538691535E-02 9.255044524E-01 2.414945135E-02 5.491500138E-02 
3.982845572E+02 -9.493450051E-02 9.242066545E-01 2.397636589E-02 5.551146778E-02 
3.995524610E+02 -9.450305271E-02 9.236561804E-01 2.381163048E-02 5.607894046E-02 
4.008203648E+02 -9.407153550E-02 9.228714325E-01 2.364745495E-02 5.664518542E-02 
4.020882685E+02 -9.363972447E-02 9.216865190E-01 2.348383812E-02 5.721037366E-02 
4.033561723E+02 -9.320801237E-02 9.205612004E-01 2.332077979E-02 5.777403009E-02 
4.047037220E+02 -9.274981125E-02 9.198063149E-01 2.314809079E-02 5.837102479E-02 
4.060512717E+02 -9.229152436E-02 9.188895865E-01 2.297603040E-02 5.896653042E-02 
4.073988214E+02 -9.183283694E-02 9.176814739E-01 2.280459710E-02 5.956068394E-02 
4.087463711E+02 -9.137428263E-02 9.165247383E-01 2.263379079E-02 6.015312327E-02 
4.102694712E+02 -9.085703994E-02 9.156483150E-01 2.244148796E-02 6.082028488E-02 
4.117925713E+02 -9.033956650E-02 9.145818971E-01 2.224998276E-02 6.148553102E-02 
4.133156715E+02 -8.982122558E-02 9.131294277E-01 2.205927268E-02 6.214907299E-02 
4.148387716E+02 -8.930312581E-02 9.117709252E-01 2.186935816E-02 6.281039128E-02 
4.164625669E+02 -8.875248850E-02 9.109791295E-01 2.166776506E-02 6.351237810E-02 
4.180863623E+02 -8.820143389E-02 9.098752249E-01 2.146707168E-02 6.421229879E-02 
4.197101576E+02 -8.764906115E-02 9.081119093E-01 2.126727477E-02 6.491053483E-02 
4.213339529E+02 -8.709701247E-02 9.065256415E-01 2.106837541E-02 6.560615734E-02 
4.228879711E+02 -8.657047396E-02 9.058925183E-01 2.087886460E-02 6.626863780E-02 
4.244419892E+02 -8.604358121E-02 9.048850815E-01 2.069017167E-02 6.692933369E-02 
4.259960074E+02 -8.551569280E-02 9.031399464E-01 2.050229401E-02 6.758865485E-02 
4.275500255E+02 -8.498802190E-02 9.015586376E-01 2.031523224E-02 6.824556862E-02 
4.290008507E+02 -8.449661203E-02 9.008432206E-01 2.014132904E-02 6.885598329E-02 
4.304516759E+02 -8.400500992E-02 8.998639718E-01 1.996813379E-02 6.946477637E-02 
4.319025011E+02 -8.351282761E-02 8.984311530E-01 1.979564459E-02 7.007217153E-02 
4.333533263E+02 -8.302078311E-02 8.970642304E-01 1.962386152E-02 7.067755144E-02 
4.348490970E+02 -8.251447091E-02 8.961149855E-01 1.944749622E-02 7.129910814E-02 
4.363448677E+02 -8.200799116E-02 8.950050106E-01 1.927187832E-02 7.191880074E-02 
4.378406384E+02 -8.150089649E-02 8.936198352E-01 1.909700570E-02 7.253676892E-02 
4.393364091E+02 -8.099396889E-02 8.922727891E-01 1.892287844E-02 7.315262805E-02 
4.410414129E+02 -8.041765256E-02 8.911013421E-01 1.872530350E-02 7.385166794E-02 
4.427464167E+02 -7.984094668E-02 8.897736024E-01 1.852869230E-02 7.454822084E-02 
4.444514204E+02 -7.926290087E-02 8.881398746E-01 1.833304118E-02 7.524247411E-02 
4.461564242E+02 -7.868519355E-02 8.865687846E-01 1.813835127E-02 7.593395902E-02 
4.480524889E+02 -7.804567847E-02 8.853393499E-01 1.792297575E-02 7.669910503E-02 
4.499485535E+02 -7.740528052E-02 8.838587900E-01 1.770878150E-02 7.746124659E-02 
4.518446182E+02 -7.676225407E-02 8.818490792E-01 1.749576264E-02 7.822074325E-02 
4.537406829E+02 -7.611984465E-02 8.799722841E-01 1.728392257E-02 7.897672074E-02 
4.556276102E+02 -7.548437124E-02 8.788698491E-01 1.707427713E-02 7.972471276E-02 
4.575145375E+02 -7.484788296E-02 8.774233050E-01 1.686579090E-02 8.046985426E-02 
4.594014648E+02 -7.420877547E-02 8.752813719E-01 1.665845824E-02 8.121261775E-02 
4.612883921E+02 -7.357019407E-02 8.732952622E-01 1.645228257E-02 8.195182969E-02 
4.630611926E+02 -7.297330301E-02 8.721727917E-01 1.625963381E-02 8.264225683E-02 
4.648339931E+02 -7.237573827E-02 8.707773508E-01 1.606799974E-02 8.333012145E-02 
4.666067937E+02 -7.177652165E-02 8.689017995E-01 1.587737631E-02 8.401571822E-02 
4.683795942E+02 -7.117759541E-02 8.670939415E-01 1.568776521E-02 8.469824926E-02 
4.701745769E+02 -7.057347040E-02 8.657304863E-01 1.549681476E-02 8.538560852E-02 
4.719695595E+02 -6.996881250E-02 8.642017245E-01 1.530689612E-02 8.607016247E-02 
4.737645422E+02 -6.936264984E-02 8.623977313E-01 1.511800520E-02 8.675207425E-02 
4.755595248E+02 -6.875679441E-02 8.606197085E-01 1.493014339E-02 8.743087886E-02 
4.775983805E+02 -6.807186074E-02 8.589221104E-01 1.471800933E-02 8.819767792E-02 
4.796372361E+02 -6.738592014E-02 8.570809119E-01 1.450719421E-02 8.896072563E-02 
4.816760917E+02 -6.669697296E-02 8.549716177E-01 1.429769080E-02 8.972021207E-02 
4.837149473E+02 -6.600870508E-02 8.528967655E-01 1.408950341E-02 9.047563802E-02 
4.860375512E+02 -6.523140781E-02 8.509312348E-01 1.385395419E-02 9.133063885E-02 
4.883601551E+02 -6.445165483E-02 8.487608865E-01 1.362009713E-02 9.218074990E-02 
4.906827590E+02 -6.366515879E-02 8.461750264E-01 1.338791865E-02 9.302631263E-02 
4.930053628E+02 -6.288023267E-02 8.436595302E-01 1.315743140E-02 9.386646595E-02 
4.954217460E+02 -6.207462576E-02 8.415909469E-01 1.291944769E-02 9.473392549E-02 
4.978381291E+02 -6.126524956E-02 8.392576917E-01 1.268327279E-02 9.559608799E-02 
5.002545122E+02 -6.044671403E-02 8.364075631E-01 1.244888989E-02 9.645339490E-02 
5.026708954E+02 -5.963012163E-02 8.336302592E-01 1.221631764E-02 9.730470581E-02 
5.050703885E+02 -5.883135006E-02 8.313942735E-01 1.198717985E-02 9.814322293E-02 
5.074698816E+02 -5.802879868E-02 8.289345633E-01 1.175980500E-02 9.897633438E-02 
5.098693747E+02 -5.721774793E-02 8.260899997E-01 1.153417753E-02 9.980434056E-02 
5.122688678E+02 -5.640826099E-02 8.232582716E-01 1.131031468E-02 1.006263696E-01 
5.148082437E+02 -5.556422125E-02 8.205957302E-01 1.107534236E-02 1.014890616E-01 
5.173476197E+02 -5.471589528E-02 8.177634248E-01 1.084232131E-02 1.023453502E-01 
5.198869956E+02 -5.385739157E-02 8.146549423E-01 1.061123210E-02 1.031954275E-01 
5.224263715E+02 -5.300093240E-02 8.115188562E-01 1.038209675E-02 1.040386364E-01 
5.253402154E+02 -5.203906032E-02 8.081424255E-01 1.012161483E-02 1.049969734E-01 
5.282540593E+02 -5.106859825E-02 8.045799890E-01 9.863662556E-03 1.059464217E-01 
5.311679032E+02 -5.007671168E-02 8.007058056E-01 9.608200454E-03 1.068871951E-01 
5.340817471E+02 -4.908999477E-02 7.967626679E-01 9.355282887E-03 1.078184520E-01 
5.371507066E+02 -4.808673733E-02 7.927398731E-01 9.091717240E-03 1.087881620E-01 
5.402196661E+02 -4.706928080E-02 7.885174490E-01 8.830905924E-03 1.097472716E-01 
5.432886256E+02 -4.601934321E-02 7.840072494E-01 8.572793045E-03 1.106958436E-01 
5.463575851E+02 -4.497684648E-02 7.793400072E-01 8.317467314E-03 1.116330792E-01 
5.493001149E+02 -4.401607039E-02 7.748049142E-01 8.075348321E-03 1.125203644E-01 
5.522426446E+02 -4.304255319E-02 7.700625467E-01 7.835724031E-03 1.133968074E-01 
5.551851743E+02 -4.204357707E-02 7.650702639E-01 7.598552083E-03 1.142622041E-01 
5.581277040E+02 -4.104893283E-02 7.598267775E-01 7.363900556E-03 1.151159901E-01 
5.610440610E+02 -4.009147936E-02 7.543678169E-01 7.133877795E-03 1.159501190E-01 
5.639604180E+02 -3.912528899E-02 7.485884114E-01 6.906279222E-03 1.167719456E-01 
5.668767750E+02 -3.814154800E-02 7.424309194E-01 6.681071909E-03 1.175809463E-01 
5.697931320E+02 -3.716045497E-02 7.358119374E-01 6.458301726E-03 1.183763704E-01 
5.728399822E+02 -3.615772246E-02 7.282820935E-01 6.228211132E-03 1.191919132E-01 
5.758868324E+02 -3.514772116E-02 7.200084567E-01 6.000733086E-03 1.199905275E-01 
5.789336827E+02 -3.412156949E-02 7.107805448E-01 5.775832033E-03 1.207706660E-01 
5.819805329E+02 -3.309814066E-02 7.002434185E-01 5.553551354E-03 1.215303363E-01 
5.851341140E+02 -3.206030360E-02 6.873067542E-01 5.326287029E-03 1.222920515E-01 
5.882876951E+02 -3.101553876E-02 6.717337047E-01 5.101778787E-03 1.230249527E-01 
5.914412762E+02 -2.995494329E-02 6.518026784E-01 4.879987714E-03 1.237220360E-01 
5.945948573E+02 -2.889695968E-02 6.239972049E-01 4.660956263E-03 1.243719035E-01 
5.959145401E+02 -2.845993660E-02 6.086337048E-01 4.570128586E-03 1.246258223E-01 
5.972342229E+02 -2.802238787E-02 5.899434494E-01 4.479777842E-03 1.248660875E-01 
5.985539056E+02 -2.758439262E-02 5.664877713E-01 4.389903066E-03 1.250894498E-01 
5.998735884E+02 -2.714611761E-02 5.359560643E-01 4.300503453E-03 1.252912217E-01 
6.011932712E+02 -2.670771704E-02 4.950722504E-01 4.211577986E-03 1.254649609E-01 
6.025129540E+02 -2.626914748E-02 4.369599225E-01 4.123124833E-03 1.255999756E-01 
6.038326367E+02 -2.583040726E-02 3.522604753E-01 4.035141754E-03 1.256786265E-01 
6.051523195E+02 -2.539157779E-02 2.302905684E-01 3.947626074E-03 1.256759435E-01 
6.055510416E+02 -2.525898992E-02 1.847300007E-01 3.921275996E-03 1.256544206E-01 
6.059497637E+02 -2.512639578E-02 1.358406550E-01 3.894968128E-03 1.256215744E-01 
6.063484857E+02 -2.499379555E-02 8.471984863E-02 3.868702339E-03 1.255767448E-01 
6.067472078E+02 -2.486118950E-02 3.297408232E-02 3.842478491E-03 1.255196109E-01 
6.071459299E+02 -2.472857785E-02 -1.737219535E-02 3.816296446E-03 1.254502248E-01 
6.075446520E+02 -2.459596056E-02 -6.418083273E-02 3.790156068E-03 1.253692323E-01 
6.079433740E+02 -2.446333760E-02 -1.057612736E-01 3.764057230E-03 1.252776879E-01 
6.083420961E+02 -2.433070899E-02 -1.410474772E-01 3.737999819E-03 1.251769525E-01 
6.086466932E+02 -2.422938579E-02 -1.635322415E-01 3.718121542E-03 1.250948100E-01 
6.089512903E+02 -2.412805922E-02 -1.823077221E-01 3.698267345E-03 1.250089258E-01 
6.092558874E+02 -2.402672922E-02 -1.976569821E-01 3.678437197E-03 1.249199246E-01 
6.095604846E+02 -2.392539576E-02 -2.099984045E-01 3.658631068E-03 1.248284203E-01 
6.098650817E+02 -2.382405881E-02 -2.198358965E-01 3.638848933E-03 1.247349708E-01 
6.101696788E+02 -2.372271829E-02 -2.275621694E-01 3.619090773E-03 1.246399461E-01 
6.104742759E+02 -2.362137411E-02 -2.335383896E-01 3.599356572E-03 1.245436674E-01 
6.107788730E+02 -2.352002624E-02 -2.381365065E-01 3.579646313E-03 1.244464526E-01 
6.111096111E+02 -2.340997634E-02 -2.419600388E-01 3.558271589E-03 1.243401408E-01 
6.114403491E+02 -2.329992194E-02 -2.447987002E-01 3.536925063E-03 1.242332032E-01 
6.117710872E+02 -2.318986295E-02 -2.468593527E-01 3.515606724E-03 1.241257885E-01 
6.121018253E+02 -2.307979932E-02 -2.483601550E-01 3.494316558E-03 1.240180558E-01 
6.124805143E+02 -2.295377273E-02 -2.496178506E-01 3.469974287E-03 1.238944726E-01 
6.128592034E+02 -2.282773987E-02 -2.504709808E-01 3.445668922E-03 1.237706964E-01 
6.132378925E+02 -2.270170060E-02 -2.510102163E-01 3.421400449E-03 1.236467881E-01 
6.136165816E+02 -2.257565487E-02 -2.513495210E-01 3.397168854E-03 1.235228261E-01 
6.140805535E+02 -2.242121418E-02 -2.516187528E-01 3.367530427E-03 1.233709594E-01 
6.145445253E+02 -2.226676349E-02 -2.517352081E-01 3.337947316E-03 1.232191095E-01 
6.150084972E+02 -2.211230256E-02 -2.517284923E-01 3.308419498E-03 1.230672960E-01 
6.154724691E+02 -2.195783136E-02 -2.516624943E-01 3.278946949E-03 1.229155619E-01 
6.160663669E+02 -2.176008887E-02 -2.515627538E-01 3.241301826E-03 1.227215012E-01 
6.166602647E+02 -2.156232901E-02 -2.514128734E-01 3.203747178E-03 1.225276012E-01 
6.172541625E+02 -2.136455113E-02 -2.512133946E-01 3.166282958E-03 1.223338621E-01 
6.178480603E+02 -2.116675544E-02 -2.510036591E-01 3.128909120E-03 1.221403102E-01 
6.186468990E+02 -2.090067835E-02 -2.507511030E-01 3.078780876E-03 1.218802934E-01 
6.194457377E+02 -2.063456772E-02 -2.504779923E-01 3.028815960E-03 1.216206132E-01 
6.202445764E+02 -2.036842114E-02 -2.501724460E-01 2.979014254E-03 1.213612613E-01 
6.210434151E+02 -2.010224035E-02 -2.498709160E-01 2.929375656E-03 1.211022618E-01 
6.221297826E+02 -1.974020645E-02 -2.495332510E-01 2.862132033E-03 1.207506492E-01 
6.232161502E+02 -1.937810498E-02 -2.491575116E-01 2.795189575E-03 1.203996565E-01 
6.243025177E+02 -1.901592504E-02 -2.486967141E-01 2.728547977E-03 1.200492510E-01 
6.253888852E+02 -1.865367759E-02 -2.482642138E-01 2.662207003E-03 1.196995087E-01 
6.266003915E+02 -1.824964564E-02 -2.480920439E-01 2.588578507E-03 1.193104479E-01 
6.278118979E+02 -1.784552287E-02 -2.477276884E-01 2.515323153E-03 1.189220556E-01 
6.290234042E+02 -1.744129095E-02 -2.469161502E-01 2.442440511E-03 1.185341585E-01 
6.302349105E+02 -1.703696968E-02 -2.462769360E-01 2.369930268E-03 1.181471758E-01 
6.309627760E+02 -1.679402327E-02 -2.462008775E-01 2.326545519E-03 1.179152709E-01 
6.316906415E+02 -1.655104377E-02 -2.460295071E-01 2.283294977E-03 1.176835879E-01 
6.324185069E+02 -1.630802991E-02 -2.457335755E-01 2.240178556E-03 1.174521063E-01 
6.331463724E+02 -1.606498257E-02 -2.454386489E-01 2.197196180E-03 1.172209121E-01 
6.338742379E+02 -1.582190317E-02 -2.452247368E-01 2.154347771E-03 1.169900601E-01 
6.346021033E+02 -1.557878961E-02 -2.449859505E-01 2.111633247E-03 1.167594772E-01 
6.353299688E+02 -1.533564062E-02 -2.447149410E-01 2.069052523E-03 1.165291580E-01 
6.360578343E+02 -1.509245704E-02 -2.444441205E-01 2.026605523E-03 1.162991247E-01 
6.370626062E+02 -1.475670557E-02 -2.441171818E-01 1.968229728E-03 1.159820797E-01 
6.380673781E+02 -1.442088567E-02 -2.437670749E-01 1.910108395E-03 1.156655620E-01 
6.390721500E+02 -1.408499122E-02 -2.433690280E-01 1.852241298E-03 1.153495540E-01 
6.400769219E+02 -1.374902781E-02 -2.429841566E-01 1.794628251E-03 1.150340973E-01 
6.413243701E+02 -1.333184310E-02 -2.426862379E-01 1.723453539E-03 1.146433286E-01 
6.425718183E+02 -1.291454530E-02 -2.422781902E-01 1.652669692E-03 1.142533171E-01 
6.438192665E+02 -1.249711627E-02 -2.416131982E-01 1.582276257E-03 1.138639597E-01 
6.450667147E+02 -1.207957483E-02 -2.410480689E-01 1.512272915E-03 1.134755034E-01 
6.458791995E+02 -1.180757333E-02 -2.408875255E-01 1.466888152E-03 1.132230861E-01 
6.466916842E+02 -1.153552291E-02 -2.406542712E-01 1.421668602E-03 1.129709699E-01 
6.475041690E+02 -1.126342163E-02 -2.403110685E-01 1.376614153E-03 1.127191284E-01 
6.483166538E+02 -1.099127079E-02 -2.399786315E-01 1.331724703E-03 1.124676457E-01 
6.491291385E+02 -1.071907251E-02 -2.397369419E-01 1.287000154E-03 1.122165779E-01 
6.499416233E+02 -1.044682357E-02 -2.394673390E-01 1.242440392E-03 1.119658412E-01 
6.507541081E+02 -1.017452207E-02 -2.391558740E-01 1.198045307E-03 1.117154255E-01 
6.515665928E+02 -9.902169194E-03 -2.388483820E-01 1.153814798E-03 1.114653626E-01 
6.526108616E+02 -9.552049758E-03 -2.385195492E-01 1.097207852E-03 1.111445229E-01 
6.536551304E+02 -9.201842554E-03 -2.381598567E-01 1.040872377E-03 1.108242385E-01 
6.546993991E+02 -8.851541161E-03 -2.377355549E-01 9.848081326E-04 1.105044849E-01 
6.557436679E+02 -8.501150923E-03 -2.373295353E-01 9.290149219E-04 1.101853201E-01 
6.569597916E+02 -8.092998675E-03 -2.370478993E-01 8.643812176E-04 1.098144913E-01 
6.581759153E+02 -7.684720256E-03 -2.366558360E-01 8.001144452E-04 1.094443629E-01 
6.593920390E+02 -7.276302269E-03 -2.360104897E-01 7.362142170E-04 1.090748324E-01 
6.606081627E+02 -6.867757085E-03 -2.354570659E-01 6.726802416E-04 1.087061446E-01 
6.614498865E+02 -6.584921600E-03 -2.352877845E-01 6.289203834E-04 1.084515694E-01 
6.622916102E+02 -6.302023701E-03 -2.350445485E-01 5.853357069E-04 1.081973126E-01 
6.631333339E+02 -6.019061297E-03 -2.346874370E-01 5.419260950E-04 1.079433451E-01 
6.639750576E+02 -5.736035513E-03 -2.343426412E-01 4.986914406E-04 1.076897573E-01 
6.648167813E+02 -5.452948279E-03 -2.340944546E-01 4.556316415E-04 1.074366096E-01 
6.656585050E+02 -5.169796271E-03 -2.338162910E-01 4.127465784E-04 1.071838104E-01 
6.665002287E+02 -4.886577435E-03 -2.334923661E-01 3.700361353E-04 1.069313479E-01 
6.673419524E+02 -4.603292786E-03 -2.331732413E-01 3.275002083E-04 1.066792583E-01 
6.683982561E+02 -4.247701758E-03 -2.328423062E-01 2.743674031E-04 1.063634763E-01 
6.694545598E+02 -3.892003915E-03 -2.324799286E-01 2.215090432E-04 1.060482520E-01 
6.705108636E+02 -3.536193345E-03 -2.320525506E-01 1.689248946E-04 1.057335605E-01 
6.715671673E+02 -3.180274160E-03 -2.316430228E-01 1.166147658E-04 1.054194612E-01 
6.727896612E+02 -2.768232692E-03 -2.313449391E-01 5.641643844E-05 1.050567945E-01 
6.740121551E+02 -2.356039952E-03 -2.309481836E-01 -3.415480205E-06 1.046948297E-01 
6.752346491E+02 -1.943684230E-03 -2.303270005E-01 -6.288135572E-05 1.043334740E-01 
6.764571430E+02 -1.531174807E-03 -2.297849198E-01 -1.219814673E-04 1.039729482E-01 
6.773385973E+02 -1.233654605E-03 -2.295936756E-01 -1.643676018E-04 1.037136230E-01 
6.782200515E+02 -9.360525219E-04 -2.293319728E-01 -2.065638665E-04 1.034546464E-01 
6.791015057E+02 -6.383661830E-04 -2.289580454E-01 -2.485703868E-04 1.031959872E-01 
6.799829600E+02 -3.405965092E-04 -2.285984016E-01 -2.903872764E-04 1.029377382E-01 
6.808644142E+02 -4.274525190E-05 -2.283390874E-01 -3.320146437E-04 1.026799627E-01 
6.817458684E+02 2.551912224E-04 -2.280479597E-01 -3.734526160E-04 1.024225625E-01 
6.826273227E+02 5.532152537E-04 -2.277065991E-01 -4.147013171E-04 1.021655237E-01 
6.835087769E+02 8.513260557E-04 -2.273714537E-01 -4.557608570E-04 1.019088876E-01 
6.845866664E+02 1.215986315E-03 -2.270370636E-01 -5.057137179E-04 1.015956559E-01 
6.856645558E+02 1.580780061E-03 -2.266691857E-01 -5.553841001E-04 1.012829934E-01 
6.867424452E+02 1.945713051E-03 -2.262324728E-01 -6.047722321E-04 1.009708730E-01 
6.878203347E+02 2.310782275E-03 -2.258144088E-01 -6.538783018E-04 1.006593592E-01 
6.890473060E+02 2.726501594E-03 -2.255074587E-01 -7.094331247E-04 1.003056071E-01 
6.902742773E+02 3.142403682E-03 -2.251087378E-01 -7.646230427E-04 9.995255230E-02 
6.915012486E+02 3.558498823E-03 -2.245035891E-01 -8.194483920E-04 9.960010782E-02 
6.927282199E+02 3.974780744E-03 -2.239687119E-01 -8.739094336E-04 9.924848034E-02 
6.938522249E+02 4.356284777E-03 -2.238241811E-01 -9.234806296E-04 9.892729040E-02 
6.949762298E+02 4.737950515E-03 -2.235101083E-01 -9.727465699E-04 9.860661195E-02 
6.961002348E+02 5.119784547E-03 -2.228392238E-01 -1.021707497E-03 9.828630347E-02 
6.972242397E+02 5.501783957E-03 -2.222702548E-01 -1.070363620E-03 9.796671064E-02 
6.981429361E+02 5.814127920E-03 -2.221394356E-01 -1.109906067E-03 9.770622020E-02 
6.990616324E+02 6.126585130E-03 -2.218964788E-01 -1.149245154E-03 9.744606966E-02 
6.999803288E+02 6.439158251E-03 -2.214722861E-01 -1.188381005E-03 9.718620595E-02 
7.008990251E+02 6.751846957E-03 -2.210722782E-01 -1.227313735E-03 9.692678545E-02 
7.017620671E+02 7.045697500E-03 -2.208426675E-01 -1.263702990E-03 9.668357868E-02 
7.026251090E+02 7.339652329E-03 -2.205707976E-01 -1.299913189E-03 9.644071348E-02 
7.034881510E+02 7.633713494E-03 -2.202380710E-01 -1.335944432E-03 9.619817519E-02 
7.043511929E+02 7.927881032E-03 -2.199096406E-01 -1.371796810E-03 9.595601343E-02 
7.053670236E+02 8.274261665E-03 -2.195903191E-01 -1.413767268E-03 9.567150997E-02 
7.063828543E+02 8.620793400E-03 -2.192445978E-01 -1.455490211E-03 9.538750216E-02 
7.073986850E+02 8.967480261E-03 -2.188501759E-01 -1.496965802E-03 9.510397222E-02 
7.084145158E+02 9.314321746E-03 -2.184658888E-01 -1.538194179E-03 9.482096496E-02 
7.096463665E+02 9.735123836E-03 -2.181052118E-01 -1.587858438E-03 9.447854670E-02 
7.108782172E+02 1.015616065E-02 -2.176906292E-01 -1.637159652E-03 9.413684187E-02 
7.121100679E+02 1.057744131E-02 -2.171566340E-01 -1.686098111E-03 9.379579858E-02 
7.133419186E+02 1.099896314E-02 -2.166614089E-01 -1.734674041E-03 9.345553874E-02 
7.145908572E+02 1.142657267E-02 -2.164240230E-01 -1.783553907E-03 9.311153303E-02 
7.158397958E+02 1.185443863E-02 -2.160440933E-01 -1.832061642E-03 9.276818811E-02 
7.170887344E+02 1.228257051E-02 -2.153479868E-01 -1.880197534E-03 9.242536763E-02 
7.183376730E+02 1.271096620E-02 -2.147552387E-01 -1.927961812E-03 9.208339860E-02 
7.193787360E+02 1.306825775E-02 -2.146251953E-01 -1.967492290E-03 9.179922044E-02 
7.204197989E+02 1.342573804E-02 -2.143486177E-01 -2.006764877E-03 9.151546044E-02 
7.214608619E+02 1.378341150E-02 -2.138013411E-01 -2.045779727E-03 9.123202047E-02 
7.225019249E+02 1.414127856E-02 -2.133098759E-01 -2.084536976E-03 9.094915765E-02 
7.233936770E+02 1.444797352E-02 -2.131111135E-01 -2.117530865E-03 9.070746223E-02 
7.242854292E+02 1.475481410E-02 -2.128487624E-01 -2.150335931E-03 9.046610637E-02 
7.251771813E+02 1.506180277E-02 -2.124952782E-01 -2.182952264E-03 9.022506770E-02 
7.260689334E+02 1.536894039E-02 -2.121478696E-01 -2.215379946E-03 8.998442321E-02 
7.270305672E+02 1.570031391E-02 -2.118536262E-01 -2.250137485E-03 8.972542070E-02 
7.279922009E+02 1.603186499E-02 -2.115321297E-01 -2.284675848E-03 8.946684819E-02 
7.289538347E+02 1.636359696E-02 -2.111667286E-01 -2.318995144E-03 8.920869185E-02 
7.299154684E+02 1.669551090E-02 -2.108072312E-01 -2.353095467E-03 8.895099105E-02 
7.311040107E+02 1.710599505E-02 -2.104344547E-01 -2.394939706E-03 8.863316245E-02 
7.322925530E+02 1.751676568E-02 -2.100288611E-01 -2.436449780E-03 8.831599451E-02 
7.334810953E+02 1.792783042E-02 -2.095542737E-01 -2.477625890E-03 8.799945717E-02 
7.346696376E+02 1.833919052E-02 -2.090992896E-01 -2.518468194E-03 8.768362092E-02 
7.360018055E+02 1.880060994E-02 -2.087628238E-01 -2.563849374E-03 8.733057222E-02 
7.373339733E+02 1.926241392E-02 -2.083310206E-01 -2.608811658E-03 8.697830477E-02 
7.386661412E+02 1.972461454E-02 -2.076840598E-01 -2.653355313E-03 8.662672022E-02 
7.399983091E+02 2.018721333E-02 -2.071108310E-01 -2.697480534E-03 8.627605185E-02 
7.411902950E+02 2.060147088E-02 -2.069333683E-01 -2.736607963E-03 8.596328124E-02 
7.423822808E+02 2.101605859E-02 -2.065959706E-01 -2.775400716E-03 8.565106336E-02 
7.435742666E+02 2.143098449E-02 -2.059279113E-01 -2.813858956E-03 8.533925837E-02 
7.447662525E+02 2.184625145E-02 -2.053501797E-01 -2.851982822E-03 8.502820969E-02 
7.457396600E+02 2.218562399E-02 -2.051755802E-01 -2.882867854E-03 8.477494768E-02 
7.467130676E+02 2.252523097E-02 -2.049056335E-01 -2.913530064E-03 8.452206068E-02 
7.476864751E+02 2.286507644E-02 -2.044869340E-01 -2.943969530E-03 8.426950405E-02 
7.486598827E+02 2.320516288E-02 -2.040852030E-01 -2.974186323E-03 8.401741438E-02 
7.495981511E+02 2.353320253E-02 -2.038175480E-01 -3.003101613E-03 8.377495208E-02 
7.505364195E+02 2.386147230E-02 -2.035147625E-01 -3.031810140E-03 8.353288042E-02 
7.514746879E+02 2.418997595E-02 -2.031610343E-01 -3.060311966E-03 8.329118575E-02 
7.524129563E+02 2.451871602E-02 -2.028111099E-01 -3.088607144E-03 8.304991317E-02 
7.535383637E+02 2.491333845E-02 -2.024516298E-01 -3.122273317E-03 8.276112066E-02 
7.546637710E+02 2.530831162E-02 -2.020676973E-01 -3.155642361E-03 8.247290904E-02 
7.557891784E+02 2.570364281E-02 -2.016372166E-01 -3.188714374E-03 8.218525903E-02 
7.569145858E+02 2.609933650E-02 -2.012171737E-01 -3.221489428E-03 8.189821764E-02 
7.582684632E+02 2.657584535E-02 -2.008187608E-01 -3.260524745E-03 8.155378750E-02 
7.596223405E+02 2.705289908E-02 -2.003644127E-01 -3.299130537E-03 8.121017601E-02 
7.609762179E+02 2.753051223E-02 -1.997849954E-01 -3.337306953E-03 8.086732355E-02 
7.623300953E+02 2.800869288E-02 -1.992470238E-01 -3.375054075E-03 8.052536945E-02 
7.636684017E+02 2.848193839E-02 -1.989772376E-01 -3.411945208E-03 8.018841718E-02 
7.650067081E+02 2.895576206E-02 -1.985686295E-01 -3.448417048E-03 7.985218799E-02 
7.663450145E+02 2.943017871E-02 -1.978546622E-01 -3.484469695E-03 7.951653948E-02 
7.676833209E+02 2.990519807E-02 -1.972380427E-01 -3.520103201E-03 7.918181297E-02 
7.687873229E+02 3.029751338E-02 -1.970590796E-01 -3.549182686E-03 7.890660028E-02 
7.698913248E+02 3.069025498E-02 -1.967537661E-01 -3.577977007E-03 7.863184833E-02 
7.709953267E+02 3.108343137E-02 -1.962231183E-01 -3.606486191E-03 7.835747160E-02 
7.720993287E+02 3.147704945E-02 -1.957345509E-01 -3.634710253E-03 7.808369936E-02 
7.730645759E+02 3.182156349E-02 -1.954900699E-01 -3.659153402E-03 7.784495795E-02 
7.740298231E+02 3.216642675E-02 -1.951939786E-01 -3.683378607E-03 7.760660515E-02 
7.749950704E+02 3.251164522E-02 -1.948246244E-01 -3.707385872E-03 7.736862163E-02 
7.759603176E+02 3.285722422E-02 -1.944597604E-01 -3.731175195E-03 7.713107435E-02 
7.770299444E+02 3.324060071E-02 -1.941230658E-01 -3.757282455E-03 7.686840245E-02 
7.780995713E+02 3.362443531E-02 -1.937625040E-01 -3.783122068E-03 7.660623945E-02 
7.791691981E+02 3.400873694E-02 -1.933620920E-01 -3.808694024E-03 7.634457074E-02 
7.802388249E+02 3.439351360E-02 -1.929677833E-01 -3.833998294E-03 7.608343579E-02 
7.815606882E+02 3.486969493E-02 -1.925510766E-01 -3.864899869E-03 7.576151171E-02 
7.828825515E+02 3.534663238E-02 -1.921010347E-01 -3.895392514E-03 7.544036333E-02 
7.842044149E+02 3.582434496E-02 -1.915795013E-01 -3.925476169E-03 7.511995587E-02 
7.855262782E+02 3.630284946E-02 -1.910791151E-01 -3.955150722E-03 7.480036972E-02 
7.869718865E+02 3.682707482E-02 -1.907074833E-01 -3.987134728E-03 7.445193858E-02 
7.884174948E+02 3.735229529E-02 -1.902397640E-01 -4.018629160E-03 7.410437939E-02 
7.898631031E+02 3.787853902E-02 -1.895557190E-01 -4.049633860E-03 7.375758409E-02 
7.913087114E+02 3.840583164E-02 -1.889449825E-01 -4.080148601E-03 7.341180827E-02 
7.925772233E+02 3.886941198E-02 -1.887171704E-01 -4.106521281E-03 7.310945118E-02 
7.938457351E+02 3.933384160E-02 -1.883490205E-01 -4.132516341E-03 7.280770100E-02 
7.951142469E+02 3.979914175E-02 -1.876985101E-01 -4.158133602E-03 7.250643001E-02 
7.963827588E+02 4.026533299E-02 -1.871201636E-01 -4.183372861E-03 7.220595481E-02 
7.974320315E+02 4.065163990E-02 -1.868889795E-01 -4.203964163E-03 7.195818459E-02 
7.984813043E+02 4.103858430E-02 -1.865813941E-01 -4.224296547E-03 7.171084405E-02 
7.995305771E+02 4.142617962E-02 -1.861576564E-01 -4.244369878E-03 7.146389653E-02 
8.005798498E+02 4.181443923E-02 -1.857455265E-01 -4.264184005E-03 7.121745723E-02 
8.016247215E+02 4.220174396E-02 -1.854307081E-01 -4.283657290E-03 7.097263230E-02 
8.026695931E+02 4.258973549E-02 -1.850867797E-01 -4.302873222E-03 7.072827319E-02 
8.037144648E+02 4.297842863E-02 -1.846993694E-01 -4.321831632E-03 7.048436617E-02 
8.047593364E+02 4.336783829E-02 -1.843159352E-01 -4.340532336E-03 7.024095394E-02 
8.060255325E+02 4.384071474E-02 -1.839076478E-01 -4.362848566E-03 6.994669127E-02 
8.072917285E+02 4.431469482E-02 -1.834757476E-01 -4.384785714E-03 6.965312642E-02 
8.085579245E+02 4.478980848E-02 -1.829972704E-01 -4.406343408E-03 6.936023722E-02 
8.098241206E+02 4.526608624E-02 -1.825300782E-01 -4.427521239E-03 6.906807593E-02 
8.113172909E+02 4.582927889E-02 -1.820890277E-01 -4.452006632E-03 6.872456499E-02 
8.128104612E+02 4.639418938E-02 -1.815898633E-01 -4.475962433E-03 6.838199502E-02 
8.143036315E+02 4.696087518E-02 -1.809602034E-01 -4.499387868E-03 6.804029720E-02 
8.157968018E+02 4.752939597E-02 -1.803740316E-01 -4.522282082E-03 6.769963152E-02 
8.172320681E+02 4.807765759E-02 -1.800580564E-01 -4.543786904E-03 6.737334047E-02 
8.186673344E+02 4.862773066E-02 -1.796155837E-01 -4.564799231E-03 6.704784433E-02 
8.201026007E+02 4.917967629E-02 -1.788996569E-01 -4.585318175E-03 6.672300438E-02 
8.215378670E+02 4.973355848E-02 -1.782668351E-01 -4.605342792E-03 6.639915337E-02 
8.227232506E+02 5.019251638E-02 -1.780229962E-01 -4.621507646E-03 6.613263300E-02 
8.239086343E+02 5.065288023E-02 -1.776780725E-01 -4.637334034E-03 6.586663636E-02 
8.250940180E+02 5.111469103E-02 -1.771595624E-01 -4.652821335E-03 6.560109396E-02 
8.262794016E+02 5.157799154E-02 -1.766699268E-01 -4.667968903E-03 6.533619706E-02 
8.273507702E+02 5.199804863E-02 -1.763691791E-01 -4.681366660E-03 6.509744479E-02 
8.284221388E+02 5.241939305E-02 -1.760279733E-01 -4.694485813E-03 6.485915748E-02 
8.294935074E+02 5.284206021E-02 -1.756286254E-01 -4.707325817E-03 6.462131749E-02 
8.305648760E+02 5.326608698E-02 -1.752332671E-01 -4.719886102E-03 6.438398369E-02 
8.317815274E+02 5.374931119E-02 -1.748425872E-01 -4.733809683E-03 6.411513066E-02 
8.329981787E+02 5.423439641E-02 -1.744304406E-01 -4.747370871E-03 6.384690321E-02 
8.342148301E+02 5.472140353E-02 -1.739805919E-01 -4.760568718E-03 6.357928475E-02 
8.354314815E+02 5.521039656E-02 -1.735374796E-01 -4.773402233E-03 6.331231732E-02 
8.369168163E+02 5.581016833E-02 -1.730687023E-01 -4.788574456E-03 6.298733574E-02 
8.384021512E+02 5.641312734E-02 -1.725649462E-01 -4.803200121E-03 6.266327797E-02 
8.398874861E+02 5.701940846E-02 -1.719849239E-01 -4.817277127E-03 6.234010221E-02 
8.413728210E+02 5.762915587E-02 -1.714281643E-01 -4.830803250E-03 6.201790395E-02 
8.429429371E+02 5.827764550E-02 -1.710127578E-01 -4.844499875E-03 6.167852104E-02 
8.445130532E+02 5.893036899E-02 -1.705048060E-01 -4.857575360E-03 6.134011053E-02 
8.460831693E+02 5.958752915E-02 -1.697905638E-01 -4.870026578E-03 6.100255878E-02 
8.476532854E+02 6.024934439E-02 -1.691439303E-01 -4.881850220E-03 6.066613373E-02 
8.490130044E+02 6.082641649E-02 -1.688488151E-01 -4.891579710E-03 6.037590663E-02 
8.503727233E+02 6.140731359E-02 -1.684406050E-01 -4.900833484E-03 6.008635944E-02 
8.517324423E+02 6.199220549E-02 -1.678134987E-01 -4.909608984E-03 5.979738585E-02 
8.530921612E+02 6.258127339E-02 -1.672372321E-01 -4.917903530E-03 5.950925340E-02 
8.542496079E+02 6.308614546E-02 -1.669364694E-01 -4.924583107E-03 5.926479484E-02 
8.554070545E+02 6.359430752E-02 -1.665785059E-01 -4.930910282E-03 5.902084992E-02 
8.565645012E+02 6.410589160E-02 -1.661345763E-01 -4.936883126E-03 5.877738876E-02 
8.577219478E+02 6.462103741E-02 -1.656987040E-01 -4.942499623E-03 5.853450542E-02 
8.589196959E+02 6.515802737E-02 -1.653227606E-01 -4.947934257E-03 5.828383992E-02 
8.601174441E+02 6.569916158E-02 -1.649226746E-01 -4.952982568E-03 5.803375840E-02 
8.613151922E+02 6.624462291E-02 -1.644844987E-01 -4.957641967E-03 5.778424581E-02 
8.625129403E+02 6.679460570E-02 -1.640509275E-01 -4.961909739E-03 5.753534476E-02 
8.639637146E+02 6.746712513E-02 -1.635810926E-01 -4.966550520E-03 5.723473106E-02 
8.654144890E+02 6.814697176E-02 -1.630872767E-01 -4.970607161E-03 5.693498060E-02 
8.668652633E+02 6.883456727E-02 -1.625443503E-01 -4.974073929E-03 5.663606614E-02 
8.683160376E+02 6.953036765E-02 -1.620142407E-01 -4.976944739E-03 5.633804990E-02 
8.699690956E+02 7.033381486E-02 -1.615232958E-01 -4.979481162E-03 5.599967471E-02 
8.716221536E+02 7.114934328E-02 -1.609729242E-01 -4.981225117E-03 5.566238316E-02 
8.732752116E+02 7.197782097E-02 -1.602894513E-01 -4.982165469E-03 5.532609668E-02 
8.749282696E+02 7.282020262E-02 -1.596496550E-01 -4.982290245E-03 5.499099693E-02 
8.764727871E+02 7.362076213E-02 -1.592710744E-01 -4.981658435E-03 5.467915828E-02 
8.780173046E+02 7.443531037E-02 -1.587872023E-01 -4.980291946E-03 5.436820208E-02 
8.795618221E+02 7.526488060E-02 -1.580827209E-01 -4.978178444E-03 5.405800574E-02 
8.811063396E+02 7.611060999E-02 -1.574401112E-01 -4.975304658E-03 5.374886447E-02 
8.824042798E+02 7.683472789E-02 -1.571152117E-01 -4.972291310E-03 5.349006755E-02 
8.837022199E+02 7.757195006E-02 -1.567166949E-01 -4.968721770E-03 5.323188938E-02 
8.850001601E+02 7.832316424E-02 -1.561961602E-01 -4.964586198E-03 5.297427732E-02 
8.862981002E+02 7.908933901E-02 -1.556935943E-01 -4.959874067E-03 5.271737950E-02 
8.875277316E+02 7.982994733E-02 -1.553209471E-01 -4.954867876E-03 5.247475255E-02 
8.887573631E+02 8.058591043E-02 -1.549175934E-01 -4.949323785E-03 5.223271480E-02 
8.899869945E+02 8.135830211E-02 -1.544682303E-01 -4.943230723E-03 5.199124883E-02 
8.912166260E+02 8.214829663E-02 -1.540230985E-01 -4.936576822E-03 5.175040785E-02 
8.926381245E+02 8.308518677E-02 -1.535608621E-01 -4.928168980E-03 5.147281563E-02 
8.940596231E+02 8.404951177E-02 -1.530784095E-01 -4.918973238E-03 5.119602832E-02 
8.954811217E+02 8.504373097E-02 -1.525581262E-01 -4.908966254E-03 5.092002545E-02 
8.969026203E+02 8.607059911E-02 -1.520457581E-01 -4.898122525E-03 5.064485551E-02 
8.985887113E+02 8.733521582E-02 -1.515141257E-01 -4.884136904E-03 5.031961685E-02 
9.002748024E+02 8.865596986E-02 -1.509450355E-01 -4.868883172E-03 4.999549299E-02 
9.019608935E+02 9.003969599E-02 -1.502934482E-01 -4.852303183E-03 4.967243224E-02 
9.036469845E+02 9.149435265E-02 -1.496673326E-01 -4.834331449E-03 4.935055143E-02 
9.053555597E+02 9.305027097E-02 -1.491947775E-01 -4.814624644E-03 4.902573067E-02 
9.070641348E+02 9.469979533E-02 -1.486401242E-01 -4.793326019E-03 4.870199714E-02 
9.087727100E+02 9.645648390E-02 -1.479066441E-01 -4.770335339E-03 4.837924091E-02 
9.104812851E+02 9.833657132E-02 -1.472279230E-01 -4.745537233E-03 4.805772040E-02 
9.119606349E+02 1.000789595E-01 -1.468471846E-01 -4.722504284E-03 4.778051442E-02 
9.134399848E+02 1.019432478E-01 -1.463851680E-01 -4.697918700E-03 4.750409438E-02 
9.149193346E+02 1.039474784E-01 -1.457734770E-01 -4.671666562E-03 4.722838155E-02 
9.163986844E+02 1.061133495E-01 -1.451922892E-01 -4.643616317E-03 4.695357834E-02 
9.177209324E+02 1.082071531E-01 -1.448047101E-01 -4.616899731E-03 4.670884732E-02 
9.190431803E+02 1.104729093E-01 -1.443773484E-01 -4.588501549E-03 4.646476798E-02 
9.203654283E+02 1.129376825E-01 -1.438892853E-01 -4.558276839E-03 4.622131524E-02 
9.216876762E+02 1.156344040E-01 -1.434074002E-01 -4.526056733E-03 4.597856470E-02 
9.231117289E+02 1.188446191E-01 -1.429478835E-01 -4.488896905E-03 4.571796868E-02 
9.245357815E+02 1.224312313E-01 -1.424678393E-01 -4.448906825E-03 4.545815305E-02 
9.259598342E+02 1.264739137E-01 -1.419526256E-01 -4.405734363E-03 4.519909959E-02 
9.273838868E+02 1.310760055E-01 -1.414431110E-01 -4.358948788E-03 4.494085453E-02 
9.290783033E+02 1.374764628E-01 -1.408943166E-01 -4.297821819E-03 4.463469034E-02 
9.307727197E+02 1.451513866E-01 -1.403197298E-01 -4.229728666E-03 4.432962776E-02 
9.324671362E+02 1.545567123E-01 -1.396905312E-01 -4.153136056E-03 4.402563112E-02 
9.341615526E+02 1.663825586E-01 -1.390764297E-01 -4.065938110E-03 4.372278059E-02 
9.359958454E+02 1.833021331E-01 -1.385244739E-01 -3.956025640E-03 4.339633300E-02 
9.378301382E+02 2.061024468E-01 -1.379154239E-01 -3.825275528E-03 4.307113633E-02 
9.396644309E+02 2.389161870E-01 -1.371804841E-01 -3.664462383E-03 4.274710718E-02 
9.414987237E+02 2.896044576E-01 -1.364847176E-01 -3.458291863E-03 4.242444126E-02 
9.419671184E+02 3.067956829E-01 -1.363390137E-01 -3.395813145E-03 4.234229616E-02 
9.424355130E+02 3.263410321E-01 -1.361897630E-01 -3.328215741E-03 4.226023270E-02 
9.429039076E+02 3.486392592E-01 -1.360376675E-01 -3.254785065E-03 4.217825171E-02 
9.433723022E+02 3.741463281E-01 -1.358833884E-01 -3.174683838E-03 4.209635401E-02 
9.438406969E+02 4.033563533E-01 -1.357274510E-01 -3.086949556E-03 4.201454028E-02 
9.443090915E+02 4.368104849E-01 -1.355701465E-01 -2.990460369E-03 4.193281089E-02 
9.447774861E+02 4.749504434E-01 -1.354117448E-01 -2.883970794E-03 4.185116625E-02 
9.452458808E+02 5.180476772E-01 -1.352525024E-01 -2.766132473E-03 4.176960673E-02 
9.457882430E+02 5.741542444E-01 -1.350673334E-01 -2.613729329E-03 4.167527436E-02 
9.463306052E+02 6.357919913E-01 -1.348814817E-01 -2.442138016E-03 4.158105696E-02 
9.468729675E+02 7.004920291E-01 -1.346950927E-01 -2.249933819E-03 4.148695491E-02 
9.474153297E+02 7.645432434E-01 -1.345083206E-01 -2.036826944E-03 4.139296860E-02 
9.479576919E+02 8.233881629E-01 -1.343212866E-01 -1.803686463E-03 4.129909838E-02 
9.485000542E+02 8.734466359E-01 -1.341340317E-01 -1.552984031E-03 4.120534451E-02 
9.490424164E+02 9.129501560E-01 -1.339466024E-01 -1.287855298E-03 4.111170717E-02 
9.495847786E+02 9.420079456E-01 -1.337590540E-01 -1.011663105E-03 4.101818654E-02 
9.498568141E+02 9.531615341E-01 -1.336649546E-01 -8.700392918E-04 4.097132291E-02 
9.501288495E+02 9.623679782E-01 -1.335708365E-01 -7.267953787E-04 4.092448866E-02 
9.504008849E+02 9.698805365E-01 -1.334767025E-01 -5.822156438E-04 4.087768382E-02 
9.506729203E+02 9.759638993E-01 -1.333825554E-01 -4.365683306E-04 4.083090837E-02 
9.509449558E+02 9.808728244E-01 -1.332883974E-01 -2.900849439E-04 4.078416232E-02 
9.512169912E+02 9.847955552E-01 -1.331942303E-01 -1.429227003E-04 4.073744567E-02 
9.514890266E+02 9.879003818E-01 -1.331000556E-01 4.780080755E-06 4.069075842E-02 
9.517610620E+02 9.903486602E-01 -1.330058751E-01 1.528937006E-04 4.064410056E-02 
9.522629806E+02 9.937171487E-01 -1.328320984E-01 4.268102887E-04 4.055809167E-02 
9.527648991E+02 9.958061494E-01 -1.326583115E-01 7.014217242E-04 4.047218277E-02 
9.532668177E+02 9.968422629E-01 -1.324845169E-01 9.765681145E-04 4.038637383E-02 
9.537687363E+02 9.973569589E-01 -1.323107222E-01 1.251832879E-03 4.030066480E-02 
9.543063101E+02 9.977691281E-01 -1.321245910E-01 1.546452108E-03 4.020897793E-02 
9.548438839E+02 9.978954312E-01 -1.319384651E-01 1.840998783E-03 4.011740555E-02 
9.553814577E+02 9.977788010E-01 -1.317523430E-01 2.135443624E-03 4.002594758E-02 
9.559190315E+02 9.975662108E-01 -1.315662315E-01 2.429680594E-03 3.993460396E-02 
9.566653986E+02 9.973067007E-01 -1.313078780E-01 2.837715288E-03 3.980797204E-02 
9.574117656E+02 9.969362134E-01 -1.310495414E-01 3.245299714E-03 3.968156020E-02 
9.581581327E+02 9.964233837E-01 -1.307911994E-01 3.652456782E-03 3.955536824E-02 
9.589044998E+02 9.959095144E-01 -1.305328876E-01 4.059085789E-03 3.942939600E-02 
9.599188211E+02 9.953973213E-01 -1.301820321E-01 4.610718798E-03 3.925855035E-02 
9.609331424E+02 9.947949747E-01 -1.298311714E-01 5.161441384E-03 3.908810960E-02 
9.619474637E+02 9.940119404E-01 -1.294801643E-01 5.711319235E-03 3.891807308E-02 
9.629617850E+02 9.932740491E-01 -1.291292376E-01 6.260190599E-03 3.874844061E-02 
9.642415477E+02 9.929750102E-01 -1.286872220E-01 6.950854643E-03 3.853499296E-02 
9.655213104E+02 9.922951630E-01 -1.282450091E-01 7.640246331E-03 3.832218635E-02 
9.668010731E+02 9.907299317E-01 -1.278020309E-01 8.328729341E-03 3.811001909E-02 
9.680808358E+02 9.894984284E-01 -1.273592924E-01 9.015422003E-03 3.789849153E-02 
9.689447112E+02 9.894139551E-01 -1.270610319E-01 9.477543029E-03 3.775606630E-02 
9.698085867E+02 9.890647835E-01 -1.267627321E-01 9.939156024E-03 3.761393162E-02 
9.706724621E+02 9.883018843E-01 -1.264643547E-01 1.040037092E-02 3.747208716E-02 
9.715363376E+02 9.875828876E-01 -1.261659999E-01 1.086084901E-02 3.733053274E-02 
9.724002130E+02 9.872139131E-01 -1.258677746E-01 1.132036429E-02 3.718926823E-02 
9.732640884E+02 9.867373118E-01 -1.255695555E-01 1.177925729E-02 3.704829317E-02 
9.741279639E+02 9.860968867E-01 -1.252712964E-01 1.223757049E-02 3.690760719E-02 
9.749918393E+02 9.854722169E-01 -1.249730772E-01 1.269517013E-02 3.676721011E-02 
9.761121642E+02 9.849324743E-01 -1.245866374E-01 1.328736535E-02 3.658556498E-02 
9.772324891E+02 9.842640224E-01 -1.242001587E-01 1.387847880E-02 3.640440447E-02 
9.783528140E+02 9.833239589E-01 -1.238134142E-01 1.446861872E-02 3.622372765E-02 
9.794731389E+02 9.824605789E-01 -1.234267804E-01 1.505752336E-02 3.604353437E-02 
9.807740095E+02 9.822861048E-01 -1.229786897E-01 1.573923342E-02 3.583490892E-02 
9.820748800E+02 9.816268450E-01 -1.225303940E-01 1.641972661E-02 3.562693311E-02 
9.833757505E+02 9.798507775E-01 -1.220813414E-01 1.709947800E-02 3.541960520E-02 
9.846766210E+02 9.784772594E-01 -1.216325169E-01 1.777733602E-02 3.521292553E-02 
9.855566956E+02 9.784459772E-01 -1.213294625E-01 1.823434519E-02 3.507346882E-02 
9.864367701E+02 9.781164751E-01 -1.210263726E-01 1.869086252E-02 3.493430785E-02 
9.873168447E+02 9.773430336E-01 -1.207232095E-01 1.914700118E-02 3.479544226E-02 
9.881969192E+02 9.766031889E-01 -1.204200698E-01 1.960238858E-02 3.465687189E-02 
9.890769938E+02 9.762099491E-01 -1.201170575E-01 2.005678126E-02 3.451859658E-02 
9.899570683E+02 9.757129563E-01 -1.198140531E-01 2.051053250E-02 3.438061585E-02 
9.908371429E+02 9.750662049E-01 -1.195110112E-01 2.096367904E-02 3.424292934E-02 
9.917172174E+02 9.744291097E-01 -1.192080094E-01 2.141609587E-02 3.410553686E-02 
9.928815250E+02 9.738201249E-01 -1.188074781E-01 2.201333376E-02 3.392422310E-02 
9.940458325E+02 9.730993858E-01 -1.184069020E-01 2.260939805E-02 3.374342256E-02 
9.952101401E+02 9.721453673E-01 -1.180060303E-01 2.320438590E-02 3.356313420E-02 
9.963744476E+02 9.712549844E-01 -1.176052779E-01 2.379806220E-02 3.338335789E-02 
9.977647989E+02 9.709498011E-01 -1.171277620E-01 2.450474408E-02 3.316935009E-02 
9.991551501E+02 9.701937543E-01 -1.166499627E-01 2.520999178E-02 3.295606964E-02 
1.000545501E+03 9.683939747E-01 -1.161711566E-01 2.591427654E-02 3.274351436E-02 
1.001935853E+03 9.669766729E-01 -1.156926430E-01 2.661645673E-02 3.253168487E-02 
1.002869790E+03 9.668673990E-01 -1.153719703E-01 2.708644655E-02 3.238980093E-02 
1.003803727E+03 9.664737999E-01 -1.150512405E-01 2.755586135E-02 3.224824332E-02 
1.004737664E+03 9.656537222E-01 -1.147304075E-01 2.802481800E-02 3.210701161E-02 
1.005671601E+03 9.648677116E-01 -1.144095959E-01 2.849293675E-02 3.196610564E-02 
1.006605538E+03 9.644182000E-01 -1.140889377E-01 2.895996892E-02 3.182552523E-02 
1.007539475E+03 9.638676229E-01 -1.137682818E-01 2.942627735E-02 3.168526980E-02 
1.008473412E+03 9.631702651E-01 -1.134475723E-01 2.989190074E-02 3.154533893E-02 
1.009407350E+03 9.624826908E-01 -1.131269068E-01 3.035670911E-02 3.140573240E-02 
1.010644329E+03 9.618048486E-01 -1.127025946E-01 3.097090134E-02 3.122132577E-02 
1.011881308E+03 9.610149170E-01 -1.122782140E-01 3.158377399E-02 3.103748645E-02 
1.013118287E+03 9.599901709E-01 -1.118534519E-01 3.219543111E-02 3.085421318E-02 
1.014355266E+03 9.590294514E-01 -1.114288305E-01 3.280562166E-02 3.067150587E-02 
1.015827033E+03 9.586433663E-01 -1.109248849E-01 3.352915316E-02 3.045485705E-02 
1.017298800E+03 9.578073829E-01 -1.104205728E-01 3.425107053E-02 3.023900607E-02 
1.018770568E+03 9.559302345E-01 -1.099150100E-01 3.497187292E-02 3.002395028E-02 
1.020242335E+03 9.544320140E-01 -1.094097976E-01 3.569035231E-02 2.980969062E-02 
1.021234504E+03 9.542626935E-01 -1.090701454E-01 3.617286018E-02 2.966570043E-02 
1.022226673E+03 9.538105090E-01 -1.087304130E-01 3.665470908E-02 2.952207064E-02 
1.023218842E+03 9.529346688E-01 -1.083905439E-01 3.713602238E-02 2.937880076E-02 
1.024211011E+03 9.520918438E-01 -1.080506953E-01 3.761639901E-02 2.923589061E-02 
1.025203180E+03 9.515815099E-01 -1.077110316E-01 3.809557654E-02 2.909334002E-02 
1.026195349E+03 9.509713885E-01 -1.073713640E-01 3.857393693E-02 2.895114827E-02 
1.027187518E+03 9.502169582E-01 -1.070316235E-01 3.905152045E-02 2.880931486E-02 
1.028179688E+03 9.494714863E-01 -1.066919315E-01 3.952819130E-02 2.866783954E-02 
1.029495370E+03 9.487097224E-01 -1.062419674E-01 4.015869115E-02 2.848078607E-02 
1.030811052E+03 9.478383319E-01 -1.057919056E-01 4.078770014E-02 2.829436031E-02 
1.032126734E+03 9.467377919E-01 -1.053413575E-01 4.141532654E-02 2.810856072E-02 
1.033442416E+03 9.456985626E-01 -1.048909754E-01 4.204130935E-02 2.792338731E-02 
1.035011368E+03 9.451878866E-01 -1.043554785E-01 4.278506020E-02 2.770338717E-02 
1.036580319E+03 9.442452424E-01 -1.038194962E-01 4.352694881E-02 2.748427339E-02 
1.038149271E+03 9.423037218E-01 -1.032819148E-01 4.426748831E-02 2.726604265E-02 
1.039718223E+03 9.407219361E-01 -1.027447674E-01 4.500543914E-02 2.704869640E-02 
1.040789038E+03 9.404604814E-01 -1.023793498E-01 4.550704836E-02 2.690086532E-02 
1.041859852E+03 9.399217129E-01 -1.020138137E-01 4.600786773E-02 2.675344447E-02 
1.042930667E+03 9.389635130E-01 -1.016480821E-01 4.650803119E-02 2.660643323E-02 
1.044001482E+03 9.380398221E-01 -1.012823704E-01 4.700711023E-02 2.645983141E-02 
1.045072297E+03 9.374490163E-01 -1.009169012E-01 4.750482357E-02 2.631363886E-02 
1.046143111E+03 9.367578528E-01 -1.005514162E-01 4.800158286E-02 2.616785464E-02 
1.047213926E+03 9.359206103E-01 -1.001858228E-01 4.849743261E-02 2.602247811E-02 
1.048284741E+03 9.350925309E-01 -9.982028536E-02 4.899222454E-02 2.587750900E-02 
1.049696510E+03 9.342278150E-01 -9.933898404E-02 4.964273989E-02 2.568700336E-02 
1.051108280E+03 9.332533125E-01 -9.885753829E-02 5.029153949E-02 2.549720347E-02 
1.052520049E+03 9.320501063E-01 -9.837544715E-02 5.093873956E-02 2.530810737E-02 
1.053931819E+03 9.309064047E-01 -9.789355926E-02 5.158405986E-02 2.511971522E-02 
1.055611167E+03 9.302406853E-01 -9.732234862E-02 5.234863756E-02 2.489653429E-02 
1.057290514E+03 9.291671669E-01 -9.675048964E-02 5.311104257E-02 2.467434434E-02 
1.058969862E+03 9.271538399E-01 -9.617656767E-02 5.387179716E-02 2.445314118E-02 
1.060649210E+03 9.254709899E-01 -9.560318879E-02 5.462964298E-02 2.423292701E-02 
1.061825424E+03 9.250843656E-01 -9.520315627E-02 5.515811458E-02 2.407927905E-02 
1.063001637E+03 9.244258847E-01 -9.480294297E-02 5.568559959E-02 2.392611391E-02 
1.064177851E+03 9.233484245E-01 -9.440243082E-02 5.621224895E-02 2.377343072E-02 
1.065354065E+03 9.223090466E-01 -9.400194160E-02 5.673759291E-02 2.362122935E-02 
1.066530279E+03 9.216098679E-01 -9.360180169E-02 5.726132093E-02 2.346950966E-02 
1.067706492E+03 9.208070412E-01 -9.320162326E-02 5.778389234E-02 2.331827035E-02 
1.068882706E+03 9.198511924E-01 -9.280127051E-02 5.830535951E-02 2.316751054E-02 
1.070058920E+03 9.189054420E-01 -9.240098619E-02 5.882555193E-02 2.301722996E-02 
1.071588786E+03 9.179075289E-01 -9.188119064E-02 5.950001400E-02 2.282248164E-02 
1.073118652E+03 9.167978121E-01 -9.136117462E-02 6.017245661E-02 2.262854093E-02 
1.074648518E+03 9.154569448E-01 -9.084026628E-02 6.084300732E-02 2.243540526E-02 
1.076178384E+03 9.141733033E-01 -9.031961683E-02 6.151135768E-02 2.224307509E-02 
1.077988553E+03 9.133005672E-01 -8.970620425E-02 6.229870241E-02 2.201654841E-02 
1.079798722E+03 9.120556801E-01 -8.909190512E-02 6.308345824E-02 2.179114292E-02 
1.081608890E+03 9.099594624E-01 -8.847488176E-02 6.386614393E-02 2.156685313E-02 
1.083419059E+03 9.081497118E-01 -8.785855476E-02 6.464551357E-02 2.134368244E-02 
1.085073729E+03 9.079761308E-01 -8.729846730E-02 6.535369194E-02 2.114066427E-02 
1.086728400E+03 9.070616323E-01 -8.673762270E-02 6.606019728E-02 2.093857509E-02 
1.088383071E+03 9.045543740E-01 -8.617500955E-02 6.676595371E-02 2.073741132E-02 
1.090037741E+03 9.024828512E-01 -8.561271563E-02 6.746869165E-02 2.053717482E-02 
1.091364163E+03 9.022133028E-01 -8.516341704E-02 6.802864401E-02 2.037733120E-02 
1.092690585E+03 9.015130087E-01 -8.471392555E-02 6.858748712E-02 2.021808063E-02 
1.094017006E+03 9.001514428E-01 -8.426403087E-02 6.914548954E-02 2.005942181E-02 
1.095343428E+03 8.988406749E-01 -8.381419644E-02 6.970180854E-02 1.990135467E-02 
1.096617816E+03 8.980648013E-01 -8.338249554E-02 7.023420454E-02 1.975004541E-02 
1.097892205E+03 8.971542004E-01 -8.295074678E-02 7.076526779E-02 1.959928045E-02 
1.099166594E+03 8.960629845E-01 -8.251878159E-02 7.129505483E-02 1.944905868E-02 
1.100440983E+03 8.949720261E-01 -8.208689529E-02 7.182334633E-02 1.929937980E-02 
1.102050626E+03 8.937916640E-01 -8.154229367E-02 7.248823624E-02 1.911110086E-02 
1.103660269E+03 8.925206897E-01 -8.099747124E-02 7.315085056E-02 1.892368447E-02 
1.105269912E+03 8.910807055E-01 -8.045174172E-02 7.381128564E-02 1.873712777E-02 
1.106879555E+03 8.896687183E-01 -7.990626827E-02 7.446929475E-02 1.855143123E-02 
1.108901483E+03 8.882962627E-01 -7.922447188E-02 7.529194208E-02 1.831939332E-02 
1.110923410E+03 8.866977621E-01 -7.854139594E-02 7.611109899E-02 1.808870375E-02 
1.112945338E+03 8.845926276E-01 -7.785436492E-02 7.692712157E-02 1.785935439E-02 
1.114967266E+03 8.826367630E-01 -7.716834628E-02 7.773915874E-02 1.763135118E-02 
1.117004867E+03 8.817053994E-01 -7.648325220E-02 7.855229433E-02 1.740294882E-02 
1.119042469E+03 8.802187448E-01 -7.579622274E-02 7.936231065E-02 1.717590153E-02 
1.121080070E+03 8.775060485E-01 -7.510441303E-02 8.017008115E-02 1.695020064E-02 
1.123117672E+03 8.751455348E-01 -7.441360855E-02 8.097348939E-02 1.672585384E-02 
1.124831342E+03 8.744186450E-01 -7.383698439E-02 8.164446804E-02 1.653822577E-02 
1.126545012E+03 8.732340446E-01 -7.325948338E-02 8.231334050E-02 1.635154822E-02 
1.128258681E+03 8.712529096E-01 -7.268029745E-02 8.298057674E-02 1.616581769E-02 
1.129972351E+03 8.693799059E-01 -7.210129111E-02 8.364488632E-02 1.598103589E-02 
1.131538928E+03 8.682865126E-01 -7.157355102E-02 8.424886480E-02 1.581294602E-02 
1.133105506E+03 8.670201103E-01 -7.104553167E-02 8.485077824E-02 1.564564509E-02 
1.134672083E+03 8.655169179E-01 -7.051681822E-02 8.545072186E-02 1.547913084E-02 
1.136238660E+03 8.640123563E-01 -6.998822627E-02 8.604834026E-02 1.531340340E-02 
1.138097719E+03 8.624434015E-01 -6.936264553E-02 8.675418120E-02 1.511775635E-02 
1.139956779E+03 8.607778189E-01 -6.873657594E-02 8.745688083E-02 1.492321157E-02 
1.141815838E+03 8.589474295E-01 -6.810885980E-02 8.815653927E-02 1.472976432E-02 
1.143674898E+03 8.571281343E-01 -6.748153510E-02 8.885287332E-02 1.453741628E-02 
1.146024053E+03 8.551209291E-01 -6.669468024E-02 8.972756233E-02 1.429593951E-02 
1.148373208E+03 8.529432954E-01 -6.590542792E-02 9.059721564E-02 1.405620304E-02 
1.150722362E+03 8.504044007E-01 -6.510911228E-02 9.146213058E-02 1.381819244E-02 
1.153071517E+03 8.479338081E-01 -6.431457448E-02 9.232156983E-02 1.358192104E-02 
1.155592236E+03 8.459079440E-01 -6.347553622E-02 9.323670657E-02 1.333034730E-02 
1.158112954E+03 8.435435192E-01 -6.263136306E-02 9.414621076E-02 1.308074962E-02 
1.160633673E+03 8.404613407E-01 -6.177446172E-02 9.505072648E-02 1.283310591E-02 
1.163154392E+03 8.375275269E-01 -6.092053180E-02 9.594866107E-02 1.258744356E-02 
1.165498135E+03 8.355559286E-01 -6.014128597E-02 9.677646078E-02 1.236082708E-02 
1.167841878E+03 8.332753974E-01 -5.935768649E-02 9.759933433E-02 1.213589890E-02 
1.170185622E+03 8.304515321E-01 -5.856517270E-02 9.841771795E-02 1.191264424E-02 
1.172529365E+03 8.276726892E-01 -5.777408868E-02 9.923040431E-02 1.169108100E-02 
1.174831802E+03 8.253797739E-01 -5.700695860E-02 1.000223796E-01 1.147508413E-02 
1.177134239E+03 8.229169012E-01 -5.623697540E-02 1.008092243E-01 1.126070129E-02 
1.179436676E+03 8.202015723E-01 -5.546085707E-02 1.015910886E-01 1.104792060E-02 
1.181739113E+03 8.174616502E-01 -5.468569877E-02 1.023674211E-01 1.083675363E-02 
1.184432228E+03 8.144535561E-01 -5.379126242E-02 1.032678599E-01 1.059182292E-02 
1.187125343E+03 8.112953797E-01 -5.289201922E-02 1.041608572E-01 1.034907290E-02 
1.189818458E+03 8.078898978E-01 -5.198031471E-02 1.050465719E-01 1.010847864E-02 
1.192511573E+03 8.044365142E-01 -5.107145705E-02 1.059243913E-01 9.870068828E-03 
1.195673131E+03 8.005587426E-01 -5.003513278E-02 1.069439939E-01 9.593032622E-03 
1.198834689E+03 7.964664296E-01 -4.898500400E-02 1.079527862E-01 9.318943598E-03 
1.201996246E+03 7.920141666E-01 -4.790020398E-02 1.089510012E-01 9.047739602E-03 
1.205157804E+03 7.874490631E-01 -4.682453403E-02 1.099375835E-01 8.779515878E-03 
1.208171666E+03 7.831580269E-01 -4.584471931E-02 1.108663891E-01 8.526679173E-03 
1.211185529E+03 7.786638110E-01 -4.484864399E-02 1.117844141E-01 8.276470357E-03 
1.214199391E+03 7.739117662E-01 -4.381906525E-02 1.126915672E-01 8.028835470E-03 
1.217213253E+03 7.689508223E-01 -4.279596011E-02 1.135871945E-01 7.783866256E-03 
1.220065831E+03 7.640902240E-01 -4.186242422E-02 1.144236755E-01 7.554527682E-03 
1.222918409E+03 7.589889412E-01 -4.091852524E-02 1.152492045E-01 7.327518856E-03 
1.225770988E+03 7.536058172E-01 -3.995521610E-02 1.160634503E-01 7.102807197E-03 
1.228623566E+03 7.479013065E-01 -3.899452578E-02 1.168658478E-01 6.880442837E-03 
1.231582327E+03 7.415854686E-01 -3.802073568E-02 1.176849017E-01 6.652326365E-03 
1.234541089E+03 7.347970932E-01 -3.703971696E-02 1.184898738E-01 6.426690216E-03 
1.237499851E+03 7.274349069E-01 -3.604328354E-02 1.192798823E-01 6.203502265E-03 
1.240458612E+03 7.193314622E-01 -3.504930356E-02 1.200537889E-01 5.982802858E-03 
1.243585432E+03 7.096962399E-01 -3.401999943E-02 1.208525450E-01 5.752314626E-03 
1.246712252E+03 6.986896657E-01 -3.298364658E-02 1.216295572E-01 5.524556678E-03 
1.249839072E+03 6.857354969E-01 -3.193099187E-02 1.223816365E-01 5.299490633E-03 
1.252965892E+03 6.698184728E-01 -3.088118132E-02 1.231043053E-01 5.077160912E-03 
1.256152026E+03 6.473818892E-01 -2.983263645E-02 1.238020738E-01 4.853470855E-03 
1.259338160E+03 6.189269278E-01 -2.877743009E-02 1.244536674E-01 4.632568384E-03 
1.262524294E+03 5.748403869E-01 -2.770707348E-02 1.250332813E-01 4.414412458E-03 
1.265710428E+03 4.877225575E-01 -2.663905628E-02 1.254859513E-01 4.199039552E-03 
1.265967438E+03 4.775227581E-01 -2.655398133E-02 1.255144986E-01 4.181790145E-03 
1.266224449E+03 4.665975014E-01 -2.646888410E-02 1.255414107E-01 4.164558580E-03 
1.266481459E+03 4.548780150E-01 -2.638376576E-02 1.255665709E-01 4.147344843E-03 
1.266738470E+03 4.422890516E-01 -2.629862742E-02 1.255898513E-01 4.130148921E-03 
1.266995480E+03 4.287490338E-01 -2.621347015E-02 1.256111118E-01 4.112970800E-03 
1.267252491E+03 4.141700539E-01 -2.612829491E-02 1.256302003E-01 4.095810466E-03 
1.267509501E+03 3.984591235E-01 -2.604310263E-02 1.256469498E-01 4.078667901E-03 
1.267766511E+03 3.815187348E-01 -2.595789419E-02 1.256611789E-01 4.061543087E-03 
1.268284268E+03 3.432776283E-01 -2.578619323E-02 1.256813947E-01 4.027098361E-03 
1.268802025E+03 2.988055475E-01 -2.561443614E-02 1.256887485E-01 3.992725424E-03 
1.269319782E+03 2.476056142E-01 -2.544262815E-02 1.256812441E-01 3.958424078E-03 
1.269837539E+03 1.897486347E-01 -2.527077437E-02 1.256568250E-01 3.924194091E-03 
1.270355295E+03 1.260372948E-01 -2.509887943E-02 1.256135428E-01 3.890035209E-03 
1.270873052E+03 5.921334215E-02 -2.492694652E-02 1.255498878E-01 3.855947148E-03 
1.271390809E+03 -6.932481198E-03 -2.475497855E-02 1.254654461E-01 3.821929620E-03 
1.271908566E+03 -6.809532597E-02 -2.458297851E-02 1.253611757E-01 3.787982334E-03 
1.272289055E+03 -1.074177910E-01 -2.445656003E-02 1.252731892E-01 3.763079732E-03 
1.272669545E+03 -1.409702766E-01 -2.433012625E-02 1.251769240E-01 3.738214820E-03 
1.273050035E+03 -1.684784675E-01 -2.420367781E-02 1.250736903E-01 3.713387514E-03 
1.273430524E+03 -1.902621313E-01 -2.407721538E-02 1.249648573E-01 3.688597743E-03 
1.273811014E+03 -2.071720568E-01 -2.395073960E-02 1.248518089E-01 3.663845445E-03 
1.274191504E+03 -2.199384656E-01 -2.382425087E-02 1.247354105E-01 3.639130578E-03 
1.274571993E+03 -2.292600962E-01 -2.369774957E-02 1.246163820E-01 3.614453104E-03 
1.274952483E+03 -2.359880329E-01 -2.357123615E-02 1.244955563E-01 3.589812987E-03 
1.275262535E+03 -2.401132932E-01 -2.346813468E-02 1.243962452E-01 3.569761940E-03 
1.275572587E+03 -2.432455633E-01 -2.336502559E-02 1.242962903E-01 3.549735669E-03 
1.275882639E+03 -2.455849479E-01 -2.326190900E-02 1.241958382E-01 3.529734165E-03 
1.276192691E+03 -2.473338636E-01 -2.315878509E-02 1.240950374E-01 3.509757418E-03 
1.276565699E+03 -2.488928973E-01 -2.303471235E-02 1.239734748E-01 3.485757171E-03 
1.276938708E+03 -2.499685126E-01 -2.291062943E-02 1.238516626E-01 3.461792729E-03 
1.277311716E+03 -2.506687654E-01 -2.278653649E-02 1.237296738E-01 3.437864077E-03 
1.277684724E+03 -2.511258787E-01 -2.266243377E-02 1.236076001E-01 3.413971203E-03 
1.278130973E+03 -2.514936948E-01 -2.251395082E-02 1.234615409E-01 3.385433921E-03 
1.278577222E+03 -2.516828394E-01 -2.236545434E-02 1.233154724E-01 3.356947809E-03 
1.279023471E+03 -2.517300147E-01 -2.221694449E-02 1.231694189E-01 3.328512847E-03 
1.279469720E+03 -2.517039298E-01 -2.206842156E-02 1.230234265E-01 3.300129016E-03 
1.280039350E+03 -2.516416311E-01 -2.187881597E-02 1.228372104E-01 3.263971747E-03 
1.280608980E+03 -2.515190004E-01 -2.168918965E-02 1.226511328E-01 3.227897721E-03 
1.281178610E+03 -2.513395772E-01 -2.149954259E-02 1.224651958E-01 3.191906897E-03 
1.281748240E+03 -2.511455111E-01 -2.130987538E-02 1.222794276E-01 3.155999236E-03 
1.282507610E+03 -2.509120685E-01 -2.105700174E-02 1.220320756E-01 3.108260222E-03 
1.283266980E+03 -2.506562971E-01 -2.080409276E-02 1.217850254E-01 3.060668838E-03 
1.284026351E+03 -2.503681236E-01 -2.055114725E-02 1.215382700E-01 3.013224986E-03 
1.284785721E+03 -2.500824140E-01 -2.029816713E-02 1.212918324E-01 2.965928578E-03 
1.285825215E+03 -2.497513337E-01 -1.995181715E-02 1.209550392E-01 2.901423912E-03 
1.286864710E+03 -2.493900008E-01 -1.960540090E-02 1.206188170E-01 2.837195117E-03 
1.287904204E+03 -2.489629675E-01 -1.925891059E-02 1.202831412E-01 2.773241927E-03 
1.288943698E+03 -2.485562267E-01 -1.891235555E-02 1.199480693E-01 2.709564136E-03 
1.290162646E+03 -2.483271857E-01 -1.850591247E-02 1.195560705E-01 2.635243874E-03 
1.291381594E+03 -2.479446387E-01 -1.809937496E-02 1.191647771E-01 2.561301584E-03 
1.292600542E+03 -2.472041452E-01 -1.769272449E-02 1.187740496E-01 2.487736824E-03 
1.293819490E+03 -2.466029124E-01 -1.728598239E-02 1.183842243E-01 2.414549283E-03 
1.294572851E+03 -2.464928035E-01 -1.703456410E-02 1.181438766E-01 2.369504774E-03 
1.295326212E+03 -2.462974191E-01 -1.678311009E-02 1.179037784E-01 2.324604121E-03 
1.296079574E+03 -2.459837044E-01 -1.653161891E-02 1.176639067E-01 2.279847232E-03 
1.296832935E+03 -2.456754838E-01 -1.628009173E-02 1.174243461E-01 2.235234019E-03 
1.297586296E+03 -2.454525200E-01 -1.602853036E-02 1.171851510E-01 2.190764400E-03 
1.298339657E+03 -2.452038098E-01 -1.577693229E-02 1.169462451E-01 2.146438279E-03 
1.299093019E+03 -2.449196777E-01 -1.552529609E-02 1.167076213E-01 2.102255566E-03 
1.299846380E+03 -2.446371011E-01 -1.527362283E-02 1.164693048E-01 2.058216175E-03 
1.300860067E+03 -2.443110634E-01 -1.493493025E-02 1.161491578E-01 1.999184929E-03 
1.301873753E+03 -2.439590072E-01 -1.459616806E-02 1.158295462E-01 1.940412793E-03 
1.302887440E+03 -2.435526649E-01 -1.425732989E-02 1.155104499E-01 1.881899532E-03 
1.303901126E+03 -2.431615497E-01 -1.391842170E-02 1.151919163E-01 1.823644957E-03 
1.305129175E+03 -2.428771524E-01 -1.350776849E-02 1.148068929E-01 1.753417663E-03 
1.306357225E+03 -2.424786143E-01 -1.309700631E-02 1.144225986E-01 1.683569333E-03 
1.307585274E+03 -2.418149789E-01 -1.268611842E-02 1.140389278E-01 1.614099537E-03 
1.308813323E+03 -2.412523652E-01 -1.227512215E-02 1.136561337E-01 1.545007966E-03 
1.309624006E+03 -2.410958986E-01 -1.200375868E-02 1.134040274E-01 1.499605080E-03 
1.310434688E+03 -2.408649060E-01 -1.173234679E-02 1.131522196E-01 1.454366752E-03 
1.311245370E+03 -2.405214570E-01 -1.146088455E-02 1.129006834E-01 1.409292870E-03 
1.312056053E+03 -2.401888742E-01 -1.118937328E-02 1.126495049E-01 1.364383332E-03 
1.312866735E+03 -2.399487909E-01 -1.091781508E-02 1.123987411E-01 1.319638042E-03 
1.313677418E+03 -2.396802860E-01 -1.064620677E-02 1.121483067E-01 1.275056885E-03 
1.314488100E+03 -2.393692524E-01 -1.037454643E-02 1.118981915E-01 1.230639752E-03 
1.315298782E+03 -2.390621998E-01 -1.010283529E-02 1.116484278E-01 1.186386543E-03 
1.316337812E+03 -2.387350912E-01 -9.754521313E-03 1.113288689E-01 1.129907954E-03 
1.317376842E+03 -2.383772817E-01 -9.406121020E-03 1.110098600E-01 1.073698246E-03 
1.318415871E+03 -2.379554423E-01 -9.057628120E-03 1.106913770E-01 1.017757182E-03 
1.319454901E+03 -2.375515613E-01 -8.709047859E-03 1.103734772E-01 9.620845672E-04 
1.320667244E+03 -2.372679041E-01 -8.302226049E-03 1.100034039E-01 8.974646644E-04 
1.321879588E+03 -2.368762948E-01 -7.895279703E-03 1.096340286E-01 8.332095917E-04 
1.323091932E+03 -2.362372934E-01 -7.488195555E-03 1.092652512E-01 7.693189642E-04 
1.324304275E+03 -2.356878032E-01 -7.080985885E-03 1.088973104E-01 7.057924924E-04 
1.325148811E+03 -2.355158987E-01 -6.797251713E-03 1.086416041E-01 6.617540915E-04 
1.325993347E+03 -2.352706541E-01 -6.513455143E-03 1.083862195E-01 6.178921297E-04 
1.326837883E+03 -2.349116794E-01 -6.229594044E-03 1.081311270E-01 5.742064884E-04 
1.327682419E+03 -2.345654643E-01 -5.945669585E-03 1.078764174E-01 5.306970591E-04 
1.327923304E+03 -2.344911929E-01 -5.864675307E-03 1.078038533E-01 5.183192679E-04 
1.328164188E+03 -2.344146700E-01 -5.783675824E-03 1.077313179E-01 5.059558007E-04 
1.328405073E+03 -2.343362917E-01 -5.702671118E-03 1.076588115E-01 4.936066550E-04 
1.328645958E+03 -2.342821384E-01 -5.617641485E-03 1.075827734E-01 4.806596147E-04 
