0.000000000E+00 6.925055006E-01 -9.139382226E-01 6.925055009E-01 -7.214125854E-01 4.058533065E-01 -7.214125854E-01 
1.198238045E-02 7.009458143E-01 -9.181334730E-01 7.009458146E-01 -7.132145170E-01 3.962712500E-01 -7.132145170E-01 
2.396476089E-02 7.092972862E-01 -9.222158860E-01 7.092972865E-01 -7.049094579E-01 3.866753660E-01 -7.049094579E-01 
3.594714134E-02 7.175582028E-01 -9.261858646E-01 7.175582031E-01 -6.964985368E-01 3.770672680E-01 -6.964985367E-01 
4.792952179E-02 7.257268749E-01 -9.300438412E-01 7.257268752E-01 -6.879829151E-01 3.674485476E-01 -6.879829150E-01 
5.991190223E-02 7.338016349E-01 -9.337902737E-01 7.338016352E-01 -6.793637831E-01 3.578207750E-01 -6.793637831E-01 
7.189428268E-02 7.417808388E-01 -9.374256461E-01 7.417808391E-01 -6.706423612E-01 3.481854972E-01 -6.706423612E-01 
8.387666313E-02 7.496628661E-01 -9.409504669E-01 7.496628663E-01 -6.618198976E-01 3.385442383E-01 -6.618198975E-01 
9.585904357E-02 7.574461201E-01 -9.443652684E-01 7.574461204E-01 -6.528976681E-01 3.288984990E-01 -6.528976680E-01 
1.078414240E-01 7.651290290E-01 -9.476706054E-01 7.651290293E-01 -6.438769751E-01 3.192497557E-01 -6.438769750E-01 
1.198238045E-01 7.727100460E-01 -9.508670555E-01 7.727100463E-01 -6.347591474E-01 3.095994606E-01 -6.347591473E-01 
1.318061849E-01 7.801876498E-01 -9.539552171E-01 7.801876501E-01 -6.255455392E-01 2.999490409E-01 -6.255455391E-01 
1.437885654E-01 7.875603455E-01 -9.569357098E-01 7.875603457E-01 -6.162375296E-01 2.902998985E-01 -6.162375295E-01 
1.557709458E-01 7.948266646E-01 -9.598091726E-01 7.948266648E-01 -6.068365217E-01 2.806534096E-01 -6.068365216E-01 
1.677533263E-01 8.019851657E-01 -9.625762636E-01 8.019851660E-01 -5.973439418E-01 2.710109244E-01 -5.973439417E-01 
1.797357067E-01 8.090344349E-01 -9.652376593E-01 8.090344351E-01 -5.877612392E-01 2.613737668E-01 -5.877612391E-01 
1.917180871E-01 8.159730857E-01 -9.677940531E-01 8.159730859E-01 -5.780898846E-01 2.517432341E-01 -5.780898845E-01 
2.037004676E-01 8.227997600E-01 -9.702461554E-01 8.227997602E-01 -5.683313703E-01 2.421205969E-01 -5.683313701E-01 
2.156828480E-01 8.295131279E-01 -9.725946920E-01 8.295131281E-01 -5.584872087E-01 2.325070987E-01 -5.584872085E-01 
2.276652285E-01 8.361118884E-01 -9.748404038E-01 8.361118886E-01 -5.485589320E-01 2.229039556E-01 -5.485589319E-01 
2.396476089E-01 8.425947692E-01 -9.769840455E-01 8.425947694E-01 -5.385480915E-01 2.133123565E-01 -5.385480913E-01 
2.516299894E-01 8.489605274E-01 -9.790263853E-01 8.489605276E-01 -5.284562563E-01 2.037334626E-01 -5.284562562E-01 
2.636123698E-01 8.552079495E-01 -9.809682038E-01 8.552079497E-01 -5.182850134E-01 1.941684076E-01 -5.182850133E-01 
2.755947503E-01 8.613358514E-01 -9.828102930E-01 8.613358516E-01 -5.080359662E-01 1.846182973E-01 -5.080359661E-01 
2.875771307E-01 8.673430791E-01 -9.845534559E-01 8.673430793E-01 -4.977107343E-01 1.750842098E-01 -4.977107341E-01 
2.995595112E-01 8.732285082E-01 -9.861985056E-01 8.732285084E-01 -4.873109524E-01 1.655671953E-01 -4.873109522E-01 
3.115418916E-01 8.789910445E-01 -9.877462640E-01 8.789910447E-01 -4.768382698E-01 1.560682760E-01 -4.768382696E-01 
3.235242721E-01 8.846296238E-01 -9.891975619E-01 8.846296240E-01 -4.662943496E-01 1.465884467E-01 -4.662943494E-01 
3.355066525E-01 8.901432122E-01 -9.905532375E-01 8.901432124E-01 -4.556808680E-01 1.371286741E-01 -4.556808678E-01 
3.474890329E-01 8.955308060E-01 -9.918141359E-01 8.955308062E-01 -4.449995137E-01 1.276898972E-01 -4.449995136E-01 
3.594714134E-01 9.007914317E-01 -9.929811082E-01 9.007914319E-01 -4.342519870E-01 1.182730274E-01 -4.342519869E-01 
3.714537938E-01 9.059241462E-01 -9.940550111E-01 9.059241464E-01 -4.234399993E-01 1.088789487E-01 -4.234399991E-01 
3.834361743E-01 9.109280367E-01 -9.950367058E-01 9.109280368E-01 -4.125652721E-01 9.950851744E-02 -4.125652719E-01 
3.954185547E-01 9.158022204E-01 -9.959270573E-01 9.158022205E-01 -4.016295369E-01 9.016256304E-02 -4.016295367E-01 
4.074009352E-01 9.205458450E-01 -9.967269339E-01 9.205458452E-01 -3.906345338E-01 8.084188754E-02 -3.906345336E-01 
4.193833156E-01 9.251580882E-01 -9.974372064E-01 9.251580883E-01 -3.795820117E-01 7.154726640E-02 -3.795820115E-01 
4.313656961E-01 9.296381578E-01 -9.980587471E-01 9.296381579E-01 -3.684737268E-01 6.227944812E-02 -3.684737266E-01 
4.433480765E-01 9.339852914E-01 -9.985924298E-01 9.339852916E-01 -3.573114427E-01 5.303915502E-02 -3.573114425E-01 
4.553304570E-01 9.381987568E-01 -9.990391283E-01 9.381987570E-01 -3.460969292E-01 4.382708302E-02 -3.460969289E-01 
4.673128374E-01 9.422778512E-01 -9.993997166E-01 9.422778514E-01 -3.348319620E-01 3.464390226E-02 -3.348319618E-01 
4.792952179E-01 9.462219015E-01 -9.996750675E-01 9.462219017E-01 -3.235183222E-01 2.549025717E-02 -3.235183220E-01 
4.912775983E-01 9.500302639E-01 -9.998660526E-01 9.500302641E-01 -3.121577955E-01 1.636676684E-02 -3.121577953E-01 
5.032599788E-01 9.537023241E-01 -9.999735412E-01 9.537023242E-01 -3.007521718E-01 7.274025377E-03 -3.007521715E-01 
5.152423592E-01 9.572374965E-01 -9.999984000E-01 9.572374966E-01 -2.893032442E-01 -1.787397914E-03 -2.893032440E-01 
5.272247396E-01 9.606352246E-01 -9.999414926E-01 9.606352247E-01 -2.778128094E-01 -1.081695800E-02 -2.778128092E-01 
5.392071201E-01 9.638949806E-01 -9.998036785E-01 9.638949807E-01 -2.662826661E-01 -1.981413398E-02 -2.662826659E-01 
5.511895005E-01 9.670162649E-01 -9.995858131E-01 9.670162650E-01 -2.547146153E-01 -2.877842848E-02 -2.547146151E-01 
5.631718810E-01 9.699986065E-01 -9.992887469E-01 9.699986066E-01 -2.431104592E-01 -3.770936757E-02 -2.431104590E-01 
5.751542614E-01 9.728415619E-01 -9.989133248E-01 9.728415620E-01 -2.314720012E-01 -4.660650006E-02 -2.314720010E-01 
5.871366419E-01 9.755447158E-01 -9.984603861E-01 9.755447159E-01 -2.198010452E-01 -5.546939739E-02 -2.198010449E-01 
5.991190223E-01 9.781076801E-01 -9.979307636E-01 9.781076802E-01 -2.080993951E-01 -6.429765296E-02 -2.080993949E-01 
6.111014028E-01 9.805300940E-01 -9.973252831E-01 9.805300941E-01 -1.963688544E-01 -7.309088203E-02 -1.963688542E-01 
6.230837832E-01 9.828116236E-01 -9.966447635E-01 9.828116237E-01 -1.846112260E-01 -8.184872094E-02 -1.846112257E-01 
6.350661637E-01 9.849519618E-01 -9.958900157E-01 9.849519619E-01 -1.728283112E-01 -9.057082704E-02 -1.728283110E-01 
6.470485441E-01 9.869508280E-01 -9.950618426E-01 9.869508281E-01 -1.610219101E-01 -9.925687794E-02 -1.610219098E-01 
6.590309246E-01 9.888079674E-01 -9.941610386E-01 9.888079675E-01 -1.491938204E-01 -1.079065713E-01 -1.491938201E-01 
6.710133050E-01 9.905231513E-01 -9.931883891E-01 9.905231514E-01 -1.373458376E-01 -1.165196241E-01 -1.373458374E-01 
6.829956854E-01 9.920961766E-01 -9.921446704E-01 9.920961767E-01 -1.254797547E-01 -1.250957727E-01 -1.254797544E-01 
6.949780659E-01 9.935268653E-01 -9.910306491E-01 9.935268654E-01 -1.135973610E-01 -1.336347718E-01 -1.135973608E-01 
7.069604463E-01 9.948150645E-01 -9.898470818E-01 9.948150646E-01 -1.017004430E-01 -1.421363942E-01 -1.017004428E-01 
7.189428268E-01 9.959606458E-01 -9.885947150E-01 9.959606459E-01 -8.979078300E-02 -1.506004305E-01 -8.979078275E-02 
7.309252072E-01 9.969635054E-01 -9.872742845E-01 9.969635055E-01 -7.787015956E-02 -1.590266885E-01 -7.787015932E-02 
7.429075877E-01 9.978235634E-01 -9.858865153E-01 9.978235634E-01 -6.594034664E-02 -1.674149927E-01 -6.594034640E-02 
7.548899681E-01 9.985407637E-01 -9.844321212E-01 9.985407637E-01 -5.400311373E-02 -1.757651838E-01 -5.400311348E-02 
7.668723486E-01 9.991150738E-01 -9.829118047E-01 9.991150738E-01 -4.206022534E-02 -1.840771183E-01 -4.206022509E-02 
7.788547290E-01 9.995464841E-01 -9.813262567E-01 9.995464842E-01 -3.011344081E-02 -1.923506681E-01 -3.011344056E-02 
7.908371095E-01 9.998350083E-01 -9.796761561E-01 9.998350083E-01 -1.816451415E-02 -2.005857197E-01 -1.816451390E-02 
8.028194899E-01 9.999806823E-01 -9.779621699E-01 9.999806823E-01 -6.215193595E-03 -2.087821743E-01 -6.215193345E-03 
8.148018704E-01 9.999835643E-01 -9.761849527E-01 9.999835644E-01 5.732778326E-03 -2.169399466E-01 5.732778577E-03 
8.267842508E-01 9.998437348E-01 -9.743451466E-01 9.998437348E-01 1.767766537E-02 -2.250589649E-01 1.767766562E-02 
8.387666313E-01 9.995612956E-01 -9.724433814E-01 9.995612956E-01 2.961773735E-02 -2.331391704E-01 2.961773760E-02 
8.507490117E-01 9.991363701E-01 -9.704802735E-01 9.991363701E-01 4.155127075E-02 -2.411805167E-01 4.155127101E-02 
8.627313921E-01 9.985691028E-01 -9.684564269E-01 9.985691028E-01 5.347654860E-02 -2.491829693E-01 5.347654885E-02 
8.747137726E-01 9.978596589E-01 -9.663724324E-01 9.978596589E-01 6.539186079E-02 -2.571465055E-01 6.539186104E-02 
8.866961530E-01 9.970082244E-01 -9.642288673E-01 9.970082244E-01 7.729550422E-02 -2.650711131E-01 7.729550447E-02 
8.986785335E-01 9.960150053E-01 -9.620262959E-01 9.960150053E-01 8.918578287E-02 -2.729567910E-01 8.918578312E-02 
9.106609139E-01 9.948802277E-01 -9.597652689E-01 9.948802277E-01 1.010610081E-01 -2.808035479E-01 1.010610084E-01 
9.226432944E-01 9.936041374E-01 -9.574463236E-01 9.936041374E-01 1.129194987E-01 -2.886114020E-01 1.129194989E-01 
9.346256748E-01 9.921869995E-01 -9.550699837E-01 9.921869995E-01 1.247595809E-01 -2.963803810E-01 1.247595811E-01 
9.466080553E-01 9.906290987E-01 -9.526367593E-01 9.906290987E-01 1.365795886E-01 -3.041105211E-01 1.365795889E-01 
9.585904357E-01 9.889307382E-01 -9.501471467E-01 9.889307382E-01 1.483778637E-01 -3.118018668E-01 1.483778640E-01 
9.705728162E-01 9.870922400E-01 -9.476016283E-01 9.870922400E-01 1.601527558E-01 -3.194544704E-01 1.601527561E-01 
9.825551966E-01 9.851139447E-01 -9.450006731E-01 9.851139447E-01 1.719026225E-01 -3.270683915E-01 1.719026228E-01 
9.945375771E-01 9.829962109E-01 -9.423447359E-01 9.829962109E-01 1.836258296E-01 -3.346436966E-01 1.836258298E-01 
1.006519958E+00 9.807394151E-01 -9.396342579E-01 9.807394151E-01 1.953207509E-01 -3.421804589E-01 1.953207511E-01 
1.018502338E+00 9.783439517E-01 -9.368696664E-01 9.783439517E-01 2.069857685E-01 -3.496787574E-01 2.069857688E-01 
1.030484718E+00 9.758102325E-01 -9.340513749E-01 9.758102325E-01 2.186192730E-01 -3.571386767E-01 2.186192733E-01 
1.042467099E+00 9.731386866E-01 -9.311797830E-01 9.731386865E-01 2.302196631E-01 -3.645603067E-01 2.302196634E-01 
1.054449479E+00 9.703297600E-01 -9.282552766E-01 9.703297600E-01 2.417853462E-01 -3.719437420E-01 2.417853464E-01 
1.066431860E+00 9.673839158E-01 -9.252782277E-01 9.673839157E-01 2.533147379E-01 -3.792890815E-01 2.533147381E-01 
1.078414240E+00 9.643016335E-01 -9.222489945E-01 9.643016334E-01 2.648062627E-01 -3.865964280E-01 2.648062629E-01 
1.090396621E+00 9.610834092E-01 -9.191679218E-01 9.610834091E-01 2.762583534E-01 -3.938658878E-01 2.762583537E-01 
1.102379001E+00 9.577297551E-01 -9.160353406E-01 9.577297551E-01 2.876694518E-01 -4.010975705E-01 2.876694521E-01 
1.114361382E+00 9.542411998E-01 -9.128515681E-01 9.542411997E-01 2.990380080E-01 -4.082915881E-01 2.990380083E-01 
1.126343762E+00 9.506182872E-01 -9.096169083E-01 9.506182872E-01 3.103624812E-01 -4.154480551E-01 3.103624815E-01 
1.138326142E+00 9.468615775E-01 -9.063316516E-01 9.468615774E-01 3.216413391E-01 -4.225670879E-01 3.216413394E-01 
1.150308523E+00 9.429716460E-01 -9.029960751E-01 9.429716459E-01 3.328730583E-01 -4.296488043E-01 3.328730586E-01 
1.162290903E+00 9.389490836E-01 -8.996104424E-01 9.389490835E-01 3.440561243E-01 -4.366933233E-01 3.440561246E-01 
1.174273284E+00 9.347944964E-01 -8.961750042E-01 9.347944963E-01 3.551890313E-01 -4.437007648E-01 3.551890316E-01 
1.186255664E+00 9.305085055E-01 -8.926899979E-01 9.305085054E-01 3.662702826E-01 -4.506712489E-01 3.662702829E-01 
1.198238045E+00 9.260917469E-01 -8.891556481E-01 9.260917468E-01 3.772983902E-01 -4.576048957E-01 3.772983904E-01 
1.210220425E+00 9.215448714E-01 -8.855721663E-01 9.215448713E-01 3.882718751E-01 -4.645018251E-01 3.882718754E-01 
1.222202806E+00 9.168685446E-01 -8.819397514E-01 9.168685445E-01 3.991892674E-01 -4.713621562E-01 3.991892676E-01 
1.234185186E+00 9.120634464E-01 -8.782585896E-01 9.120634463E-01 4.100491059E-01 -4.781860071E-01 4.100491062E-01 
1.246167566E+00 9.071302711E-01 -8.745288545E-01 9.071302710E-01 4.208499387E-01 -4.849734945E-01 4.208499389E-01 
1.258149947E+00 9.020697275E-01 -8.707507075E-01 9.020697274E-01 4.315903226E-01 -4.917247331E-01 4.315903228E-01 
1.270132327E+00 8.968825385E-01 -8.669242977E-01 8.968825384E-01 4.422688236E-01 -4.984398359E-01 4.422688239E-01 
1.282114708E+00 8.915694407E-01 -8.630497620E-01 8.915694406E-01 4.528840168E-01 -5.051189131E-01 4.528840171E-01 
1.294097088E+00 8.861311852E-01 -8.591272254E-01 8.861311851E-01 4.634344863E-01 -5.117620723E-01 4.634344865E-01 
1.306079469E+00 8.805685367E-01 -8.551568012E-01 8.805685366E-01 4.739188252E-01 -5.183694180E-01 4.739188255E-01 
1.318061849E+00 8.748822736E-01 -8.511385909E-01 8.748822735E-01 4.843356359E-01 -5.249410513E-01 4.843356361E-01 
1.330044230E+00 8.690731882E-01 -8.470726847E-01 8.690731881E-01 4.946835298E-01 -5.314770694E-01 4.946835300E-01 
1.342026610E+00 8.631420863E-01 -8.429591612E-01 8.631420862E-01 5.049611274E-01 -5.379775655E-01 5.049611276E-01 
1.354008990E+00 8.570897872E-01 -8.387980882E-01 8.570897871E-01 5.151670585E-01 -5.444426286E-01 5.151670587E-01 
1.365991371E+00 8.509171238E-01 -8.345895223E-01 8.509171237E-01 5.252999620E-01 -5.508723427E-01 5.252999623E-01 
1.377973751E+00 8.446249422E-01 -8.303335093E-01 8.446249421E-01 5.353584862E-01 -5.572667872E-01 5.353584865E-01 
1.389956132E+00 8.382141022E-01 -8.260300845E-01 8.382141021E-01 5.453412885E-01 -5.636260358E-01 5.453412887E-01 
1.401938512E+00 8.316854765E-01 -8.216792728E-01 8.316854764E-01 5.552470355E-01 -5.699501570E-01 5.552470357E-01 
1.413920893E+00 8.250399513E-01 -8.172810888E-01 8.250399511E-01 5.650744033E-01 -5.762392131E-01 5.650744035E-01 
1.425903273E+00 8.182784258E-01 -8.128355372E-01 8.182784257E-01 5.748220773E-01 -5.824932605E-01 5.748220775E-01 
1.437885654E+00 8.114018125E-01 -8.083426125E-01 8.114018124E-01 5.844887521E-01 -5.887123489E-01 5.844887523E-01 
1.449868034E+00 8.044110371E-01 -8.038023001E-01 8.044110370E-01 5.940731321E-01 -5.948965216E-01 5.940731323E-01 
1.461850414E+00 7.973070382E-01 -7.992145757E-01 7.973070381E-01 6.035739309E-01 -6.010458147E-01 6.035739311E-01 
1.473832795E+00 7.900907674E-01 -7.945794056E-01 7.900907673E-01 6.129898715E-01 -6.071602568E-01 6.129898717E-01 
1.485815175E+00 7.827631896E-01 -7.898967476E-01 7.827631894E-01 6.223196869E-01 -6.132398695E-01 6.223196871E-01 
1.497797556E+00 7.753252823E-01 -7.851665504E-01 7.753252822E-01 6.315621192E-01 -6.192846661E-01 6.315621194E-01 
1.509779936E+00 7.677780364E-01 -7.803887542E-01 7.677780363E-01 6.407159205E-01 -6.252946521E-01 6.407159207E-01 
1.521762317E+00 7.601224556E-01 -7.755632909E-01 7.601224554E-01 6.497798526E-01 -6.312698247E-01 6.497798528E-01 
1.533744697E+00 7.523595563E-01 -7.706900845E-01 7.523595562E-01 6.587526869E-01 -6.372101721E-01 6.587526870E-01 
1.545727078E+00 7.444903683E-01 -7.657690509E-01 7.444903682E-01 6.676332048E-01 -6.431156744E-01 6.676332050E-01 
1.557709458E+00 7.365159340E-01 -7.608000986E-01 7.365159338E-01 6.764201977E-01 -6.489863019E-01 6.764201979E-01 
1.569691838E+00 7.284373088E-01 -7.557831286E-01 7.284373086E-01 6.851124669E-01 -6.548220160E-01 6.851124671E-01 
1.581674219E+00 7.202555611E-01 -7.507180349E-01 7.202555609E-01 6.937088237E-01 -6.606227685E-01 6.937088239E-01 
1.593656599E+00 7.119717721E-01 -7.456047047E-01 7.119717719E-01 7.022080897E-01 -6.663885013E-01 7.022080899E-01 
1.605638980E+00 7.035870360E-01 -7.404430184E-01 7.035870358E-01 7.106090968E-01 -6.721191464E-01 7.106090970E-01 
1.617621360E+00 6.951024600E-01 -7.352328504E-01 6.951024598E-01 7.189106871E-01 -6.778146253E-01 7.189106872E-01 
1.629603741E+00 6.865191641E-01 -7.299740686E-01 6.865191639E-01 7.271117131E-01 -6.834748494E-01 7.271117132E-01 
1.641586121E+00 6.778382814E-01 -7.246665356E-01 6.778382812E-01 7.352110380E-01 -6.890997191E-01 7.352110382E-01 
1.653568502E+00 6.690609577E-01 -7.193101082E-01 6.690609576E-01 7.432075357E-01 -6.946891240E-01 7.432075359E-01 
1.665550882E+00 6.601883521E-01 -7.139046379E-01 6.601883519E-01 7.511000906E-01 -7.002429426E-01 7.511000908E-01 
1.677533263E+00 6.512216364E-01 -7.084499717E-01 6.512216362E-01 7.588875983E-01 -7.057610421E-01 7.588875985E-01 
1.689515643E+00 6.421619954E-01 -7.029459513E-01 6.421619952E-01 7.665689651E-01 -7.112432780E-01 7.665689653E-01 
1.701498023E+00 6.330106271E-01 -6.973924145E-01 6.330106269E-01 7.741431086E-01 -7.166894943E-01 7.741431088E-01 
1.713480404E+00 6.237687424E-01 -6.917891950E-01 6.237687422E-01 7.816089578E-01 -7.220995228E-01 7.816089579E-01 
1.725462784E+00 6.144375651E-01 -6.861361225E-01 6.144375649E-01 7.889654527E-01 -7.274731834E-01 7.889654528E-01 
1.737445165E+00 6.050183323E-01 -6.804330235E-01 6.050183321E-01 7.962115452E-01 -7.328102836E-01 7.962115453E-01 
1.749427545E+00 5.955122938E-01 -6.746797213E-01 5.955122936E-01 8.033461988E-01 -7.381106185E-01 8.033461990E-01 
1.761409926E+00 5.859207128E-01 -6.688760363E-01 5.859207126E-01 8.103683888E-01 -7.433739702E-01 8.103683890E-01 
1.773392306E+00 5.762448654E-01 -6.630217864E-01 5.762448652E-01 8.172771026E-01 -7.486001084E-01 8.172771028E-01 
1.785374687E+00 5.664860408E-01 -6.571167875E-01 5.664860406E-01 8.240713398E-01 -7.537887896E-01 8.240713400E-01 
1.797357067E+00 5.566455413E-01 -6.511608535E-01 5.566455411E-01 8.307501122E-01 -7.589397569E-01 8.307501123E-01 
1.809339447E+00 5.467246824E-01 -6.451537969E-01 5.467246822E-01 8.373124442E-01 -7.640527405E-01 8.373124444E-01 
1.821321828E+00 5.367247925E-01 -6.390954291E-01 5.367247923E-01 8.437573732E-01 -7.691274567E-01 8.437573733E-01 
1.833304208E+00 5.266472134E-01 -6.329855603E-01 5.266472132E-01 8.500839489E-01 -7.741636083E-01 8.500839491E-01 
1.845286589E+00 5.164932999E-01 -6.268240010E-01 5.164932996E-01 8.562912349E-01 -7.791608846E-01 8.562912351E-01 
1.857268969E+00 5.062644197E-01 -6.206105609E-01 5.062644195E-01 8.623783075E-01 -7.841189604E-01 8.623783076E-01 
1.869251350E+00 4.959619540E-01 -6.143450503E-01 4.959619538E-01 8.683442567E-01 -7.890374969E-01 8.683442568E-01 
1.881233730E+00 4.855872968E-01 -6.080272802E-01 4.855872966E-01 8.741881864E-01 -7.939161411E-01 8.741881865E-01 
1.893216111E+00 4.751418555E-01 -6.016570625E-01 4.751418553E-01 8.799092142E-01 -7.987545255E-01 8.799092143E-01 
1.905198491E+00 4.646270504E-01 -5.952342104E-01 4.646270502E-01 8.855064721E-01 -8.035522681E-01 8.855064722E-01 
1.917180871E+00 4.540443149E-01 -5.887585392E-01 4.540443147E-01 8.909791065E-01 -8.083089729E-01 8.909791067E-01 
1.929163252E+00 4.433950955E-01 -5.822298661E-01 4.433950953E-01 8.963262785E-01 -8.130242286E-01 8.963262786E-01 
1.941145632E+00 4.326808519E-01 -5.756480110E-01 4.326808516E-01 9.015471639E-01 -8.176976096E-01 9.015471640E-01 
1.953128013E+00 4.219030564E-01 -5.690127967E-01 4.219030562E-01 9.066409539E-01 -8.223286756E-01 9.066409540E-01 
1.965110393E+00 4.110631949E-01 -5.623240495E-01 4.110631947E-01 9.116068550E-01 -8.269169710E-01 9.116068551E-01 
1.977092774E+00 4.001627657E-01 -5.555815995E-01 4.001627654E-01 9.164440896E-01 -8.314620257E-01 9.164440897E-01 
1.989075154E+00 3.892032802E-01 -5.487852809E-01 3.892032800E-01 9.211518958E-01 -8.359633542E-01 9.211518959E-01 
2.001057535E+00 3.781862630E-01 -5.419349325E-01 3.781862627E-01 9.257295279E-01 -8.404204561E-01 9.257295280E-01 
2.013039915E+00 3.671132508E-01 -5.350303985E-01 3.671132506E-01 9.301762572E-01 -8.448328161E-01 9.301762573E-01 
2.025022295E+00 3.559857937E-01 -5.280715282E-01 3.559857935E-01 9.344913713E-01 -8.491999033E-01 9.344913714E-01 
2.037004676E+00 3.448054544E-01 -5.210581769E-01 3.448054541E-01 9.386741751E-01 -8.535211720E-01 9.386741752E-01 
2.048987056E+00 3.335738077E-01 -5.139902067E-01 3.335738075E-01 9.427239910E-01 -8.577960612E-01 9.427239911E-01 
2.060969437E+00 3.222924416E-01 -5.068674859E-01 3.222924414E-01 9.466401589E-01 -8.620239945E-01 9.466401590E-01 
2.072951817E+00 3.109629562E-01 -4.996898906E-01 3.109629559E-01 9.504220369E-01 -8.662043804E-01 9.504220370E-01 
2.084934198E+00 2.995869638E-01 -4.924573044E-01 2.995869636E-01 9.540690014E-01 -8.703366125E-01 9.540690015E-01 
2.096916578E+00 2.881660894E-01 -4.851696191E-01 2.881660892E-01 9.575804474E-01 -8.744200688E-01 9.575804475E-01 
2.108898959E+00 2.767019699E-01 -4.778267353E-01 2.767019697E-01 9.609557889E-01 -8.784541121E-01 9.609557889E-01 
2.120881339E+00 2.651962540E-01 -4.704285626E-01 2.651962538E-01 9.641944592E-01 -8.824380907E-01 9.641944593E-01 
2.132863719E+00 2.536506028E-01 -4.629750203E-01 2.536506025E-01 9.672959113E-01 -8.863713371E-01 9.672959113E-01 
2.144846100E+00 2.420666885E-01 -4.554660377E-01 2.420666883E-01 9.702596181E-01 -8.902531693E-01 9.702596181E-01 
2.156828480E+00 2.304461956E-01 -4.479015548E-01 2.304461953E-01 9.730850729E-01 -8.940828902E-01 9.730850730E-01 
2.168810861E+00 2.187908196E-01 -4.402815225E-01 2.187908193E-01 9.757717896E-01 -8.978597876E-01 9.757717896E-01 
2.180793241E+00 2.071022672E-01 -4.326059034E-01 2.071022670E-01 9.783193032E-01 -9.015831354E-01 9.783193032E-01 
2.192775622E+00 1.953822566E-01 -4.248746721E-01 1.953822563E-01 9.807271699E-01 -9.052521920E-01 9.807271699E-01 
2.204758002E+00 1.836325168E-01 -4.170878155E-01 1.836325165E-01 9.829949677E-01 -9.088662015E-01 9.829949678E-01 
2.216740383E+00 1.718547870E-01 -4.092453340E-01 1.718547867E-01 9.851222969E-01 -9.124243942E-01 9.851222970E-01 
2.228722763E+00 1.600508176E-01 -4.013472410E-01 1.600508174E-01 9.871087799E-01 -9.159259856E-01 9.871087800E-01 
2.240705143E+00 1.482223692E-01 -3.933935642E-01 1.482223689E-01 9.889540620E-01 -9.193701771E-01 9.889540621E-01 
2.252687524E+00 1.363712118E-01 -3.853843458E-01 1.363712115E-01 9.906578117E-01 -9.227561568E-01 9.906578118E-01 
2.264669904E+00 1.244991258E-01 -3.773196429E-01 1.244991256E-01 9.922197211E-01 -9.260830988E-01 9.922197211E-01 
2.276652285E+00 1.126079009E-01 -3.691995283E-01 1.126079007E-01 9.936395059E-01 -9.293501638E-01 9.936395059E-01 
2.288634665E+00 1.006993361E-01 -3.610240908E-01 1.006993358E-01 9.949169063E-01 -9.325564992E-01 9.949169064E-01 
2.300617046E+00 8.877523924E-02 -3.527934354E-01 8.877523898E-02 9.960516871E-01 -9.357012398E-01 9.960516872E-01 
2.312599426E+00 7.683742695E-02 -3.445076846E-01 7.683742669E-02 9.970436380E-01 -9.387835072E-01 9.970436381E-01 
2.324581807E+00 6.488772424E-02 -3.361669781E-01 6.488772399E-02 9.978925741E-01 -9.418024107E-01 9.978925741E-01 
2.336564187E+00 5.292796400E-02 -3.277714737E-01 5.292796374E-02 9.985983359E-01 -9.447570477E-01 9.985983360E-01 
2.348546568E+00 4.095998704E-02 -3.193213477E-01 4.095998678E-02 9.991607904E-01 -9.476465031E-01 9.991607905E-01 
2.360528948E+00 2.898564121E-02 -3.108167954E-01 2.898564095E-02 9.995798308E-01 -9.504698511E-01 9.995798308E-01 
2.372511328E+00 1.700678161E-02 -3.022580316E-01 1.700678135E-02 9.998553769E-01 -9.532261539E-01 9.998553769E-01 
2.384493709E+00 5.025269711E-03 -2.936452911E-01 5.025269454E-03 9.999873758E-01 -9.559144633E-01 9.999873758E-01 
2.396476089E+00 -6.957026769E-03 -2.849788291E-01 -6.957027026E-03 9.999758020E-01 -9.585338205E-01 9.999758020E-01 
2.408458470E+00 -1.893823429E-02 -2.762589218E-01 -1.893823455E-02 9.998206578E-01 -9.610832566E-01 9.998206578E-01 
2.420440850E+00 -3.091647417E-02 -2.674858669E-01 -3.091647442E-02 9.995219737E-01 -9.635617931E-01 9.995219737E-01 
2.432423231E+00 -4.288986254E-02 -2.586599837E-01 -4.288986280E-02 9.990798085E-01 -9.659684419E-01 9.990798085E-01 
2.444405611E+00 -5.485651144E-02 -2.497816140E-01 -5.485651170E-02 9.984942498E-01 -9.683022066E-01 9.984942498E-01 
2.456387992E+00 -6.681452862E-02 -2.408511224E-01 -6.681452888E-02 9.977654144E-01 -9.705620819E-01 9.977654144E-01 
2.468370372E+00 -7.876201859E-02 -2.318688967E-01 -7.876201885E-02 9.968934485E-01 -9.727470548E-01 9.968934485E-01 
2.480352752E+00 -9.069708277E-02 -2.228353482E-01 -9.069708303E-02 9.958785278E-01 -9.748561051E-01 9.958785278E-01 
2.492335133E+00 -1.026178201E-01 -2.137509125E-01 -1.026178204E-01 9.947208582E-01 -9.768882051E-01 9.947208581E-01 
2.504317513E+00 -1.145223278E-01 -2.046160495E-01 -1.145223280E-01 9.934206757E-01 -9.788423214E-01 9.934206756E-01 
2.516299894E+00 -1.264087013E-01 -1.954312442E-01 -1.264087016E-01 9.919782469E-01 -9.807174143E-01 9.919782469E-01 
2.528282274E+00 -1.382750358E-01 -1.861970066E-01 -1.382750361E-01 9.903938693E-01 -9.825124389E-01 9.903938692E-01 
2.540264655E+00 -1.501194257E-01 -1.769138728E-01 -1.501194260E-01 9.886678712E-01 -9.842263456E-01 9.886678712E-01 
2.552247035E+00 -1.619399661E-01 -1.675824043E-01 -1.619399664E-01 9.868006124E-01 -9.858580809E-01 9.868006123E-01 
2.564229416E+00 -1.737347529E-01 -1.582031896E-01 -1.737347532E-01 9.847924840E-01 -9.874065873E-01 9.847924840E-01 
2.576211796E+00 -1.855018836E-01 -1.487768437E-01 -1.855018839E-01 9.826439090E-01 -9.888708048E-01 9.826439089E-01 
2.588194176E+00 -1.972394580E-01 -1.393040083E-01 -1.972394583E-01 9.803553419E-01 -9.902496711E-01 9.803553419E-01 
2.600176557E+00 -2.089455786E-01 -1.297853531E-01 -2.089455788E-01 9.779272699E-01 -9.915421220E-01 9.779272699E-01 
2.612158937E+00 -2.206183515E-01 -1.202215748E-01 -2.206183517E-01 9.753602117E-01 -9.927470930E-01 9.753602117E-01 
2.624141318E+00 -2.322558868E-01 -1.106133986E-01 -2.322558871E-01 9.726547190E-01 -9.938635186E-01 9.726547190E-01 
2.636123698E+00 -2.438562999E-01 -1.009615774E-01 -2.438563001E-01 9.698113755E-01 -9.948903344E-01 9.698113754E-01 
2.648106079E+00 -2.554177112E-01 -9.126689276E-02 -2.554177114E-01 9.668307978E-01 -9.958264767E-01 9.668307977E-01 
2.660088459E+00 -2.669382477E-01 -8.153015482E-02 -2.669382479E-01 9.637136350E-01 -9.966708841E-01 9.637136349E-01 
2.672070840E+00 -2.784160432E-01 -7.175220246E-02 -2.784160435E-01 9.604605691E-01 -9.974224976E-01 9.604605691E-01 
2.684053220E+00 -2.898492394E-01 -6.193390376E-02 -2.898492396E-01 9.570723150E-01 -9.980802616E-01 9.570723149E-01 
2.696035600E+00 -3.012359862E-01 -5.207615562E-02 -3.012359864E-01 9.535496201E-01 -9.986431250E-01 9.535496200E-01 
2.708017981E+00 -3.125744428E-01 -4.217988465E-02 -3.125744430E-01 9.498932650E-01 -9.991100411E-01 9.498932649E-01 
2.720000361E+00 -3.238627783E-01 -3.224604640E-02 -3.238627785E-01 9.461040628E-01 -9.994799694E-01 9.461040627E-01 
2.731982742E+00 -3.350991724E-01 -2.227562635E-02 -3.350991727E-01 9.421828597E-01 -9.997518758E-01 9.421828596E-01 
2.743965122E+00 -3.462818165E-01 -1.226963928E-02 -3.462818167E-01 9.381305345E-01 -9.999247334E-01 9.381305344E-01 
2.755947503E+00 -3.574089139E-01 -2.229129522E-03 -3.574089142E-01 9.339479986E-01 -9.999975236E-01 9.339479985E-01 
2.767929883E+00 -3.684786812E-01 7.844828740E-03 -3.684786814E-01 9.296361961E-01 -9.999692369E-01 9.296361960E-01 
2.779912264E+00 -3.794893485E-01 1.795113215E-02 -3.794893487E-01 9.251961033E-01 -9.998388734E-01 9.251961032E-01 
2.791894644E+00 -3.904391606E-01 2.808864729E-02 -3.904391608E-01 9.206287291E-01 -9.996054440E-01 9.206287290E-01 
2.803877024E+00 -4.013263777E-01 3.825621185E-02 -4.013263780E-01 9.159351140E-01 -9.992679710E-01 9.159351139E-01 
2.815859405E+00 -4.121492762E-01 4.845263359E-02 -4.121492764E-01 9.111163309E-01 -9.988254891E-01 9.111163308E-01 
2.827841785E+00 -4.229061492E-01 5.867669134E-02 -4.229061495E-01 9.061734839E-01 -9.982770462E-01 9.061734837E-01 
2.839824166E+00 -4.335953078E-01 6.892713474E-02 -4.335953080E-01 9.011077086E-01 -9.976217044E-01 9.011077085E-01 
2.851806546E+00 -4.442150814E-01 7.920268431E-02 -4.442150816E-01 8.959201721E-01 -9.968585403E-01 8.959201720E-01 
2.863788927E+00 -4.547638188E-01 8.950203223E-02 -4.547638191E-01 8.906120715E-01 -9.959866468E-01 8.906120714E-01 
2.875771307E+00 -4.652398890E-01 9.982384162E-02 -4.652398892E-01 8.851846351E-01 -9.950051331E-01 8.851846350E-01 
2.887753688E+00 -4.756416817E-01 1.101667480E-01 -4.756416819E-01 8.796391207E-01 -9.939131258E-01 8.796391206E-01 
2.899736068E+00 -4.859676083E-01 1.205293583E-01 -4.859676085E-01 8.739768163E-01 -9.927097700E-01 8.739768162E-01 
2.911718448E+00 -4.962161027E-01 1.309102524E-01 -4.962161030E-01 8.681990387E-01 -9.913942300E-01 8.681990386E-01 
2.923700829E+00 -5.063856220E-01 1.413079824E-01 -5.063856222E-01 8.623071337E-01 -9.899656899E-01 8.623071336E-01 
2.935683209E+00 -5.164746470E-01 1.517210738E-01 -5.164746473E-01 8.563024756E-01 -9.884233549E-01 8.563024755E-01 
2.947665590E+00 -5.264816836E-01 1.621480256E-01 -5.264816838E-01 8.501864661E-01 -9.867664517E-01 8.501864660E-01 
2.959647970E+00 -5.364052627E-01 1.725873105E-01 -5.364052629E-01 8.439605348E-01 -9.849942296E-01 8.439605346E-01 
2.971630351E+00 -5.462439415E-01 1.830373761E-01 -5.462439417E-01 8.376261373E-01 -9.831059611E-01 8.376261372E-01 
2.983612731E+00 -5.559963043E-01 1.934966442E-01 -5.559963045E-01 8.311847561E-01 -9.811009429E-01 8.311847560E-01 
2.995595112E+00 -5.656609626E-01 2.039635127E-01 -5.656609628E-01 8.246378989E-01 -9.789784965E-01 8.246378987E-01 
3.007577492E+00 -5.752365562E-01 2.144363551E-01 -5.752365564E-01 8.179870982E-01 -9.767379692E-01 8.179870980E-01 
3.019559873E+00 -5.847217541E-01 2.249135214E-01 -5.847217543E-01 8.112339110E-01 -9.743787345E-01 8.112339109E-01 
3.031542253E+00 -5.941152544E-01 2.353933392E-01 -5.941152546E-01 8.043799178E-01 -9.719001934E-01 8.043799176E-01 
3.043524633E+00 -6.034157859E-01 2.458741132E-01 -6.034157861E-01 7.974267219E-01 -9.693017746E-01 7.974267218E-01 
3.055507014E+00 -6.126221075E-01 2.563541273E-01 -6.126221077E-01 7.903759487E-01 -9.665829352E-01 7.903759486E-01 
3.067489394E+00 -6.217330103E-01 2.668316439E-01 -6.217330105E-01 7.832292452E-01 -9.637431622E-01 7.832292451E-01 
3.079471775E+00 -6.307473167E-01 2.773049058E-01 -6.307473169E-01 7.759882787E-01 -9.607819720E-01 7.759882786E-01 
3.091454155E+00 -6.396638820E-01 2.877721358E-01 -6.396638822E-01 7.686547365E-01 -9.576989119E-01 7.686547364E-01 
3.103436536E+00 -6.484815943E-01 2.982315385E-01 -6.484815945E-01 7.612303248E-01 -9.544935605E-01 7.612303247E-01 
3.115418916E+00 -6.571993754E-01 3.086813005E-01 -6.571993756E-01 7.537167679E-01 -9.511655281E-01 7.537167677E-01 
3.127401297E+00 -6.658161810E-01 3.191195910E-01 -6.658161812E-01 7.461158074E-01 -9.477144577E-01 7.461158073E-01 
3.139383677E+00 -6.743310013E-01 3.295445635E-01 -6.743310014E-01 7.384292012E-01 -9.441400251E-01 7.384292011E-01 
3.151366057E+00 -6.827428614E-01 3.399543555E-01 -6.827428616E-01 7.306587230E-01 -9.404419397E-01 7.306587228E-01 
3.163348438E+00 -6.910508217E-01 3.503470905E-01 -6.910508218E-01 7.228061606E-01 -9.366199451E-01 7.228061604E-01 
3.175330818E+00 -6.992539782E-01 3.607208779E-01 -6.992539783E-01 7.148733158E-01 -9.326738192E-01 7.148733156E-01 
3.187313199E+00 -7.073514629E-01 3.710738144E-01 -7.073514631E-01 7.068620030E-01 -9.286033753E-01 7.068620029E-01 
3.199295579E+00 -7.153424441E-01 3.814039851E-01 -7.153424443E-01 6.987740483E-01 -9.244084617E-01 6.987740482E-01 
3.211277960E+00 -7.232261270E-01 3.917094637E-01 -7.232261272E-01 6.906112887E-01 -9.200889628E-01 6.906112886E-01 
3.223260340E+00 -7.310017529E-01 4.019883145E-01 -7.310017531E-01 6.823755709E-01 -9.156447990E-01 6.823755707E-01 
3.235242721E+00 -7.386686011E-01 4.122385921E-01 -7.386686013E-01 6.740687503E-01 -9.110759275E-01 6.740687501E-01 
3.247225101E+00 -7.462259872E-01 4.224583436E-01 -7.462259874E-01 6.656926904E-01 -9.063823419E-01 6.656926902E-01 
3.259207481E+00 -7.536732650E-01 4.326456086E-01 -7.536732652E-01 6.572492612E-01 -9.015640735E-01 6.572492610E-01 
3.271189862E+00 -7.610098255E-01 4.427984209E-01 -7.610098256E-01 6.487403388E-01 -8.966211905E-01 6.487403386E-01 
3.283172242E+00 -7.682350971E-01 4.529148089E-01 -7.682350972E-01 6.401678037E-01 -8.915537988E-01 6.401678036E-01 
3.295154623E+00 -7.753485463E-01 4.629927970E-01 -7.753485465E-01 6.315335407E-01 -8.863620421E-01 6.315335405E-01 
3.307137003E+00 -7.823496770E-01 4.730304066E-01 -7.823496771E-01 6.228394367E-01 -8.810461019E-01 6.228394365E-01 
3.319119384E+00 -7.892380311E-01 4.830256567E-01 -7.892380313E-01 6.140873808E-01 -8.756061979E-01 6.140873806E-01 
3.331101764E+00 -7.960131877E-01 4.929765655E-01 -7.960131879E-01 6.052792625E-01 -8.700425875E-01 6.052792623E-01 
3.343084145E+00 -8.026747641E-01 5.028811509E-01 -8.026747642E-01 5.964169713E-01 -8.643555667E-01 5.964169711E-01 
3.355066525E+00 -8.092224146E-01 5.127374319E-01 -8.092224147E-01 5.875023951E-01 -8.585454694E-01 5.875023949E-01 
3.367048905E+00 -8.156558310E-01 5.225434292E-01 -8.156558311E-01 5.785374194E-01 -8.526126677E-01 5.785374192E-01 
3.379031286E+00 -8.219747425E-01 5.322971666E-01 -8.219747426E-01 5.695239266E-01 -8.465575719E-01 5.695239264E-01 
3.391013666E+00 -8.281789149E-01 5.419966717E-01 -8.281789150E-01 5.604637946E-01 -8.403806300E-01 5.604637944E-01 
3.402996047E+00 -8.342681512E-01 5.516399773E-01 -8.342681513E-01 5.513588960E-01 -8.340823284E-01 5.513588958E-01 
3.414978427E+00 -8.402422903E-01 5.612251217E-01 -8.402422904E-01 5.422110970E-01 -8.276631907E-01 5.422110968E-01 
3.426960808E+00 -8.461012080E-01 5.707501505E-01 -8.461012081E-01 5.330222565E-01 -8.211237785E-01 5.330222563E-01 
3.438943188E+00 -8.518448155E-01 5.802131170E-01 -8.518448156E-01 5.237942252E-01 -8.144646907E-01 5.237942250E-01 
3.450925569E+00 -8.574730596E-01 5.896120832E-01 -8.574730597E-01 5.145288448E-01 -8.076865631E-01 5.145288446E-01 
3.462907949E+00 -8.629859224E-01 5.989451211E-01 -8.629859225E-01 5.052279464E-01 -8.007900689E-01 5.052279462E-01 
3.474890329E+00 -8.683834205E-01 6.082103133E-01 -8.683834206E-01 4.958933506E-01 -7.937759172E-01 4.958933504E-01 
3.486872710E+00 -8.736656050E-01 6.174057541E-01 -8.736656051E-01 4.865268656E-01 -7.866448540E-01 4.865268654E-01 
3.498855090E+00 -8.788325604E-01 6.265295503E-01 -8.788325605E-01 4.771302872E-01 -7.793976607E-01 4.771302870E-01 
3.510837471E+00 -8.838844052E-01 6.355798223E-01 -8.838844053E-01 4.677053972E-01 -7.720351547E-01 4.677053970E-01 
3.522819851E+00 -8.888212901E-01 6.445547045E-01 -8.888212902E-01 4.582539630E-01 -7.645581880E-01 4.582539628E-01 
3.534802232E+00 -8.936433984E-01 6.534523468E-01 -8.936433985E-01 4.487777367E-01 -7.569676478E-01 4.487777365E-01 
3.546784612E+00 -8.983509449E-01 6.622709150E-01 -8.983509450E-01 4.392784541E-01 -7.492644555E-01 4.392784539E-01 
3.558766993E+00 -9.029441756E-01 6.710085916E-01 -9.029441757E-01 4.297578344E-01 -7.414495657E-01 4.297578342E-01 
3.570749373E+00 -9.074233671E-01 6.796635770E-01 -9.074233672E-01 4.202175788E-01 -7.335239671E-01 4.202175786E-01 
3.582731753E+00 -9.117888255E-01 6.882340896E-01 -9.117888256E-01 4.106593703E-01 -7.254886804E-01 4.106593701E-01 
3.594714134E+00 -9.160408866E-01 6.967183676E-01 -9.160408867E-01 4.010848726E-01 -7.173447592E-01 4.010848724E-01 
3.606696514E+00 -9.201799142E-01 7.051146685E-01 -9.201799143E-01 3.914957300E-01 -7.090932880E-01 3.914957298E-01 
3.618678895E+00 -9.242063003E-01 7.134212708E-01 -9.242063004E-01 3.818935659E-01 -7.007353829E-01 3.818935657E-01 
3.630661275E+00 -9.281204640E-01 7.216364741E-01 -9.281204641E-01 3.722799829E-01 -6.922721903E-01 3.722799827E-01 
3.642643656E+00 -9.319228507E-01 7.297585998E-01 -9.319228508E-01 3.626565619E-01 -6.837048864E-01 3.626565617E-01 
3.654626036E+00 -9.356139317E-01 7.377859926E-01 -9.356139317E-01 3.530248613E-01 -6.750346766E-01 3.530248611E-01 
3.666608417E+00 -9.391942027E-01 7.457170195E-01 -9.391942028E-01 3.433864173E-01 -6.662627949E-01 3.433864171E-01 
3.678590797E+00 -9.426641843E-01 7.535500720E-01 -9.426641844E-01 3.337427421E-01 -6.573905034E-01 3.337427419E-01 
3.690573178E+00 -9.460244199E-01 7.612835655E-01 -9.460244200E-01 3.240953247E-01 -6.484190909E-01 3.240953245E-01 
3.702555558E+00 -9.492754758E-01 7.689159406E-01 -9.492754759E-01 3.144456293E-01 -6.393498733E-01 3.144456290E-01 
3.714537938E+00 -9.524179401E-01 7.764456634E-01 -9.524179402E-01 3.047950956E-01 -6.301841920E-01 3.047950954E-01 
3.726520319E+00 -9.554524219E-01 7.838712254E-01 -9.554524220E-01 2.951451385E-01 -6.209234138E-01 2.951451383E-01 
3.738502699E+00 -9.583795504E-01 7.911911450E-01 -9.583795505E-01 2.854971469E-01 -6.115689297E-01 2.854971467E-01 
3.750485080E+00 -9.611999744E-01 7.984039670E-01 -9.611999745E-01 2.758524844E-01 -6.021221544E-01 2.758524842E-01 
3.762467460E+00 -9.639143611E-01 8.055082637E-01 -9.639143612E-01 2.662124878E-01 -5.925845259E-01 2.662124875E-01 
3.774449841E+00 -9.665233956E-01 8.125026346E-01 -9.665233957E-01 2.565784681E-01 -5.829575042E-01 2.565784679E-01 
3.786432221E+00 -9.690277799E-01 8.193857076E-01 -9.690277799E-01 2.469517092E-01 -5.732425708E-01 2.469517090E-01 
3.798414602E+00 -9.714282321E-01 8.261561385E-01 -9.714282321E-01 2.373334682E-01 -5.634412281E-01 2.373334680E-01 
3.810396982E+00 -9.737254856E-01 8.328126116E-01 -9.737254857E-01 2.277249751E-01 -5.535549986E-01 2.277249749E-01 
3.822379362E+00 -9.759202884E-01 8.393538405E-01 -9.759202884E-01 2.181274323E-01 -5.435854239E-01 2.181274321E-01 
3.834361743E+00 -9.780134019E-01 8.457785671E-01 -9.780134019E-01 2.085420151E-01 -5.335340643E-01 2.085420149E-01 
3.846344123E+00 -9.800056006E-01 8.520855635E-01 -9.800056006E-01 1.989698708E-01 -5.234024980E-01 1.989698706E-01 
3.858326504E+00 -9.818976709E-01 8.582736304E-01 -9.818976709E-01 1.894121195E-01 -5.131923202E-01 1.894121193E-01 
3.870308884E+00 -9.836904104E-01 8.643415991E-01 -9.836904104E-01 1.798698530E-01 -5.029051424E-01 1.798698527E-01 
3.882291265E+00 -9.853846272E-01 8.702883300E-01 -9.853846272E-01 1.703441355E-01 -4.925425919E-01 1.703441353E-01 
3.894273645E+00 -9.869811388E-01 8.761127139E-01 -9.869811388E-01 1.608360035E-01 -4.821063106E-01 1.608360032E-01 
3.906256026E+00 -9.884807718E-01 8.818136714E-01 -9.884807718E-01 1.513464653E-01 -4.715979550E-01 1.513464651E-01 
3.918238406E+00 -9.898843606E-01 8.873901534E-01 -9.898843607E-01 1.418765019E-01 -4.610191946E-01 1.418765017E-01 
3.930220786E+00 -9.911927470E-01 8.928411411E-01 -9.911927471E-01 1.324270660E-01 -4.503717121E-01 1.324270658E-01 
3.942203167E+00 -9.924067793E-01 8.981656457E-01 -9.924067793E-01 1.229990831E-01 -4.396572019E-01 1.229990829E-01 
3.954185547E+00 -9.935273114E-01 9.033627089E-01 -9.935273114E-01 1.135934508E-01 -4.288773699E-01 1.135934506E-01 
3.966167928E+00 -9.945552022E-01 9.084314027E-01 -9.945552022E-01 1.042110393E-01 -4.180339327E-01 1.042110391E-01 
3.978150308E+00 -9.954913150E-01 9.133708293E-01 -9.954913150E-01 9.485269158E-02 -4.071286168E-01 9.485269136E-02 
3.990132689E+00 -9.963365166E-01 9.181801210E-01 -9.963365166E-01 8.551922327E-02 -3.961631581E-01 8.551922306E-02 
4.002115069E+00 -9.970916764E-01 9.228584405E-01 -9.970916765E-01 7.621142335E-02 -3.851393012E-01 7.621142314E-02 
4.014097450E+00 -9.977576662E-01 9.274049805E-01 -9.977576663E-01 6.693005359E-02 -3.740587987E-01 6.693005338E-02 
4.026079830E+00 -9.983353592E-01 9.318189636E-01 -9.983353593E-01 5.767584969E-02 -3.629234105E-01 5.767584948E-02 
4.038062210E+00 -9.988256292E-01 9.360996425E-01 -9.988256292E-01 4.844952058E-02 -3.517349033E-01 4.844952037E-02 
4.050044591E+00 -9.992293501E-01 9.402462996E-01 -9.992293501E-01 3.925174945E-02 -3.404950501E-01 3.925174925E-02 
4.062026971E+00 -9.995473955E-01 9.442582468E-01 -9.995473956E-01 3.008319358E-02 -3.292056293E-01 3.008319337E-02 
4.074009352E+00 -9.997806377E-01 9.481348259E-01 -9.997806377E-01 2.094448468E-02 -3.178684243E-01 2.094448447E-02 
4.085991732E+00 -9.999299471E-01 9.518754075E-01 -9.999299471E-01 1.183622949E-02 -3.064852230E-01 1.183622928E-02 
4.097974113E+00 -9.999961918E-01 9.554793919E-01 -9.999961918E-01 2.759009558E-03 -2.950578169E-01 2.759009352E-03 
4.109956493E+00 -9.999802371E-01 9.589462077E-01 -9.999802371E-01 -6.286617752E-03 -2.835880011E-01 -6.286617958E-03 
4.121938874E+00 -9.998829446E-01 9.622753130E-01 -9.998829446E-01 -1.530011963E-02 -2.720775732E-01 -1.530011983E-02 
4.133921254E+00 -9.997051719E-01 9.654661939E-01 -9.997051719E-01 -2.428098682E-02 -2.605283332E-01 -2.428098703E-02 
4.145903634E+00 -9.994477719E-01 9.685183652E-01 -9.994477719E-01 -3.322873372E-02 -2.489420827E-01 -3.322873393E-02 
4.157886015E+00 -9.991115924E-01 9.714313694E-01 -9.991115924E-01 -4.214289779E-02 -2.373206247E-01 -4.214289799E-02 
4.169868395E+00 -9.986974756E-01 9.742047773E-01 -9.986974756E-01 -5.102303907E-02 -2.256657627E-01 -5.102303928E-02 
4.181850776E+00 -9.982062576E-01 9.768381870E-01 -9.982062575E-01 -5.986874012E-02 -2.139793008E-01 -5.986874032E-02 
4.193833156E+00 -9.976387678E-01 9.793312241E-01 -9.976387678E-01 -6.867960514E-02 -2.022630427E-01 -6.867960534E-02 
4.205815537E+00 -9.969958285E-01 9.816835413E-01 -9.969958285E-01 -7.745526005E-02 -1.905187916E-01 -7.745526025E-02 
4.217797917E+00 -9.962782549E-01 9.838948180E-01 -9.962782549E-01 -8.619535161E-02 -1.787483498E-01 -8.619535181E-02 
4.229780298E+00 -9.954868539E-01 9.859647603E-01 -9.954868538E-01 -9.489954733E-02 -1.669535180E-01 -9.489954753E-02 
4.241762678E+00 -9.946224240E-01 9.878931004E-01 -9.946224240E-01 -1.035675349E-01 -1.551360950E-01 -1.035675351E-01 
4.253745059E+00 -9.936857555E-01 9.896795968E-01 -9.936857554E-01 -1.121990216E-01 -1.432978777E-01 -1.121990218E-01 
4.265727439E+00 -9.926776290E-01 9.913240334E-01 -9.926776290E-01 -1.207937342E-01 -1.314406602E-01 -1.207937344E-01 
4.277709819E+00 -9.915988163E-01 9.928262196E-01 -9.915988162E-01 -1.293514180E-01 -1.195662339E-01 -1.293514182E-01 
4.289692200E+00 -9.904500788E-01 9.941859899E-01 -9.904500787E-01 -1.378718371E-01 -1.076763865E-01 -1.378718373E-01 
4.301674580E+00 -9.892321683E-01 9.954032038E-01 -9.892321683E-01 -1.463547731E-01 -9.577290265E-02 -1.463547732E-01 
4.313656961E+00 -9.879458259E-01 9.964777451E-01 -9.879458259E-01 -1.548000251E-01 -8.385756272E-02 -1.548000253E-01 
4.325639341E+00 -9.865917821E-01 9.974095218E-01 -9.865917821E-01 -1.632074094E-01 -7.193214303E-02 -1.632074096E-01 
4.337621722E+00 -9.851707564E-01 9.981984662E-01 -9.851707564E-01 -1.715767586E-01 -5.999841540E-02 -1.715767588E-01 
4.349604102E+00 -9.836834569E-01 9.988445337E-01 -9.836834569E-01 -1.799079214E-01 -4.805814678E-02 -1.799079216E-01 
4.361586483E+00 -9.821305805E-01 9.993477034E-01 -9.821305805E-01 -1.882007619E-01 -3.611309927E-02 -1.882007620E-01 
4.373568863E+00 -9.805128120E-01 9.997079772E-01 -9.805128120E-01 -1.964551593E-01 -2.416502943E-02 -1.964551595E-01 
4.385551243E+00 -9.788308246E-01 9.999253800E-01 -9.788308245E-01 -2.046710076E-01 -1.221568858E-02 -2.046710078E-01 
4.397533624E+00 -9.770852789E-01 9.999999588E-01 -9.770852789E-01 -2.128482147E-01 -2.668220284E-04 -2.128482149E-01 
4.409516004E+00 -9.752768235E-01 9.999317830E-01 -9.752768235E-01 -2.209867022E-01 1.167983075E-02 -2.209867024E-01 
4.421498385E+00 -9.734060943E-01 9.997209436E-01 -9.734060942E-01 -2.290864049E-01 2.362253649E-02 -2.290864051E-01 
4.433480765E+00 -9.714737144E-01 9.993675534E-01 -9.714737144E-01 -2.371472701E-01 3.555956838E-02 -2.371472703E-01 
4.445463146E+00 -9.694802943E-01 9.988717461E-01 -9.694802942E-01 -2.451692575E-01 4.748920601E-02 -2.451692577E-01 
4.457445526E+00 -9.674264310E-01 9.982336767E-01 -9.674264310E-01 -2.531523384E-01 5.940973595E-02 -2.531523386E-01 
4.469427907E+00 -9.653127090E-01 9.974535208E-01 -9.653127090E-01 -2.610964956E-01 7.131945141E-02 -2.610964958E-01 
4.481410287E+00 -9.631396990E-01 9.965314743E-01 -9.631396989E-01 -2.690017223E-01 8.321665292E-02 -2.690017225E-01 
4.493392667E+00 -9.609079585E-01 9.954677532E-01 -9.609079585E-01 -2.768680224E-01 9.509964808E-02 -2.768680226E-01 
4.505375048E+00 -9.586180317E-01 9.942625936E-01 -9.586180316E-01 -2.846954094E-01 1.069667519E-01 -2.846954095E-01 
4.517357428E+00 -9.562704489E-01 9.929162509E-01 -9.562704489E-01 -2.924839062E-01 1.188162868E-01 -2.924839064E-01 
4.529339809E+00 -9.538657272E-01 9.914289999E-01 -9.538657272E-01 -3.002335449E-01 1.306465830E-01 -3.002335451E-01 
4.541322189E+00 -9.514043697E-01 9.898011346E-01 -9.514043696E-01 -3.079443659E-01 1.424559783E-01 -3.079443660E-01 
4.553304570E+00 -9.488868659E-01 9.880329676E-01 -9.488868659E-01 -3.156164175E-01 1.542428183E-01 -3.156164177E-01 
4.565286950E+00 -9.463136916E-01 9.861248301E-01 -9.463136915E-01 -3.232497558E-01 1.660054567E-01 -3.232497560E-01 
4.577269331E+00 -9.436853085E-01 9.840770718E-01 -9.436853085E-01 -3.308444439E-01 1.777422552E-01 -3.308444441E-01 
4.589251711E+00 -9.410021649E-01 9.818900602E-01 -9.410021648E-01 -3.384005517E-01 1.894515834E-01 -3.384005519E-01 
4.601234091E+00 -9.382646949E-01 9.795641808E-01 -9.382646948E-01 -3.459181553E-01 2.011318194E-01 -3.459181554E-01 
4.613216472E+00 -9.354733190E-01 9.770998365E-01 -9.354733189E-01 -3.533973365E-01 2.127813494E-01 -3.533973366E-01 
4.625198852E+00 -9.326284437E-01 9.744974480E-01 -9.326284436E-01 -3.608381826E-01 2.243985681E-01 -3.608381828E-01 
4.637181233E+00 -9.297304619E-01 9.717574526E-01 -9.297304618E-01 -3.682407860E-01 2.359818784E-01 -3.682407861E-01 
4.649163613E+00 -9.267797524E-01 9.688803050E-01 -9.267797524E-01 -3.756052433E-01 2.475296919E-01 -3.756052435E-01 
4.661145994E+00 -9.237766806E-01 9.658664765E-01 -9.237766805E-01 -3.829316556E-01 2.590404286E-01 -3.829316558E-01 
4.673128374E+00 -9.207215978E-01 9.627164548E-01 -9.207215977E-01 -3.902201274E-01 2.705125172E-01 -3.902201276E-01 
4.685110755E+00 -9.176148419E-01 9.594307441E-01 -9.176148419E-01 -3.974707667E-01 2.819443948E-01 -3.974707669E-01 
4.697093135E+00 -9.144567372E-01 9.560098648E-01 -9.144567372E-01 -4.046836843E-01 2.933345074E-01 -4.046836845E-01 
4.709075515E+00 -9.112475943E-01 9.524543529E-01 -9.112475942E-01 -4.118589936E-01 3.046813097E-01 -4.118589938E-01 
4.721057896E+00 -9.079877103E-01 9.487647608E-01 -9.079877102E-01 -4.189968101E-01 3.159832651E-01 -4.189968102E-01 
4.733040276E+00 -9.046773689E-01 9.449416561E-01 -9.046773688E-01 -4.260972507E-01 3.272388456E-01 -4.260972509E-01 
4.745022657E+00 -9.013168406E-01 9.409856218E-01 -9.013168406E-01 -4.331604342E-01 3.384465324E-01 -4.331604343E-01 
4.757005037E+00 -8.979063827E-01 9.368972564E-01 -8.979063826E-01 -4.401864798E-01 3.496048152E-01 -4.401864800E-01 
4.768987418E+00 -8.944462390E-01 9.326771736E-01 -8.944462389E-01 -4.471755077E-01 3.607121929E-01 -4.471755078E-01 
4.780969798E+00 -8.909366407E-01 9.283260018E-01 -8.909366406E-01 -4.541276380E-01 3.717671729E-01 -4.541276382E-01 
4.792952179E+00 -8.873778057E-01 9.238443845E-01 -8.873778057E-01 -4.610429908E-01 3.827682718E-01 -4.610429909E-01 
4.804934559E+00 -8.837699394E-01 9.192329798E-01 -8.837699393E-01 -4.679216856E-01 3.937140152E-01 -4.679216857E-01 
4.816916939E+00 -8.801132342E-01 9.144924604E-01 -8.801132341E-01 -4.747638410E-01 4.046029374E-01 -4.747638412E-01 
4.828899320E+00 -8.764078701E-01 9.096235135E-01 -8.764078700E-01 -4.815695745E-01 4.154335818E-01 -4.815695747E-01 
4.840881700E+00 -8.726540146E-01 9.046268407E-01 -8.726540145E-01 -4.883390019E-01 4.262045010E-01 -4.883390020E-01 
4.852864081E+00 -8.688518229E-01 8.995031576E-01 -8.688518228E-01 -4.950722370E-01 4.369142562E-01 -4.950722371E-01 
4.864846461E+00 -8.650014381E-01 8.942531940E-01 -8.650014380E-01 -5.017693914E-01 4.475614181E-01 -5.017693916E-01 
4.876828842E+00 -8.611029911E-01 8.888776939E-01 -8.611029910E-01 -5.084305742E-01 4.581445661E-01 -5.084305744E-01 
4.888811222E+00 -8.571566011E-01 8.833774150E-01 -8.571566010E-01 -5.150558915E-01 4.686622888E-01 -5.150558916E-01 
4.900793603E+00 -8.531623755E-01 8.777531290E-01 -8.531623754E-01 -5.216454460E-01 4.791131841E-01 -5.216454461E-01 
4.912775983E+00 -8.491204100E-01 8.720056210E-01 -8.491204100E-01 -5.281993369E-01 4.894958587E-01 -5.281993371E-01 
4.924758364E+00 -8.450307893E-01 8.661356902E-01 -8.450307892E-01 -5.347176597E-01 4.998089286E-01 -5.347176598E-01 
4.936740744E+00 -8.408935863E-01 8.601441492E-01 -8.408935862E-01 -5.412005053E-01 5.100510190E-01 -5.412005054E-01 
4.948723124E+00 -8.367088633E-01 8.540318238E-01 -8.367088633E-01 -5.476479603E-01 5.202207641E-01 -5.476479604E-01 
4.960705505E+00 -8.324766717E-01 8.477995537E-01 -8.324766716E-01 -5.540601065E-01 5.303168076E-01 -5.540601066E-01 
4.972687885E+00 -8.281970519E-01 8.414481919E-01 -8.281970518E-01 -5.604370205E-01 5.403378021E-01 -5.604370206E-01 
4.984670266E+00 -8.238700339E-01 8.349786043E-01 -8.238700338E-01 -5.667787734E-01 5.502824098E-01 -5.667787735E-01 
4.996652646E+00 -8.194956376E-01 8.283916706E-01 -8.194956375E-01 -5.730854307E-01 5.601493020E-01 -5.730854308E-01 
5.008635027E+00 -8.150738725E-01 8.216882834E-01 -8.150738724E-01 -5.793570517E-01 5.699371593E-01 -5.793570518E-01 
5.020617407E+00 -8.106047383E-01 8.148693486E-01 -8.106047382E-01 -5.855936896E-01 5.796446719E-01 -5.855936897E-01 
5.032599788E+00 -8.060882249E-01 8.079357852E-01 -8.060882248E-01 -5.917953910E-01 5.892705391E-01 -5.917953911E-01 
5.044582168E+00 -8.015243129E-01 8.008885252E-01 -8.015243128E-01 -5.979621954E-01 5.988134698E-01 -5.979621955E-01 
5.056564548E+00 -7.969129732E-01 7.937285139E-01 -7.969129731E-01 -6.040941354E-01 6.082721824E-01 -6.040941355E-01 
5.068546929E+00 -7.922541680E-01 7.864567094E-01 -7.922541679E-01 -6.101912362E-01 6.176454049E-01 -6.101912363E-01 
5.080529309E+00 -7.875478503E-01 7.790740829E-01 -7.875478502E-01 -6.162535151E-01 6.269318746E-01 -6.162535152E-01 
5.092511690E+00 -7.827939648E-01 7.715816186E-01 -7.827939647E-01 -6.222809817E-01 6.361303389E-01 -6.222809819E-01 
5.104494070E+00 -7.779924474E-01 7.639803137E-01 -7.779924473E-01 -6.282736373E-01 6.452395545E-01 -6.282736375E-01 
5.116476451E+00 -7.731432261E-01 7.562711784E-01 -7.731432260E-01 -6.342314748E-01 6.542582880E-01 -6.342314749E-01 
5.128458831E+00 -7.682462207E-01 7.484552356E-01 -7.682462206E-01 -6.401544783E-01 6.631853159E-01 -6.401544784E-01 
5.140441212E+00 -7.633013435E-01 7.405335213E-01 -7.633013434E-01 -6.460426230E-01 6.720194245E-01 -6.460426231E-01 
5.152423592E+00 -7.583084993E-01 7.325070846E-01 -7.583084992E-01 -6.518958750E-01 6.807594100E-01 -6.518958751E-01 
5.164405972E+00 -7.532675855E-01 7.243769873E-01 -7.532675854E-01 -6.577141907E-01 6.894040788E-01 -6.577141909E-01 
5.176388353E+00 -7.481784925E-01 7.161443041E-01 -7.481784924E-01 -6.634975171E-01 6.979522472E-01 -6.634975173E-01 
5.188370733E+00 -7.430411045E-01 7.078101228E-01 -7.430411043E-01 -6.692457913E-01 7.064027421E-01 -6.692457914E-01 
5.200353114E+00 -7.378552985E-01 6.993755439E-01 -7.378552984E-01 -6.749589400E-01 7.147544003E-01 -6.749589401E-01 
5.212335494E+00 -7.326209458E-01 6.908416811E-01 -7.326209456E-01 -6.806368797E-01 7.230060691E-01 -6.806368798E-01 
5.224317875E+00 -7.273379116E-01 6.822096608E-01 -7.273379115E-01 -6.862795163E-01 7.311566065E-01 -6.862795164E-01 
5.236300255E+00 -7.220060556E-01 6.734806226E-01 -7.220060555E-01 -6.918867450E-01 7.392048807E-01 -6.918867451E-01 
5.248282636E+00 -7.166252319E-01 6.646557187E-01 -7.166252318E-01 -6.974584498E-01 7.471497710E-01 -6.974584499E-01 
5.260265016E+00 -7.111952898E-01 6.557361147E-01 -7.111952897E-01 -7.029945036E-01 7.549901674E-01 -7.029945038E-01 
5.272247396E+00 -7.057160734E-01 6.467229889E-01 -7.057160733E-01 -7.084947679E-01 7.627249706E-01 -7.084947680E-01 
5.284229777E+00 -7.001874227E-01 6.376175325E-01 -7.001874226E-01 -7.139590923E-01 7.703530928E-01 -7.139590924E-01 
5.296212157E+00 -6.946091733E-01 6.284209500E-01 -6.946091732E-01 -7.193873149E-01 7.778734570E-01 -7.193873150E-01 
5.308194538E+00 -6.889811568E-01 6.191344587E-01 -6.889811567E-01 -7.247792616E-01 7.852849977E-01 -7.247792617E-01 
5.320176918E+00 -6.833032014E-01 6.097592890E-01 -6.833032013E-01 -7.301347461E-01 7.925866610E-01 -7.301347462E-01 
5.332159299E+00 -6.775751319E-01 6.002966844E-01 -6.775751318E-01 -7.354535698E-01 7.997774044E-01 -7.354535699E-01 
5.344141679E+00 -6.717967700E-01 5.907479014E-01 -6.717967699E-01 -7.407355212E-01 8.068561972E-01 -7.407355213E-01 
5.356124060E+00 -6.659679351E-01 5.811142095E-01 -6.659679350E-01 -7.459803765E-01 8.138220209E-01 -7.459803766E-01 
5.368106440E+00 -6.600884439E-01 5.713968913E-01 -6.600884438E-01 -7.511878987E-01 8.206738688E-01 -7.511878988E-01 
5.380088820E+00 -6.541581112E-01 5.615972427E-01 -6.541581110E-01 -7.563578376E-01 8.274107465E-01 -7.563578377E-01 
5.392071201E+00 -6.481767502E-01 5.517165724E-01 -6.481767501E-01 -7.614899300E-01 8.340316722E-01 -7.614899301E-01 
5.404053581E+00 -6.421441728E-01 5.417562024E-01 -6.421441727E-01 -7.665838991E-01 8.405356767E-01 -7.665838992E-01 
5.416035962E+00 -6.360601899E-01 5.317174678E-01 -6.360601897E-01 -7.716394547E-01 8.469218034E-01 -7.716394548E-01 
5.428018342E+00 -6.299246117E-01 5.216017167E-01 -6.299246115E-01 -7.766562927E-01 8.531891092E-01 -7.766562928E-01 
5.440000723E+00 -6.237372481E-01 5.114103105E-01 -6.237372480E-01 -7.816340952E-01 8.593366635E-01 -7.816340953E-01 
5.451983103E+00 -6.174979093E-01 5.011446236E-01 -6.174979092E-01 -7.865725303E-01 8.653635497E-01 -7.865725304E-01 
5.463965484E+00 -6.112064058E-01 4.908060435E-01 -6.112064057E-01 -7.914712522E-01 8.712688648E-01 -7.914712523E-01 
5.475947864E+00 -6.048625490E-01 4.803959710E-01 -6.048625488E-01 -7.963299006E-01 8.770517192E-01 -7.963299007E-01 
5.487930244E+00 -5.984661514E-01 4.699158197E-01 -5.984661512E-01 -8.011481008E-01 8.827112380E-01 -8.011481009E-01 
5.499912625E+00 -5.920170272E-01 4.593670166E-01 -5.920170271E-01 -8.059254640E-01 8.882465600E-01 -8.059254641E-01 
5.511895005E+00 -5.855149926E-01 4.487510017E-01 -5.855149924E-01 -8.106615863E-01 8.936568390E-01 -8.106615864E-01 
5.523877386E+00 -5.789598661E-01 4.380692278E-01 -5.789598660E-01 -8.153560496E-01 8.989412434E-01 -8.153560497E-01 
5.535859766E+00 -5.723514690E-01 4.273231611E-01 -5.723514689E-01 -8.200084209E-01 9.040989568E-01 -8.200084210E-01 
5.547842147E+00 -5.656896258E-01 4.165142806E-01 -5.656896256E-01 -8.246182521E-01 9.091291776E-01 -8.246182522E-01 
5.559824527E+00 -5.589741646E-01 4.056440783E-01 -5.589741645E-01 -8.291850807E-01 9.140311206E-01 -8.291850808E-01 
5.571806908E+00 -5.522049175E-01 3.947140592E-01 -5.522049173E-01 -8.337084287E-01 9.188040156E-01 -8.337084287E-01 
5.583789288E+00 -5.453817209E-01 3.837257413E-01 -5.453817208E-01 -8.381878032E-01 9.234471090E-01 -8.381878033E-01 
5.595771669E+00 -5.385044163E-01 3.726806549E-01 -5.385044162E-01 -8.426226966E-01 9.279596636E-01 -8.426226967E-01 
5.607754049E+00 -5.315728503E-01 3.615803438E-01 -5.315728502E-01 -8.470125856E-01 9.323409584E-01 -8.470125857E-01 
5.619736429E+00 -5.245868753E-01 3.504263641E-01 -5.245868752E-01 -8.513569321E-01 9.365902899E-01 -8.513569321E-01 
5.631718810E+00 -5.175463498E-01 3.392202846E-01 -5.175463497E-01 -8.556551827E-01 9.407069716E-01 -8.556551827E-01 
5.643701190E+00 -5.104511389E-01 3.279636867E-01 -5.104511388E-01 -8.599067686E-01 9.446903345E-01 -8.599067687E-01 
5.655683571E+00 -5.033011149E-01 3.166581644E-01 -5.033011147E-01 -8.641111062E-01 9.485397276E-01 -8.641111063E-01 
5.667665951E+00 -4.960961574E-01 3.053053240E-01 -4.960961572E-01 -8.682675965E-01 9.522545180E-01 -8.682675966E-01 
5.679648332E+00 -4.888361540E-01 2.939067841E-01 -4.888361539E-01 -8.723756250E-01 9.558340913E-01 -8.723756250E-01 
5.691630712E+00 -4.815210010E-01 2.824641754E-01 -4.815210008E-01 -8.764345625E-01 9.592778521E-01 -8.764345626E-01 
5.703613093E+00 -4.741506033E-01 2.709791410E-01 -4.741506031E-01 -8.804437646E-01 9.625852238E-01 -8.804437646E-01 
5.715595473E+00 -4.667248752E-01 2.594533357E-01 -4.667248751E-01 -8.844025712E-01 9.657556494E-01 -8.844025713E-01 
5.727577853E+00 -4.592437411E-01 2.478884260E-01 -4.592437410E-01 -8.883103083E-01 9.687885920E-01 -8.883103084E-01 
5.739560234E+00 -4.517071355E-01 2.362860904E-01 -4.517071353E-01 -8.921662859E-01 9.716835345E-01 -8.921662859E-01 
5.751542614E+00 -4.441150037E-01 2.246480189E-01 -4.441150035E-01 -8.959697994E-01 9.744399803E-01 -8.959697995E-01 
5.763524995E+00 -4.364673024E-01 2.129759125E-01 -4.364673023E-01 -8.997201300E-01 9.770574540E-01 -8.997201300E-01 
5.775507375E+00 -4.287640001E-01 2.012714838E-01 -4.287640000E-01 -9.034165434E-01 9.795355008E-01 -9.034165434E-01 
5.787489756E+00 -4.210050776E-01 1.895364563E-01 -4.210050774E-01 -9.070582911E-01 9.818736880E-01 -9.070582911E-01 
5.799472136E+00 -4.131905282E-01 1.777725639E-01 -4.131905281E-01 -9.106446105E-01 9.840716046E-01 -9.106446105E-01 
5.811454517E+00 -4.053203589E-01 1.659815519E-01 -4.053203588E-01 -9.141747240E-01 9.861288616E-01 -9.141747241E-01 
5.823436897E+00 -3.973945901E-01 1.541651754E-01 -3.973945900E-01 -9.176478405E-01 9.880450930E-01 -9.176478405E-01 
5.835419277E+00 -3.894132567E-01 1.423251998E-01 -3.894132565E-01 -9.210631547E-01 9.898199556E-01 -9.210631547E-01 
5.847401658E+00 -3.813764082E-01 1.304634004E-01 -3.813764080E-01 -9.244198475E-01 9.914531295E-01 -9.244198475E-01 
5.859384038E+00 -3.732841095E-01 1.185815622E-01 -3.732841093E-01 -9.277170865E-01 9.929443186E-01 -9.277170866E-01 
5.871366419E+00 -3.651364412E-01 1.066814795E-01 -3.651364410E-01 -9.309540257E-01 9.942932507E-01 -9.309540258E-01 
5.883348799E+00 -3.569335002E-01 9.476495577E-02 -3.569335001E-01 -9.341298063E-01 9.954996783E-01 -9.341298064E-01 
5.895331180E+00 -3.486754002E-01 8.283380334E-02 -3.486754001E-01 -9.372435563E-01 9.965633784E-01 -9.372435563E-01 
5.907313560E+00 -3.403622721E-01 7.088984299E-02 -3.403622719E-01 -9.402943912E-01 9.974841533E-01 -9.402943913E-01 
5.919295941E+00 -3.319942645E-01 5.893490369E-02 -3.319942644E-01 -9.432814144E-01 9.982618308E-01 -9.432814144E-01 
5.931278321E+00 -3.235715445E-01 4.697082240E-02 -3.235715443E-01 -9.462037169E-01 9.988962646E-01 -9.462037170E-01 
5.943260701E+00 -3.150942976E-01 3.499944333E-02 -3.150942975E-01 -9.490603785E-01 9.993873345E-01 -9.490603785E-01 
5.955243082E+00 -3.065627290E-01 2.302261816E-02 -3.065627288E-01 -9.518504669E-01 9.997349470E-01 -9.518504670E-01 
5.967225462E+00 -2.979770631E-01 1.104220502E-02 -2.979770630E-01 -9.545730397E-01 9.999390355E-01 -9.545730397E-01 
5.979207843E+00 -2.893375451E-01 -9.399313031E-04 -2.893375450E-01 -9.572271429E-01 9.999995607E-01 -9.572271429E-01 
5.991190223E+00 -2.806444404E-01 -1.292192021E-02 -2.806444403E-01 -9.598118128E-01 9.999165109E-01 -9.598118129E-01 
6.003172604E+00 -2.718980359E-01 -2.490188553E-02 -2.718980358E-01 -9.623260757E-01 9.996899022E-01 -9.623260757E-01 
6.015154984E+00 -2.630986400E-01 -3.687794588E-02 -2.630986399E-01 -9.647689482E-01 9.993197793E-01 -9.647689482E-01 
6.027137365E+00 -2.542465832E-01 -4.884821542E-02 -2.542465830E-01 -9.671394381E-01 9.988062154E-01 -9.671394381E-01 
6.039119745E+00 -2.453422185E-01 -6.081080382E-02 -2.453422184E-01 -9.694365443E-01 9.981493124E-01 -9.694365443E-01 
6.051102125E+00 -2.363859220E-01 -7.276381737E-02 -2.363859219E-01 -9.716592579E-01 9.973492018E-01 -9.716592580E-01 
6.063084506E+00 -2.273780932E-01 -8.470535882E-02 -2.273780931E-01 -9.738065621E-01 9.964060445E-01 -9.738065621E-01 
6.075066886E+00 -2.183191554E-01 -9.663352839E-02 -2.183191553E-01 -9.758774328E-01 9.953200311E-01 -9.758774329E-01 
6.087049267E+00 -2.092095563E-01 -1.085464241E-01 -2.092095561E-01 -9.778708397E-01 9.940913824E-01 -9.778708397E-01 
6.099031647E+00 -2.000497681E-01 -1.204421421E-01 -2.000497680E-01 -9.797857458E-01 9.927203499E-01 -9.797857458E-01 
6.111014028E+00 -1.908402884E-01 -1.323187777E-01 -1.908402882E-01 -9.816211090E-01 9.912072152E-01 -9.816211091E-01 
6.122996408E+00 -1.815816400E-01 -1.441744256E-01 -1.815816399E-01 -9.833758819E-01 9.895522913E-01 -9.833758820E-01 
6.134978789E+00 -1.722743716E-01 -1.560071806E-01 -1.722743715E-01 -9.850490130E-01 9.877559221E-01 -9.850490130E-01 
6.146961169E+00 -1.629190583E-01 -1.678151379E-01 -1.629190582E-01 -9.866394465E-01 9.858184829E-01 -9.866394466E-01 
6.158943549E+00 -1.535163015E-01 -1.795963943E-01 -1.535163014E-01 -9.881461239E-01 9.837403807E-01 -9.881461239E-01 
6.170925930E+00 -1.440667296E-01 -1.913490483E-01 -1.440667294E-01 -9.895679837E-01 9.815220542E-01 -9.895679837E-01 
6.182908310E+00 -1.345709982E-01 -2.030712009E-01 -1.345709980E-01 -9.909039627E-01 9.791639742E-01 -9.909039627E-01 
6.194890691E+00 -1.250297903E-01 -2.147609564E-01 -1.250297901E-01 -9.921529964E-01 9.766666434E-01 -9.921529965E-01 
6.206873071E+00 -1.154438169E-01 -2.264164228E-01 -1.154438167E-01 -9.933140197E-01 9.740305970E-01 -9.933140197E-01 
6.218855452E+00 -1.058138167E-01 -2.380357127E-01 -1.058138166E-01 -9.943859677E-01 9.712564026E-01 -9.943859677E-01 
6.230837832E+00 -9.614055716E-02 -2.496169440E-01 -9.614055701E-02 -9.953677761E-01 9.683446603E-01 -9.953677761E-01 
6.242820213E+00 -8.642483385E-02 -2.611582402E-01 -8.642483370E-02 -9.962583824E-01 9.652960029E-01 -9.962583824E-01 
6.254802593E+00 -7.666747125E-02 -2.726577316E-01 -7.666747110E-02 -9.970567262E-01 9.621110958E-01 -9.970567262E-01 
6.266784974E+00 -6.686932280E-02 -2.841135559E-01 -6.686932265E-02 -9.977617500E-01 9.587906374E-01 -9.977617500E-01 
6.278767354E+00 -5.703127080E-02 -2.955238588E-01 -5.703127065E-02 -9.983724006E-01 9.553353587E-01 -9.983724006E-01 
6.290749734E+00 -4.715422711E-02 -3.068867946E-01 -4.715422696E-02 -9.988876287E-01 9.517460238E-01 -9.988876287E-01 
6.302732115E+00 -3.723913252E-02 -3.182005275E-01 -3.723913237E-02 -9.993063909E-01 9.480234292E-01 -9.993063909E-01 
6.314714495E+00 -2.728695771E-02 -3.294632317E-01 -2.728695756E-02 -9.996276495E-01 9.441684048E-01 -9.996276495E-01 
6.326696876E+00 -1.729870251E-02 -3.406730926E-01 -1.729870236E-02 -9.998503740E-01 9.401818129E-01 -9.998503740E-01 
6.338679256E+00 -7.275396511E-03 -3.518283075E-01 -7.275396361E-03 -9.999735417E-01 9.360645485E-01 -9.999735417E-01 
6.350661637E+00 2.781901065E-03 -3.629270862E-01 2.781901214E-03 -9.999961381E-01 9.318175395E-01 -9.999961381E-01 
6.362644017E+00 1.287210165E-02 -3.739676519E-01 1.287210180E-02 -9.999171587E-01 9.274417457E-01 -9.999171587E-01 
6.374626398E+00 2.299408670E-02 -3.849482419E-01 2.299408685E-02 -9.997356085E-01 9.229381600E-01 -9.997356085E-01 
6.386608778E+00 3.314670868E-02 -3.958671087E-01 3.314670883E-02 -9.994505043E-01 9.183078067E-01 -9.994505043E-01 
6.398591158E+00 4.332879006E-02 -4.067225203E-01 4.332879021E-02 -9.990608743E-01 9.135517428E-01 -9.990608743E-01 
6.410573539E+00 5.353912444E-02 -4.175127614E-01 5.353912459E-02 -9.985657598E-01 9.086710566E-01 -9.985657598E-01 
6.422555919E+00 6.377647595E-02 -4.282361339E-01 6.377647610E-02 -9.979642155E-01 9.036668679E-01 -9.979642155E-01 
6.434538300E+00 7.403957972E-02 -4.388909579E-01 7.403957987E-02 -9.972553107E-01 8.985403281E-01 -9.972553107E-01 
6.446520680E+00 8.432714225E-02 -4.494755726E-01 8.432714239E-02 -9.964381300E-01 8.932926191E-01 -9.964381300E-01 
6.458503061E+00 9.463784099E-02 -4.599883364E-01 9.463784114E-02 -9.955117742E-01 8.879249540E-01 -9.955117742E-01 
6.470485441E+00 1.049703256E-01 -4.704276288E-01 1.049703257E-01 -9.944753613E-01 8.824385753E-01 -9.944753612E-01 
6.482467822E+00 1.153232170E-01 -4.807918500E-01 1.153232172E-01 -9.933280268E-01 8.768347562E-01 -9.933280268E-01 
6.494450202E+00 1.256951089E-01 -4.910794227E-01 1.256951090E-01 -9.920689253E-01 8.711147989E-01 -9.920689253E-01 
6.506432582E+00 1.360845671E-01 -5.012887920E-01 1.360845672E-01 -9.906972309E-01 8.652800349E-01 -9.906972308E-01 
6.518414963E+00 1.464901305E-01 -5.114184270E-01 1.464901306E-01 -9.892121380E-01 8.593318242E-01 -9.892121380E-01 
6.530397343E+00 1.569103114E-01 -5.214668206E-01 1.569103115E-01 -9.876128625E-01 8.532715547E-01 -9.876128625E-01 
6.542379724E+00 1.673435955E-01 -5.314324913E-01 1.673435956E-01 -9.858986423E-01 8.471006422E-01 -9.858986423E-01 
6.554362104E+00 1.777884431E-01 -5.413139829E-01 1.777884432E-01 -9.840687379E-01 8.408205291E-01 -9.840687379E-01 
6.566344485E+00 1.882432887E-01 -5.511098661E-01 1.882432889E-01 -9.821224340E-01 8.344326848E-01 -9.821224340E-01 
6.578326865E+00 1.987065424E-01 -5.608187384E-01 1.987065426E-01 -9.800590395E-01 8.279386041E-01 -9.800590394E-01 
6.590309246E+00 2.091765897E-01 -5.704392256E-01 2.091765899E-01 -9.778778885E-01 8.213398072E-01 -9.778778885E-01 
6.602291626E+00 2.196517923E-01 -5.799699819E-01 2.196517925E-01 -9.755783414E-01 8.146378391E-01 -9.755783414E-01 
6.614274006E+00 2.301304892E-01 -5.894096905E-01 2.301304893E-01 -9.731597853E-01 8.078342683E-01 -9.731597853E-01 
6.626256387E+00 2.406109962E-01 -5.987570649E-01 2.406109963E-01 -9.706216348E-01 8.009306869E-01 -9.706216348E-01 
6.638238767E+00 2.510916079E-01 -6.080108487E-01 2.510916080E-01 -9.679633327E-01 7.939287093E-01 -9.679633327E-01 
6.650221148E+00 2.615705970E-01 -6.171698169E-01 2.615705971E-01 -9.651843510E-01 7.868299717E-01 -9.651843510E-01 
6.662203528E+00 2.720462164E-01 -6.262327760E-01 2.720462166E-01 -9.622841911E-01 7.796361312E-01 -9.622841910E-01 
6.674185909E+00 2.825166988E-01 -6.351985647E-01 2.825166989E-01 -9.592623847E-01 7.723488654E-01 -9.592623847E-01 
6.686168289E+00 2.929802577E-01 -6.440660546E-01 2.929802578E-01 -9.561184948E-01 7.649698709E-01 -9.561184947E-01 
6.698150670E+00 3.034350887E-01 -6.528341505E-01 3.034350888E-01 -9.528521154E-01 7.575008631E-01 -9.528521154E-01 
6.710133050E+00 3.138793696E-01 -6.615017911E-01 3.138793697E-01 -9.494628734E-01 7.499435751E-01 -9.494628733E-01 
6.722115430E+00 3.243112619E-01 -6.700679490E-01 3.243112620E-01 -9.459504276E-01 7.422997566E-01 -9.459504275E-01 
6.734097811E+00 3.347289107E-01 -6.785316321E-01 3.347289108E-01 -9.423144708E-01 7.345711736E-01 -9.423144708E-01 
6.746080191E+00 3.451304467E-01 -6.868918826E-01 3.451304468E-01 -9.385547292E-01 7.267596067E-01 -9.385547292E-01 
6.758062572E+00 3.555139860E-01 -6.951477789E-01 3.555139862E-01 -9.346709636E-01 7.188668510E-01 -9.346709635E-01 
6.770044952E+00 3.658776318E-01 -7.032984348E-01 3.658776320E-01 -9.306629693E-01 7.108947147E-01 -9.306629693E-01 
6.782027333E+00 3.762194749E-01 -7.113430002E-01 3.762194751E-01 -9.265305770E-01 7.028450180E-01 -9.265305769E-01 
6.794009713E+00 3.865375944E-01 -7.192806619E-01 3.865375946E-01 -9.222736530E-01 6.947195928E-01 -9.222736530E-01 
6.805992094E+00 3.968300595E-01 -7.271106428E-01 3.968300596E-01 -9.178920995E-01 6.865202807E-01 -9.178920994E-01 
6.817974474E+00 4.070949292E-01 -7.348322035E-01 4.070949294E-01 -9.133858553E-01 6.782489332E-01 -9.133858553E-01 
6.829956854E+00 4.173302546E-01 -7.424446409E-01 4.173302548E-01 -9.087548955E-01 6.699074096E-01 -9.087548954E-01 
6.841939235E+00 4.275340787E-01 -7.499472900E-01 4.275340789E-01 -9.039992326E-01 6.614975768E-01 -9.039992325E-01 
6.853921615E+00 4.377044382E-01 -7.573395229E-01 4.377044383E-01 -8.991189160E-01 6.530213081E-01 -8.991189160E-01 
6.865903996E+00 4.478393640E-01 -7.646207491E-01 4.478393641E-01 -8.941140329E-01 6.444804819E-01 -8.941140328E-01 
6.877886376E+00 4.579368824E-01 -7.717904163E-01 4.579368826E-01 -8.889847080E-01 6.358769808E-01 -8.889847079E-01 
6.889868757E+00 4.679950163E-01 -7.788480092E-01 4.679950165E-01 -8.837311035E-01 6.272126909E-01 -8.837311035E-01 
6.901851137E+00 4.780117857E-01 -7.857930511E-01 4.780117858E-01 -8.783534203E-01 6.184895003E-01 -8.783534203E-01 
6.913833518E+00 4.879852091E-01 -7.926251019E-01 4.879852092E-01 -8.728518965E-01 6.097092985E-01 -8.728518965E-01 
6.925815898E+00 4.979133043E-01 -7.993437601E-01 4.979133044E-01 -8.672268091E-01 6.008739751E-01 -8.672268090E-01 
6.937798279E+00 5.077940897E-01 -8.059486613E-01 5.077940899E-01 -8.614784727E-01 5.919854187E-01 -8.614784726E-01 
6.949780659E+00 5.176255851E-01 -8.124394784E-01 5.176255852E-01 -8.556072402E-01 5.830455165E-01 -8.556072401E-01 
6.961763039E+00 5.274058126E-01 -8.188159222E-01 5.274058127E-01 -8.496135029E-01 5.740561523E-01 -8.496135028E-01 
6.973745420E+00 5.371327976E-01 -8.250777396E-01 5.371327978E-01 -8.434976896E-01 5.650192066E-01 -8.434976895E-01 
6.985727800E+00 5.468045704E-01 -8.312247155E-01 5.468045705E-01 -8.372602679E-01 5.559365545E-01 -8.372602678E-01 
6.997710181E+00 5.564191662E-01 -8.372566704E-01 5.564191664E-01 -8.309017421E-01 5.468100658E-01 -8.309017420E-01 
7.009692561E+00 5.659746270E-01 -8.431734619E-01 5.659746271E-01 -8.244226554E-01 5.376416031E-01 -8.244226553E-01 
7.021674942E+00 5.754690020E-01 -8.489749832E-01 5.754690021E-01 -8.178235876E-01 5.284330214E-01 -8.178235875E-01 
7.033657322E+00 5.849003487E-01 -8.546611634E-01 5.849003488E-01 -8.111051561E-01 5.191861669E-01 -8.111051560E-01 
7.045639703E+00 5.942667340E-01 -8.602319670E-01 5.942667341E-01 -8.042680154E-01 5.099028761E-01 -8.042680153E-01 
7.057622083E+00 6.035662351E-01 -8.656873932E-01 6.035662352E-01 -7.973128564E-01 5.005849753E-01 -7.973128563E-01 
7.069604463E+00 6.127969403E-01 -8.710274759E-01 6.127969404E-01 -7.902404069E-01 4.912342787E-01 -7.902404068E-01 
7.081586844E+00 6.219569499E-01 -8.762522828E-01 6.219569500E-01 -7.830514304E-01 4.818525886E-01 -7.830514303E-01 
7.093569224E+00 6.310443775E-01 -8.813619156E-01 6.310443776E-01 -7.757467263E-01 4.724416939E-01 -7.757467262E-01 
7.105551605E+00 6.400573502E-01 -8.863565087E-01 6.400573503E-01 -7.683271294E-01 4.630033693E-01 -7.683271293E-01 
7.117533985E+00 6.489940102E-01 -8.912362292E-01 6.489940103E-01 -7.607935091E-01 4.535393747E-01 -7.607935090E-01 
7.129516366E+00 6.578525150E-01 -8.960012761E-01 6.578525152E-01 -7.531467698E-01 4.440514543E-01 -7.531467697E-01 
7.141498746E+00 6.666310388E-01 -9.006518798E-01 6.666310389E-01 -7.453878494E-01 4.345413356E-01 -7.453878493E-01 
7.153481127E+00 6.753277729E-01 -9.051883017E-01 6.753277730E-01 -7.375177197E-01 4.250107289E-01 -7.375177196E-01 
7.165463507E+00 6.839409265E-01 -9.096108330E-01 6.839409266E-01 -7.295373852E-01 4.154613265E-01 -7.295373851E-01 
7.177445887E+00 6.925055006E-01 -9.139382226E-01 6.925055009E-01 -7.214125854E-01 4.058533065E-01 -7.214125854E-01 
