0.000000000E+00 5.842090125E-01 -8.126887511E-01 5.842090125E-01 8.116032485E-01 -5.826980260E-01 8.116032485E-01 
1.370233017E-02 5.731314219E-01 -8.096876397E-01 5.731314219E-01 8.194634655E-01 -5.868610748E-01 8.194634655E-01 
2.740466033E-02 5.619454408E-01 -8.066427222E-01 5.619454408E-01 8.271742992E-01 -5.910393496E-01 8.271742992E-01 
4.110699050E-02 5.506530283E-01 -8.035531132E-01 5.506530283E-01 8.347342354E-01 -5.952330530E-01 8.347342354E-01 
5.480932066E-02 5.392561685E-01 -8.004179179E-01 5.392561685E-01 8.421417856E-01 -5.994423654E-01 8.421417856E-01 
6.851165083E-02 5.277568691E-01 -7.972362317E-01 5.277568691E-01 8.493954850E-01 -6.036674444E-01 8.493954850E-01 
8.221398100E-02 5.161571609E-01 -7.940071402E-01 5.161571609E-01 8.564938927E-01 -6.079084256E-01 8.564938927E-01 
9.591631116E-02 5.044590980E-01 -7.907297198E-01 5.044590980E-01 8.634355919E-01 -6.121654213E-01 8.634355919E-01 
1.096186413E-01 4.926647572E-01 -7.874030375E-01 4.926647572E-01 8.702191908E-01 -6.164385205E-01 8.702191908E-01 
1.233209715E-01 4.807762382E-01 -7.840261512E-01 4.807762382E-01 8.768433222E-01 -6.207277885E-01 8.768433222E-01 
1.370233017E-01 4.687956635E-01 -7.805981100E-01 4.687956635E-01 8.833066449E-01 -6.250332663E-01 8.833066449E-01 
1.507256318E-01 4.567251780E-01 -7.771179543E-01 4.567251780E-01 8.896078433E-01 -6.293549702E-01 8.896078433E-01 
1.644279620E-01 4.445669492E-01 -7.735847160E-01 4.445669492E-01 8.957456284E-01 -6.336928915E-01 8.957456284E-01 
1.781302922E-01 4.323231671E-01 -7.699974188E-01 4.323231671E-01 9.017187378E-01 -6.380469959E-01 9.017187378E-01 
1.918326223E-01 4.199960438E-01 -7.663550782E-01 4.199960438E-01 9.075259368E-01 -6.424172228E-01 9.075259368E-01 
2.055349525E-01 4.075878136E-01 -7.626567024E-01 4.075878136E-01 9.131660183E-01 -6.468034853E-01 9.131660183E-01 
2.192372827E-01 3.951007329E-01 -7.589012917E-01 3.951007329E-01 9.186378032E-01 -6.512056695E-01 9.186378032E-01 
2.329396128E-01 3.825370796E-01 -7.550878397E-01 3.825370796E-01 9.239401416E-01 -6.556236337E-01 9.239401416E-01 
2.466419430E-01 3.698991537E-01 -7.512153327E-01 3.698991537E-01 9.290719126E-01 -6.600572087E-01 9.290719126E-01 
2.603442732E-01 3.571892764E-01 -7.472827509E-01 3.571892764E-01 9.340320248E-01 -6.645061965E-01 9.340320248E-01 
2.740466033E-01 3.444097905E-01 -7.432890682E-01 3.444097905E-01 9.388194176E-01 -6.689703703E-01 9.388194176E-01 
2.877489335E-01 3.315630599E-01 -7.392332528E-01 3.315630599E-01 9.434330606E-01 -6.734494735E-01 9.434330606E-01 
3.014512637E-01 3.186514697E-01 -7.351142674E-01 3.186514697E-01 9.478719552E-01 -6.779432199E-01 9.478719552E-01 
3.151535938E-01 3.056774256E-01 -7.309310700E-01 3.056774256E-01 9.521351343E-01 -6.824512926E-01 9.521351343E-01 
3.288559240E-01 2.926433543E-01 -7.266826139E-01 2.926433543E-01 9.562216635E-01 -6.869733436E-01 9.562216635E-01 
3.425582542E-01 2.795517027E-01 -7.223678483E-01 2.795517027E-01 9.601306411E-01 -6.915089935E-01 9.601306411E-01 
3.562605843E-01 2.664049380E-01 -7.179857192E-01 2.664049380E-01 9.638611993E-01 -6.960578307E-01 9.638611993E-01 
3.699629145E-01 2.532055475E-01 -7.135351692E-01 2.532055475E-01 9.674125042E-01 -7.006194111E-01 9.674125042E-01 
3.836652447E-01 2.399560383E-01 -7.090151386E-01 2.399560383E-01 9.707837568E-01 -7.051932576E-01 9.707837568E-01 
3.973675748E-01 2.266589370E-01 -7.044245656E-01 2.266589370E-01 9.739741932E-01 -7.097788592E-01 9.739741932E-01 
4.110699050E-01 2.133167896E-01 -6.997623873E-01 2.133167896E-01 9.769830859E-01 -7.143756709E-01 9.769830859E-01 
4.247722352E-01 1.999321609E-01 -6.950275400E-01 1.999321609E-01 9.798097438E-01 -7.189831131E-01 9.798097438E-01 
4.384745653E-01 1.865076346E-01 -6.902189597E-01 1.865076346E-01 9.824535131E-01 -7.236005709E-01 9.824535131E-01 
4.521768955E-01 1.730458128E-01 -6.853355835E-01 1.730458128E-01 9.849137779E-01 -7.282273937E-01 9.849137779E-01 
4.658792257E-01 1.595493157E-01 -6.803763493E-01 1.595493157E-01 9.871899610E-01 -7.328628948E-01 9.871899610E-01 
4.795815558E-01 1.460207812E-01 -6.753401974E-01 1.460207812E-01 9.892815245E-01 -7.375063507E-01 9.892815245E-01 
4.932838860E-01 1.324628648E-01 -6.702260709E-01 1.324628648E-01 9.911879705E-01 -7.421570008E-01 9.911879705E-01 
5.069862162E-01 1.188782388E-01 -6.650329164E-01 1.188782388E-01 9.929088417E-01 -7.468140467E-01 9.929088417E-01 
5.206885463E-01 1.052695923E-01 -6.597596849E-01 1.052695923E-01 9.944437221E-01 -7.514766522E-01 9.944437221E-01 
5.343908765E-01 9.163963047E-02 -6.544053331E-01 9.163963047E-02 9.957922383E-01 -7.561439420E-01 9.957922383E-01 
5.480932066E-01 7.799107447E-02 -6.489688234E-01 7.799107447E-02 9.969540591E-01 -7.608150022E-01 9.969540591E-01 
5.617955368E-01 6.432666051E-02 -6.434491258E-01 6.432666051E-02 9.979288976E-01 -7.654888792E-01 9.979288976E-01 
5.754978670E-01 5.064913995E-02 -6.378452182E-01 5.064913995E-02 9.987165106E-01 -7.701645796E-01 9.987165106E-01 
5.892001971E-01 3.696127809E-02 -6.321560876E-01 3.696127809E-02 9.993167005E-01 -7.748410698E-01 9.993167005E-01 
6.029025273E-01 2.326585437E-02 -6.263807312E-01 2.326585437E-02 9.997293154E-01 -7.795172752E-01 9.997293154E-01 
6.166048575E-01 9.565661073E-03 -6.205181576E-01 9.565661073E-03 9.999542501E-01 -7.841920807E-01 9.999542501E-01 
6.303071876E-01 -4.136496592E-03 -6.145673872E-01 -4.136496592E-03 9.999914468E-01 -7.888643295E-01 9.999914468E-01 
6.440095178E-01 -1.783780171E-02 -6.085274543E-01 -1.783780171E-02 9.998408959E-01 -7.935328233E-01 9.998408959E-01 
6.577118480E-01 -3.153542589E-02 -6.023974077E-01 -3.153542589E-02 9.995026369E-01 -7.981963217E-01 9.995026369E-01 
6.714141781E-01 -4.522653020E-02 -5.961763118E-01 -4.522653020E-02 9.989767592E-01 -8.028535423E-01 9.989767592E-01 
6.851165083E-01 -5.890826584E-02 -5.898632482E-01 -5.890826584E-02 9.982634024E-01 -8.075031604E-01 9.982634024E-01 
6.988188385E-01 -7.257777477E-02 -5.834573169E-01 -7.257777477E-02 9.973627580E-01 -8.121438084E-01 9.973627580E-01 
7.125211686E-01 -8.623219084E-02 -5.769576372E-01 -8.623219084E-02 9.962750693E-01 -8.167740762E-01 9.962750693E-01 
7.262234988E-01 -9.986864012E-02 -5.703633496E-01 -9.986864012E-02 9.950006328E-01 -8.213925106E-01 9.950006328E-01 
7.399258290E-01 -1.134842424E-01 -5.636736166E-01 -1.134842424E-01 9.935397985E-01 -8.259976160E-01 9.935397985E-01 
7.536281591E-01 -1.270761114E-01 -5.568876246E-01 -1.270761114E-01 9.918929713E-01 -8.305878530E-01 9.918929713E-01 
7.673304893E-01 -1.406413565E-01 -5.500045850E-01 -1.406413565E-01 9.900606110E-01 -8.351616401E-01 9.900606110E-01 
7.810328195E-01 -1.541770827E-01 -5.430237355E-01 -1.541770827E-01 9.880432337E-01 -8.397173522E-01 9.880432337E-01 
7.947351496E-01 -1.676803931E-01 -5.359443423E-01 -1.676803931E-01 9.858414123E-01 -8.442533220E-01 9.858414123E-01 
8.084374798E-01 -1.811483884E-01 -5.287657004E-01 -1.811483884E-01 9.834557773E-01 -8.487678388E-01 9.834557773E-01 
8.221398100E-01 -1.945781692E-01 -5.214871363E-01 -1.945781692E-01 9.808870171E-01 -8.532591503E-01 9.808870171E-01 
8.358421401E-01 -2.079668365E-01 -5.141080089E-01 -2.079668365E-01 9.781358797E-01 -8.577254610E-01 9.781358797E-01 
8.495444703E-01 -2.213114933E-01 -5.066277111E-01 -2.213114933E-01 9.752031722E-01 -8.621649345E-01 9.752031722E-01 
8.632468005E-01 -2.346092455E-01 -4.990456715E-01 -2.346092455E-01 9.720897623E-01 -8.665756922E-01 9.720897623E-01 
8.769491306E-01 -2.478572035E-01 -4.913613561E-01 -2.478572035E-01 9.687965785E-01 -8.709558145E-01 9.687965785E-01 
8.906514608E-01 -2.610524832E-01 -4.835742694E-01 -2.610524832E-01 9.653246111E-01 -8.753033415E-01 9.653246111E-01 
9.043537910E-01 -2.741922079E-01 -4.756839568E-01 -2.741922079E-01 9.616749121E-01 -8.796162729E-01 9.616749121E-01 
9.180561211E-01 -2.872735093E-01 -4.676900056E-01 -2.872735093E-01 9.578485967E-01 -8.838925691E-01 9.578485967E-01 
9.317584513E-01 -3.002935287E-01 -4.595920467E-01 -3.002935287E-01 9.538468429E-01 -8.881301514E-01 9.538468429E-01 
9.454607815E-01 -3.132494194E-01 -4.513897566E-01 -3.132494194E-01 9.496708926E-01 -8.923269037E-01 9.496708926E-01 
9.591631116E-01 -3.261383475E-01 -4.430828585E-01 -3.261383475E-01 9.453220515E-01 -8.964806723E-01 9.453220515E-01 
9.728654418E-01 -3.389574939E-01 -4.346711246E-01 -3.389574939E-01 9.408016900E-01 -9.005892674E-01 9.408016900E-01 
9.865677720E-01 -3.517040556E-01 -4.261543770E-01 -3.517040556E-01 9.361112432E-01 -9.046504640E-01 9.361112432E-01 
1.000270102E+00 -3.643752477E-01 -4.175324899E-01 -3.643752477E-01 9.312522113E-01 -9.086620026E-01 9.312522113E-01 
1.013972432E+00 -3.769683049E-01 -4.088053907E-01 -3.769683049E-01 9.262261597E-01 -9.126215906E-01 9.262261597E-01 
1.027674762E+00 -3.894804833E-01 -3.999730620E-01 -3.894804833E-01 9.210347197E-01 -9.165269035E-01 9.210347197E-01 
1.041377093E+00 -4.019090623E-01 -3.910355428E-01 -4.019090623E-01 9.156795875E-01 -9.203755861E-01 9.156795875E-01 
1.055079423E+00 -4.142513462E-01 -3.819929306E-01 -4.142513462E-01 9.101625257E-01 -9.241652538E-01 9.101625257E-01 
1.068781753E+00 -4.265046665E-01 -3.728453819E-01 -4.265046665E-01 9.044853621E-01 -9.278934942E-01 9.044853621E-01 
1.082484083E+00 -4.386663833E-01 -3.635931150E-01 -4.386663833E-01 8.986499901E-01 -9.315578684E-01 8.986499901E-01 
1.096186413E+00 -4.507338873E-01 -3.542364102E-01 -4.507338873E-01 8.926583687E-01 -9.351559127E-01 8.926583687E-01 
1.109888743E+00 -4.627046022E-01 -3.447756118E-01 -4.627046022E-01 8.865125217E-01 -9.386851404E-01 8.865125217E-01 
1.123591074E+00 -4.745759859E-01 -3.352111297E-01 -4.745759859E-01 8.802145382E-01 -9.421430432E-01 8.802145382E-01 
1.137293404E+00 -4.863455332E-01 -3.255434400E-01 -4.863455332E-01 8.737665716E-01 -9.455270933E-01 8.737665716E-01 
1.150995734E+00 -4.980107774E-01 -3.157730867E-01 -4.980107774E-01 8.671708393E-01 -9.488347449E-01 8.671708393E-01 
1.164698064E+00 -5.095692924E-01 -3.059006828E-01 -5.095692924E-01 8.604296222E-01 -9.520634368E-01 8.604296222E-01 
1.178400394E+00 -5.210186948E-01 -2.959269115E-01 -5.210186948E-01 8.535452641E-01 -9.552105938E-01 8.535452641E-01 
1.192102724E+00 -5.323566456E-01 -2.858525270E-01 -5.323566456E-01 8.465201708E-01 -9.582736291E-01 8.465201708E-01 
1.205805055E+00 -5.435808529E-01 -2.756783557E-01 -5.435808529E-01 8.393568095E-01 -9.612499465E-01 8.393568095E-01 
1.219507385E+00 -5.546890731E-01 -2.654052970E-01 -5.546890731E-01 8.320577078E-01 -9.641369424E-01 8.320577078E-01 
1.233209715E+00 -5.656791135E-01 -2.550343242E-01 -5.656791135E-01 8.246254526E-01 -9.669320084E-01 8.246254526E-01 
1.246912045E+00 -5.765488341E-01 -2.445664852E-01 -5.765488341E-01 8.170626891E-01 -9.696325333E-01 8.170626891E-01 
1.260614375E+00 -5.872961497E-01 -2.340029032E-01 -5.872961497E-01 8.093721197E-01 -9.722359058E-01 8.093721197E-01 
1.274316705E+00 -5.979190315E-01 -2.233447771E-01 -5.979190315E-01 8.015565025E-01 -9.747395168E-01 8.015565025E-01 
1.288019036E+00 -6.084155098E-01 -2.125933822E-01 -6.084155098E-01 7.936186503E-01 -9.771407621E-01 7.936186503E-01 
1.301721366E+00 -6.187836748E-01 -2.017500702E-01 -6.187836748E-01 7.855614284E-01 -9.794370445E-01 7.855614284E-01 
1.315423696E+00 -6.290216797E-01 -1.908162700E-01 -6.290216797E-01 7.773877540E-01 -9.816257769E-01 7.773877540E-01 
1.329126026E+00 -6.391277416E-01 -1.797934872E-01 -6.391277416E-01 7.691005935E-01 -9.837043848E-01 7.691005935E-01 
1.342828356E+00 -6.491001438E-01 -1.686833051E-01 -6.491001438E-01 7.607029617E-01 -9.856703086E-01 7.607029617E-01 
1.356530686E+00 -6.589372372E-01 -1.574873832E-01 -6.589372372E-01 7.521979190E-01 -9.875210066E-01 7.521979190E-01 
1.370233017E+00 -6.686374423E-01 -1.462074587E-01 -6.686374423E-01 7.435885705E-01 -9.892539579E-01 7.435885705E-01 
1.383935347E+00 -6.781992507E-01 -1.348453448E-01 -6.781992507E-01 7.348780628E-01 -9.908666646E-01 7.348780628E-01 
1.397637677E+00 -6.876212265E-01 -1.234029311E-01 -6.876212265E-01 7.260695829E-01 -9.923566548E-01 7.260695829E-01 
1.411340007E+00 -6.969020081E-01 -1.118821830E-01 -6.969020081E-01 7.171663552E-01 -9.937214855E-01 7.171663552E-01 
1.425042337E+00 -7.060403092E-01 -1.002851404E-01 -7.060403092E-01 7.081716395E-01 -9.949587448E-01 7.081716395E-01 
1.438744667E+00 -7.150349208E-01 -8.861391815E-02 -7.150349208E-01 6.990887289E-01 -9.960660553E-01 6.990887289E-01 
1.452446998E+00 -7.238847114E-01 -7.687070382E-02 -7.238847114E-01 6.899209467E-01 -9.970410762E-01 6.899209467E-01 
1.466149328E+00 -7.325886294E-01 -6.505775793E-02 -7.325886294E-01 6.806716446E-01 -9.978815062E-01 6.806716446E-01 
1.479851658E+00 -7.411457030E-01 -5.317741174E-02 -7.411457030E-01 6.713441994E-01 -9.985850864E-01 6.713441994E-01 
1.493553988E+00 -7.495550421E-01 -4.123206694E-02 -7.495550421E-01 6.619420106E-01 -9.991496025E-01 6.619420106E-01 
1.507256318E+00 -7.578158386E-01 -2.922419366E-02 -7.578158386E-01 6.524684980E-01 -9.995728876E-01 6.524684980E-01 
1.520958648E+00 -7.659273672E-01 -1.715632926E-02 -7.659273672E-01 6.429270983E-01 -9.998528247E-01 6.429270983E-01 
1.534660979E+00 -7.738889865E-01 -5.031076940E-03 -7.738889865E-01 6.333212627E-01 -9.999873492E-01 6.333212627E-01 
1.548363309E+00 -7.817001388E-01 7.148896560E-03 -7.817001388E-01 6.236544537E-01 -9.999744512E-01 6.236544537E-01 
1.562065639E+00 -7.893603513E-01 1.938086183E-02 -7.893603513E-01 6.139301427E-01 -9.998121781E-01 6.139301427E-01 
1.575767969E+00 -7.968692357E-01 3.166202973E-02 -7.968692357E-01 6.041518062E-01 -9.994986366E-01 6.041518062E-01 
1.589470299E+00 -8.042264891E-01 4.398955241E-02 -8.042264891E-01 5.943229237E-01 -9.990319953E-01 5.943229237E-01 
1.603172629E+00 -8.114318933E-01 5.636052622E-02 -8.114318933E-01 5.844469740E-01 -9.984104861E-01 5.844469740E-01 
1.616874960E+00 -8.184853155E-01 6.877199332E-02 -8.184853155E-01 5.745274327E-01 -9.976324073E-01 5.745274327E-01 
1.630577290E+00 -8.253867075E-01 8.122094422E-02 -8.253867075E-01 5.645677686E-01 -9.966961246E-01 5.645677686E-01 
1.644279620E+00 -8.321361058E-01 9.370432026E-02 -8.321361058E-01 5.545714412E-01 -9.956000734E-01 5.545714412E-01 
1.657981950E+00 -8.387336310E-01 1.062190155E-01 -8.387336310E-01 5.445418973E-01 -9.943427609E-01 5.445418973E-01 
1.671684280E+00 -8.451794871E-01 1.187618802E-01 -8.451794871E-01 5.344825683E-01 -9.929227666E-01 5.344825683E-01 
1.685386610E+00 -8.514739615E-01 1.313297220E-01 -8.514739615E-01 5.243968668E-01 -9.913387454E-01 5.243968668E-01 
1.699088941E+00 -8.576174232E-01 1.439193101E-01 -8.576174232E-01 5.142881840E-01 -9.895894277E-01 5.142881840E-01 
1.712791271E+00 -8.636103227E-01 1.565273768E-01 -8.636103227E-01 5.041598865E-01 -9.876736216E-01 5.041598865E-01 
1.726493601E+00 -8.694531906E-01 1.691506207E-01 -8.694531906E-01 4.940153134E-01 -9.855902137E-01 4.940153134E-01 
1.740195931E+00 -8.751466365E-01 1.817857095E-01 -8.751466365E-01 4.838577736E-01 -9.833381702E-01 4.838577736E-01 
1.753898261E+00 -8.806913478E-01 1.944292826E-01 -8.806913478E-01 4.736905428E-01 -9.809165380E-01 4.736905428E-01 
1.767600591E+00 -8.860880881E-01 2.070779542E-01 -8.860880881E-01 4.635168610E-01 -9.783244454E-01 4.635168610E-01 
1.781302922E+00 -8.913376964E-01 2.197283158E-01 -8.913376964E-01 4.533399292E-01 -9.755611033E-01 4.533399292E-01 
1.795005252E+00 -8.964410843E-01 2.323769396E-01 -8.964410843E-01 4.431629076E-01 -9.726258048E-01 4.431629076E-01 
1.808707582E+00 -9.013992358E-01 2.450203808E-01 -9.013992358E-01 4.329889123E-01 -9.695179269E-01 4.329889123E-01 
1.822409912E+00 -9.062132040E-01 2.576551811E-01 -9.062132040E-01 4.228210134E-01 -9.662369298E-01 4.228210134E-01 
1.836112242E+00 -9.108841105E-01 2.702778709E-01 -9.108841105E-01 4.126622323E-01 -9.627823578E-01 4.126622323E-01 
1.849814572E+00 -9.154131427E-01 2.828849728E-01 -9.154131427E-01 4.025155390E-01 -9.591538394E-01 4.025155390E-01 
1.863516903E+00 -9.198015517E-01 2.954730040E-01 -9.198015517E-01 3.923838510E-01 -9.553510865E-01 3.923838510E-01 
1.877219233E+00 -9.240506510E-01 3.080384794E-01 -9.240506510E-01 3.822700298E-01 -9.513738956E-01 3.822700298E-01 
1.890921563E+00 -9.281618132E-01 3.205779143E-01 -9.281618132E-01 3.721768801E-01 -9.472221461E-01 3.721768801E-01 
1.904623893E+00 -9.321364686E-01 3.330878272E-01 -9.321364686E-01 3.621071468E-01 -9.428958012E-01 3.621071468E-01 
1.918326223E+00 -9.359761023E-01 3.455647423E-01 -9.359761023E-01 3.520635144E-01 -9.383949066E-01 3.520635144E-01 
1.932028553E+00 -9.396822523E-01 3.580051925E-01 -9.396822523E-01 3.420486040E-01 -9.337195904E-01 3.420486040E-01 
1.945730884E+00 -9.432565065E-01 3.704057219E-01 -9.432565065E-01 3.320649725E-01 -9.288700619E-01 3.320649725E-01 
1.959433214E+00 -9.467005010E-01 3.827628882E-01 -9.467005010E-01 3.221151113E-01 -9.238466114E-01 3.221151113E-01 
1.973135544E+00 -9.500159169E-01 3.950732656E-01 -9.500159169E-01 3.122014439E-01 -9.186496091E-01 3.122014439E-01 
1.986837874E+00 -9.532044781E-01 4.073334465E-01 -9.532044781E-01 3.023263261E-01 -9.132795038E-01 3.023263261E-01 
2.000540204E+00 -9.562679486E-01 4.195400449E-01 -9.562679486E-01 2.924920435E-01 -9.077368226E-01 2.924920435E-01 
2.014242534E+00 -9.592081301E-01 4.316896977E-01 -9.592081301E-01 2.827008113E-01 -9.020221686E-01 2.827008113E-01 
2.027944865E+00 -9.620268592E-01 4.437790675E-01 -9.620268592E-01 2.729547732E-01 -8.961362210E-01 2.729547732E-01 
2.041647195E+00 -9.647260051E-01 4.558048444E-01 -9.647260051E-01 2.632560005E-01 -8.900797327E-01 2.632560005E-01 
2.055349525E+00 -9.673074665E-01 4.677637485E-01 -9.673074665E-01 2.536064917E-01 -8.838535297E-01 2.536064917E-01 
2.069051855E+00 -9.697731694E-01 4.796525314E-01 -9.697731694E-01 2.440081714E-01 -8.774585091E-01 2.440081714E-01 
2.082754185E+00 -9.721250647E-01 4.914679780E-01 -9.721250647E-01 2.344628908E-01 -8.708956379E-01 2.344628908E-01 
2.096456515E+00 -9.743651249E-01 5.032069092E-01 -9.743651249E-01 2.249724262E-01 -8.641659515E-01 2.249724262E-01 
2.110158846E+00 -9.764953423E-01 5.148661821E-01 -9.764953423E-01 2.155384799E-01 -8.572705520E-01 2.155384799E-01 
2.123861176E+00 -9.785177261E-01 5.264426930E-01 -9.785177261E-01 2.061626789E-01 -8.502106066E-01 2.061626789E-01 
2.137563506E+00 -9.804343000E-01 5.379333783E-01 -9.804343000E-01 1.968465764E-01 -8.429873456E-01 1.968465764E-01 
2.151265836E+00 -9.822470995E-01 5.493352156E-01 -9.822470995E-01 1.875916504E-01 -8.356020614E-01 1.875916504E-01 
2.164968166E+00 -9.839581701E-01 5.606452258E-01 -9.839581701E-01 1.783993047E-01 -8.280561060E-01 1.783993047E-01 
2.178670496E+00 -9.855695643E-01 5.718604736E-01 -9.855695643E-01 1.692708693E-01 -8.203508898E-01 1.692708693E-01 
2.192372827E+00 -9.870833393E-01 5.829780692E-01 -9.870833393E-01 1.602076001E-01 -8.124878795E-01 1.602076001E-01 
2.206075157E+00 -9.885015553E-01 5.939951690E-01 -9.885015553E-01 1.512106802E-01 -8.044685964E-01 1.512106802E-01 
2.219777487E+00 -9.898262725E-01 6.049089767E-01 -9.898262725E-01 1.422812196E-01 -7.962946146E-01 1.422812196E-01 
2.233479817E+00 -9.910595497E-01 6.157167441E-01 -9.910595497E-01 1.334202569E-01 -7.879675591E-01 1.334202569E-01 
2.247182147E+00 -9.922034413E-01 6.264157721E-01 -9.922034413E-01 1.246287588E-01 -7.794891043E-01 1.246287588E-01 
2.260884477E+00 -9.932599964E-01 6.370034110E-01 -9.932599964E-01 1.159076219E-01 -7.708609716E-01 1.159076219E-01 
2.274586808E+00 -9.942312555E-01 6.474770615E-01 -9.942312555E-01 1.072576730E-01 -7.620849284E-01 1.072576730E-01 
2.288289138E+00 -9.951192497E-01 6.578341752E-01 -9.951192497E-01 9.867967031E-02 -7.531627854E-01 9.867967031E-02 
2.301991468E+00 -9.959259982E-01 6.680722546E-01 -9.959259982E-01 9.017430429E-02 -7.440963956E-01 9.017430429E-02 
2.315693798E+00 -9.966535068E-01 6.781888544E-01 -9.966535068E-01 8.174219865E-02 -7.348876521E-01 8.174219865E-02 
2.329396128E+00 -9.973037661E-01 6.881815806E-01 -9.973037661E-01 7.338391178E-02 -7.255384867E-01 7.338391178E-02 
2.343098458E+00 -9.978787496E-01 6.980480919E-01 -9.978787496E-01 6.509993746E-02 -7.160508676E-01 6.509993746E-02 
2.356800789E+00 -9.983804129E-01 7.077860991E-01 -9.983804129E-01 5.689070648E-02 -7.064267985E-01 5.689070648E-02 
2.370503119E+00 -9.988106913E-01 7.173933656E-01 -9.988106913E-01 4.875658756E-02 -6.966683164E-01 4.875658756E-02 
2.384205449E+00 -9.991714989E-01 7.268677072E-01 -9.991714989E-01 4.069788882E-02 -6.867774898E-01 4.069788882E-02 
2.397907779E+00 -9.994647272E-01 7.362069920E-01 -9.994647272E-01 3.271485911E-02 -6.767564180E-01 3.271485911E-02 
2.411610109E+00 -9.996922436E-01 7.454091411E-01 -9.996922436E-01 2.480768915E-02 -6.666072285E-01 2.480768915E-02 
2.425312439E+00 -9.998558906E-01 7.544721273E-01 -9.998558906E-01 1.697651322E-02 -6.563320761E-01 1.697651322E-02 
2.439014770E+00 -9.999574840E-01 7.633939758E-01 -9.999574840E-01 9.221410244E-03 -6.459331412E-01 9.221410244E-03 
2.452717100E+00 -9.999988129E-01 7.721727636E-01 -9.999988129E-01 1.542405477E-03 -6.354126286E-01 1.542405477E-03 
2.466419430E+00 -9.999816374E-01 7.808066194E-01 -9.999816374E-01 -6.060528261E-03 -6.247727657E-01 -6.060528261E-03 
2.480121760E+00 -9.999076888E-01 7.892937233E-01 -9.999076888E-01 -1.358746901E-02 -6.140158015E-01 -1.358746901E-02 
2.493824090E+00 -9.997786683E-01 7.976323060E-01 -9.997786683E-01 -2.103854425E-02 -6.031440050E-01 -2.103854425E-02 
2.507526420E+00 -9.995962459E-01 8.058206493E-01 -9.995962459E-01 -2.841392949E-02 -5.921596642E-01 -2.841392949E-02 
2.521228751E+00 -9.993620604E-01 8.138570848E-01 -9.993620604E-01 -3.571384668E-02 -5.810650846E-01 -3.571384668E-02 
2.534931081E+00 -9.990777180E-01 8.217399941E-01 -9.990777180E-01 -4.293856286E-02 -5.698625882E-01 -4.293856286E-02 
2.548633411E+00 -9.987447925E-01 8.294678080E-01 -9.987447925E-01 -5.008838863E-02 -5.585545123E-01 -5.008838863E-02 
2.562335741E+00 -9.983648238E-01 8.370390059E-01 -9.983648238E-01 -5.716367668E-02 -5.471432085E-01 -5.716367668E-02 
2.576038071E+00 -9.979393185E-01 8.444521158E-01 -9.979393185E-01 -6.416482034E-02 -5.356310413E-01 -6.416482034E-02 
2.589740401E+00 -9.974697487E-01 8.517057134E-01 -9.974697487E-01 -7.109225217E-02 -5.240203875E-01 -7.109225217E-02 
2.603442732E+00 -9.969575518E-01 8.587984213E-01 -9.969575518E-01 -7.794644243E-02 -5.123136350E-01 -7.794644243E-02 
2.617145062E+00 -9.964041306E-01 8.657289091E-01 -9.964041306E-01 -8.472789776E-02 -5.005131819E-01 -8.472789776E-02 
2.630847392E+00 -9.958108525E-01 8.724958925E-01 -9.958108525E-01 -9.143715964E-02 -4.886214356E-01 -9.143715964E-02 
2.644549722E+00 -9.951790499E-01 8.790981324E-01 -9.951790499E-01 -9.807480315E-02 -4.766408121E-01 -9.807480315E-02 
2.658252052E+00 -9.945100193E-01 8.855344349E-01 -9.945100193E-01 -1.046414354E-01 -4.645737349E-01 -1.046414354E-01 
2.671954382E+00 -9.938050219E-01 8.918036503E-01 -9.938050219E-01 -1.111376944E-01 -4.524226344E-01 -1.111376944E-01 
2.685656713E+00 -9.930652830E-01 8.979046727E-01 -9.930652830E-01 -1.175642475E-01 -4.401899474E-01 -1.175642475E-01 
2.699359043E+00 -9.922919926E-01 9.038364395E-01 -9.922919926E-01 -1.239217902E-01 -4.278781159E-01 -1.239217902E-01 
2.713061373E+00 -9.914863048E-01 9.095979304E-01 -9.914863048E-01 -1.302110447E-01 -4.154895869E-01 -1.302110447E-01 
2.726763703E+00 -9.906493381E-01 9.151881672E-01 -9.906493381E-01 -1.364327590E-01 -4.030268114E-01 -1.364327590E-01 
2.740466033E+00 -9.897821756E-01 9.206062132E-01 -9.897821756E-01 -1.425877052E-01 -3.904922441E-01 -1.425877052E-01 
2.754168363E+00 -9.888858651E-01 9.258511723E-01 -9.888858651E-01 -1.486766784E-01 -3.778883427E-01 -1.486766784E-01 
2.767870694E+00 -9.879614191E-01 9.309221888E-01 -9.879614191E-01 -1.547004957E-01 -3.652175673E-01 -1.547004957E-01 
2.781573024E+00 -9.870098151E-01 9.358184466E-01 -9.870098151E-01 -1.606599950E-01 -3.524823803E-01 -1.606599950E-01 
2.795275354E+00 -9.860319958E-01 9.405391688E-01 -9.860319958E-01 -1.665560336E-01 -3.396852452E-01 -1.665560336E-01 
2.808977684E+00 -9.850288696E-01 9.450836169E-01 -9.850288696E-01 -1.723894870E-01 -3.268286268E-01 -1.723894870E-01 
2.822680014E+00 -9.840013103E-01 9.494510905E-01 -9.840013103E-01 -1.781612487E-01 -3.139149906E-01 -1.781612487E-01 
2.836382344E+00 -9.829501580E-01 9.536409267E-01 -9.829501580E-01 -1.838722277E-01 -3.009468022E-01 -1.838722277E-01 
2.850084675E+00 -9.818762191E-01 9.576524997E-01 -9.818762191E-01 -1.895233488E-01 -2.879265273E-01 -1.895233488E-01 
2.863787005E+00 -9.807802665E-01 9.614852198E-01 -9.807802665E-01 -1.951155508E-01 -2.748566310E-01 -1.951155508E-01 
2.877489335E+00 -9.796630404E-01 9.651385338E-01 -9.796630404E-01 -2.006497858E-01 -2.617395776E-01 -2.006497858E-01 
2.891191665E+00 -9.785252482E-01 9.686119236E-01 -9.785252482E-01 -2.061270183E-01 -2.485778303E-01 -2.061270183E-01 
2.904893995E+00 -9.773675655E-01 9.719049062E-01 -9.773675655E-01 -2.115482239E-01 -2.353738511E-01 -2.115482239E-01 
2.918596325E+00 -9.761906355E-01 9.750170334E-01 -9.761906355E-01 -2.169143888E-01 -2.221301000E-01 -2.169143888E-01 
2.932298656E+00 -9.749950705E-01 9.779478910E-01 -9.749950705E-01 -2.222265090E-01 -2.088490354E-01 -2.222265090E-01 
2.946000986E+00 -9.737814517E-01 9.806970984E-01 -9.737814517E-01 -2.274855890E-01 -1.955331134E-01 -2.274855890E-01 
2.959703316E+00 -9.725503295E-01 9.832643087E-01 -9.725503295E-01 -2.326926413E-01 -1.821847877E-01 -2.326926413E-01 
2.973405646E+00 -9.713022246E-01 9.856492075E-01 -9.713022246E-01 -2.378486855E-01 -1.688065094E-01 -2.378486855E-01 
2.987107976E+00 -9.700376277E-01 9.878515133E-01 -9.700376277E-01 -2.429547477E-01 -1.554007267E-01 -2.429547477E-01 
3.000810306E+00 -9.687570006E-01 9.898709765E-01 -9.687570006E-01 -2.480118593E-01 -1.419698850E-01 -2.480118593E-01 
3.014512637E+00 -9.674607760E-01 9.917073797E-01 -9.674607760E-01 -2.530210571E-01 -1.285164263E-01 -2.530210571E-01 
3.028214967E+00 -9.661493586E-01 9.933605365E-01 -9.661493586E-01 -2.579833816E-01 -1.150427893E-01 -2.579833816E-01 
3.041917297E+00 -9.648231251E-01 9.948302923E-01 -9.648231251E-01 -2.628998772E-01 -1.015514092E-01 -2.628998772E-01 
3.055619627E+00 -9.634824248E-01 9.961165229E-01 -9.634824248E-01 -2.677715911E-01 -8.804471739E-02 -2.677715911E-01 
3.069321957E+00 -9.621275803E-01 9.972191349E-01 -9.621275803E-01 -2.725995725E-01 -7.452514146E-02 -2.725995725E-01 
3.083024287E+00 -9.607588875E-01 9.981380651E-01 -9.607588875E-01 -2.773848727E-01 -6.099510496E-02 -2.773848727E-01 
3.096726618E+00 -9.593766164E-01 9.988732806E-01 -9.593766164E-01 -2.821285437E-01 -4.745702731E-02 -2.821285437E-01 
3.110428948E+00 -9.579810115E-01 9.994247779E-01 -9.579810115E-01 -2.868316383E-01 -3.391332357E-02 -2.868316383E-01 
3.124131278E+00 -9.565722922E-01 9.997925835E-01 -9.565722922E-01 -2.914952089E-01 -2.036640439E-02 -2.914952089E-01 
3.137833608E+00 -9.551506531E-01 9.999767528E-01 -9.551506531E-01 -2.961203077E-01 -6.818675802E-03 -2.961203077E-01 
3.151535938E+00 -9.537162649E-01 9.999773708E-01 -9.537162649E-01 -3.007079857E-01 6.727460873E-03 -3.007079857E-01 
3.165238268E+00 -9.522692744E-01 9.997945508E-01 -9.522692744E-01 -3.052592923E-01 2.026960920E-02 -3.052592923E-01 
3.178940599E+00 -9.508098050E-01 9.994284354E-01 -9.508098050E-01 -3.097752750E-01 3.380537771E-02 -3.097752750E-01 
3.192642929E+00 -9.493379575E-01 9.988791954E-01 -9.493379575E-01 -3.142569786E-01 4.733238009E-02 -3.142569786E-01 
3.206345259E+00 -9.478538099E-01 9.981470301E-01 -9.478538099E-01 -3.187054454E-01 6.084823530E-02 -3.187054454E-01 
3.220047589E+00 -9.463574186E-01 9.972321668E-01 -9.463574186E-01 -3.231217138E-01 7.435056772E-02 -3.231217138E-01 
3.233749919E+00 -9.448488180E-01 9.961348612E-01 -9.448488180E-01 -3.275068192E-01 8.783700726E-02 -3.275068192E-01 
3.247452249E+00 -9.433280215E-01 9.948553967E-01 -9.433280215E-01 -3.318617922E-01 1.013051895E-01 -3.318617922E-01 
3.261154580E+00 -9.417950216E-01 9.933940843E-01 -9.417950216E-01 -3.361876593E-01 1.147527560E-01 -3.361876593E-01 
3.274856910E+00 -9.402497905E-01 9.917512631E-01 -9.402497905E-01 -3.404854420E-01 1.281773540E-01 -3.404854420E-01 
3.288559240E+00 -9.386922802E-01 9.899272992E-01 -9.386922802E-01 -3.447561568E-01 1.415766372E-01 -3.447561568E-01 
3.302261570E+00 -9.371224231E-01 9.879225866E-01 -9.371224231E-01 -3.490008142E-01 1.549482652E-01 -3.490008142E-01 
3.315963900E+00 -9.355401324E-01 9.857375463E-01 -9.355401324E-01 -3.532204194E-01 1.682899045E-01 -3.532204194E-01 
3.329666230E+00 -9.339453022E-01 9.833726266E-01 -9.339453022E-01 -3.574159710E-01 1.815992278E-01 -3.574159710E-01 
3.343368561E+00 -9.323378081E-01 9.808283028E-01 -9.323378081E-01 -3.615884612E-01 1.948739146E-01 -3.615884612E-01 
3.357070891E+00 -9.307175072E-01 9.781050776E-01 -9.307175072E-01 -3.657388755E-01 2.081116516E-01 -3.657388755E-01 
3.370773221E+00 -9.290842392E-01 9.752034802E-01 -9.290842392E-01 -3.698681923E-01 2.213101321E-01 -3.698681923E-01 
3.384475551E+00 -9.274378255E-01 9.721240670E-01 -9.274378255E-01 -3.739773827E-01 2.344670570E-01 -3.739773827E-01 
3.398177881E+00 -9.257780707E-01 9.688674210E-01 -9.257780707E-01 -3.780674100E-01 2.475801346E-01 -3.780674100E-01 
3.411880211E+00 -9.241047622E-01 9.654341521E-01 -9.241047622E-01 -3.821392297E-01 2.606470807E-01 -3.821392297E-01 
3.425582542E+00 -9.224176707E-01 9.618248966E-01 -9.224176707E-01 -3.861937894E-01 2.736656188E-01 -3.861937894E-01 
3.439284872E+00 -9.207165505E-01 9.580403178E-01 -9.207165505E-01 -3.902320279E-01 2.866334806E-01 -3.902320279E-01 
3.452987202E+00 -9.190011396E-01 9.540811052E-01 -9.190011396E-01 -3.942548757E-01 2.995484060E-01 -3.942548757E-01 
3.466689532E+00 -9.172711603E-01 9.499479749E-01 -9.172711603E-01 -3.982632543E-01 3.124081428E-01 -3.982632543E-01 
3.480391862E+00 -9.155263192E-01 9.456416696E-01 -9.155263192E-01 -4.022580763E-01 3.252104481E-01 -4.022580763E-01 
3.494094192E+00 -9.137663074E-01 9.411629582E-01 -9.137663074E-01 -4.062402446E-01 3.379530870E-01 -4.062402446E-01 
3.507796523E+00 -9.119908007E-01 9.365126359E-01 -9.119908007E-01 -4.102106531E-01 3.506338342E-01 -4.102106531E-01 
3.521498853E+00 -9.101994604E-01 9.316915243E-01 -9.101994604E-01 -4.141701855E-01 3.632504733E-01 -4.141701855E-01 
3.535201183E+00 -9.083919327E-01 9.267004714E-01 -9.083919327E-01 -4.181197158E-01 3.758007973E-01 -4.181197158E-01 
3.548903513E+00 -9.065678493E-01 9.215403510E-01 -9.065678493E-01 -4.220601077E-01 3.882826089E-01 -4.220601077E-01 
3.562605843E+00 -9.047268278E-01 9.162120633E-01 -9.047268278E-01 -4.259922144E-01 4.006937208E-01 -4.259922144E-01 
3.576308173E+00 -9.028684714E-01 9.107165347E-01 -9.028684714E-01 -4.299168789E-01 4.130319555E-01 -4.299168789E-01 
3.590010504E+00 -9.009923697E-01 9.050547175E-01 -9.009923697E-01 -4.338349331E-01 4.252951460E-01 -4.338349331E-01 
3.603712834E+00 -8.990980980E-01 8.992275899E-01 -8.990980980E-01 -4.377471979E-01 4.374811360E-01 -4.377471979E-01 
3.617415164E+00 -8.971852185E-01 8.932361565E-01 -8.971852185E-01 -4.416544832E-01 4.495877797E-01 -4.416544832E-01 
3.631117494E+00 -8.952532798E-01 8.870814473E-01 -8.952532798E-01 -4.455575874E-01 4.616129424E-01 -4.455575874E-01 
3.644819824E+00 -8.933018171E-01 8.807645187E-01 -8.933018171E-01 -4.494572972E-01 4.735545011E-01 -4.494572972E-01 
3.658522154E+00 -8.913303526E-01 8.742864525E-01 -8.913303526E-01 -4.533543876E-01 4.854103438E-01 -4.533543876E-01 
3.672224485E+00 -8.893383953E-01 8.676483565E-01 -8.893383953E-01 -4.572496218E-01 4.971783706E-01 -4.572496218E-01 
3.685926815E+00 -8.873254415E-01 8.608513644E-01 -8.873254415E-01 -4.611437504E-01 5.088564938E-01 -4.611437504E-01 
3.699629145E+00 -8.852909748E-01 8.538966352E-01 -8.852909748E-01 -4.650375120E-01 5.204426377E-01 -4.650375120E-01 
3.713331475E+00 -8.832344658E-01 8.467853540E-01 -8.832344658E-01 -4.689316323E-01 5.319347394E-01 -4.689316323E-01 
3.727033805E+00 -8.811553730E-01 8.395187312E-01 -8.811553730E-01 -4.728268244E-01 5.433307488E-01 -4.728268244E-01 
3.740736135E+00 -8.790531422E-01 8.320980029E-01 -8.790531422E-01 -4.767237882E-01 5.546286292E-01 -4.767237882E-01 
3.754438466E+00 -8.769272071E-01 8.245244306E-01 -8.769272071E-01 -4.806232105E-01 5.658263568E-01 -4.806232105E-01 
3.768140796E+00 -8.747769889E-01 8.167993013E-01 -8.747769889E-01 -4.845257646E-01 5.769219220E-01 -4.845257646E-01 
3.781843126E+00 -8.726018969E-01 8.089239274E-01 -8.726018969E-01 -4.884321101E-01 5.879133288E-01 -4.884321101E-01 
3.795545456E+00 -8.704013284E-01 8.008996468E-01 -8.704013284E-01 -4.923428929E-01 5.987985958E-01 -4.923428929E-01 
3.809247786E+00 -8.681746684E-01 7.927278223E-01 -8.681746684E-01 -4.962587447E-01 6.095757560E-01 -4.962587447E-01 
3.822950116E+00 -8.659212904E-01 7.844098423E-01 -8.659212904E-01 -5.001802827E-01 6.202428572E-01 -5.001802827E-01 
3.836652447E+00 -8.636405560E-01 7.759471202E-01 -8.636405560E-01 -5.041081097E-01 6.307979623E-01 -5.041081097E-01 
3.850354777E+00 -8.613318149E-01 7.673410945E-01 -8.613318149E-01 -5.080428138E-01 6.412391498E-01 -5.080428138E-01 
3.864057107E+00 -8.589944054E-01 7.585932288E-01 -8.589944054E-01 -5.119849680E-01 6.515645138E-01 -5.119849680E-01 
3.877759437E+00 -8.566276540E-01 7.497050117E-01 -8.566276540E-01 -5.159351299E-01 6.617721646E-01 -5.159351299E-01 
3.891461767E+00 -8.542308758E-01 7.406779567E-01 -8.542308758E-01 -5.198938416E-01 6.718602287E-01 -5.198938416E-01 
3.905164097E+00 -8.518033744E-01 7.315136021E-01 -8.518033744E-01 -5.238616295E-01 6.818268493E-01 -5.238616295E-01 
3.918866428E+00 -8.493444421E-01 7.222135110E-01 -8.493444421E-01 -5.278390040E-01 6.916701866E-01 -5.278390040E-01 
3.932568758E+00 -8.468533598E-01 7.127792712E-01 -8.468533598E-01 -5.318264590E-01 7.013884181E-01 -5.318264590E-01 
3.946271088E+00 -8.443293971E-01 7.032124953E-01 -8.443293971E-01 -5.358244719E-01 7.109797388E-01 -5.358244719E-01 
3.959973418E+00 -8.417718124E-01 6.935148203E-01 -8.417718124E-01 -5.398335033E-01 7.204423618E-01 -5.398335033E-01 
3.973675748E+00 -8.391798531E-01 6.836879077E-01 -8.391798531E-01 -5.438539966E-01 7.297745182E-01 -5.438539966E-01 
3.987378078E+00 -8.365527555E-01 6.737334435E-01 -8.365527555E-01 -5.478863776E-01 7.389744581E-01 -5.478863776E-01 
4.001080409E+00 -8.338897448E-01 6.636531381E-01 -8.338897448E-01 -5.519310546E-01 7.480404501E-01 -5.519310546E-01 
4.014782739E+00 -8.311900354E-01 6.534487260E-01 -8.311900354E-01 -5.559884177E-01 7.569707822E-01 -5.559884177E-01 
4.028485069E+00 -8.284528309E-01 6.431219661E-01 -8.284528309E-01 -5.600588385E-01 7.657637621E-01 -5.600588385E-01 
4.042187399E+00 -8.256773240E-01 6.326746412E-01 -8.256773240E-01 -5.641426702E-01 7.744177175E-01 -5.641426702E-01 
4.055889729E+00 -8.228626967E-01 6.221085583E-01 -8.228626967E-01 -5.682402469E-01 7.829309960E-01 -5.682402469E-01 
4.069592059E+00 -8.200081206E-01 6.114255483E-01 -8.200081206E-01 -5.723518831E-01 7.913019663E-01 -5.723518831E-01 
4.083294390E+00 -8.171127565E-01 6.006274658E-01 -8.171127565E-01 -5.764778740E-01 7.995290178E-01 -5.764778740E-01 
4.096996720E+00 -8.141757552E-01 5.897161895E-01 -8.141757552E-01 -5.806184942E-01 8.076105614E-01 -5.806184942E-01 
4.110699050E+00 -8.111962569E-01 5.786936214E-01 -8.111962569E-01 -5.847739984E-01 8.155450298E-01 -5.847739984E-01 
4.124401380E+00 -8.081733915E-01 5.675616875E-01 -8.081733915E-01 -5.889446203E-01 8.233308776E-01 -5.889446203E-01 
4.138103710E+00 -8.051062792E-01 5.563223369E-01 -8.051062792E-01 -5.931305724E-01 8.309665822E-01 -5.931305724E-01 
4.151806040E+00 -8.019940299E-01 5.449775425E-01 -8.019940299E-01 -5.973320458E-01 8.384506435E-01 -5.973320458E-01 
4.165508371E+00 -7.988357439E-01 5.335293002E-01 -7.988357439E-01 -6.015492095E-01 8.457815849E-01 -6.015492095E-01 
4.179210701E+00 -7.956305118E-01 5.219796292E-01 -7.956305118E-01 -6.057822101E-01 8.529579535E-01 -6.057822101E-01 
4.192913031E+00 -7.923774144E-01 5.103305719E-01 -7.923774144E-01 -6.100311719E-01 8.599783202E-01 -6.100311719E-01 
4.206615361E+00 -7.890755237E-01 4.985841936E-01 -7.890755237E-01 -6.142961955E-01 8.668412806E-01 -6.142961955E-01 
4.220317691E+00 -7.857239020E-01 4.867425825E-01 -7.857239020E-01 -6.185773581E-01 8.735454553E-01 -6.185773581E-01 
4.234020021E+00 -7.823216028E-01 4.748078498E-01 -7.823216028E-01 -6.228747132E-01 8.800894897E-01 -6.228747132E-01 
4.247722352E+00 -7.788676709E-01 4.627821291E-01 -7.788676709E-01 -6.271882892E-01 8.864720556E-01 -6.271882892E-01 
4.261424682E+00 -7.753611422E-01 4.506675767E-01 -7.753611422E-01 -6.315180902E-01 8.926918505E-01 -6.315180902E-01 
4.275127012E+00 -7.718010447E-01 4.384663712E-01 -7.718010447E-01 -6.358640946E-01 8.987475986E-01 -6.358640946E-01 
4.288829342E+00 -7.681863980E-01 4.261807138E-01 -7.681863980E-01 -6.402262551E-01 9.046380515E-01 -6.402262551E-01 
4.302531672E+00 -7.645162137E-01 4.138128277E-01 -7.645162137E-01 -6.446044982E-01 9.103619878E-01 -6.446044982E-01 
4.316234002E+00 -7.607894963E-01 4.013649580E-01 -7.607894963E-01 -6.489987234E-01 9.159182146E-01 -6.489987234E-01 
4.329936333E+00 -7.570052425E-01 3.888393720E-01 -7.570052425E-01 -6.534088030E-01 9.213055674E-01 -6.534088030E-01 
4.343638663E+00 -7.531624422E-01 3.762383588E-01 -7.531624422E-01 -6.578345819E-01 9.265229103E-01 -6.578345819E-01 
4.357340993E+00 -7.492600789E-01 3.635642287E-01 -7.492600789E-01 -6.622758761E-01 9.315691374E-01 -6.622758761E-01 
4.371043323E+00 -7.452971293E-01 3.508193140E-01 -7.452971293E-01 -6.667324737E-01 9.364431725E-01 -6.667324737E-01 
4.384745653E+00 -7.412725643E-01 3.380059680E-01 -7.412725643E-01 -6.712041330E-01 9.411439700E-01 -6.712041330E-01 
4.398447983E+00 -7.371853496E-01 3.251265650E-01 -7.371853496E-01 -6.756905826E-01 9.456705153E-01 -6.756905826E-01 
4.412150314E+00 -7.330344451E-01 3.121835007E-01 -7.330344451E-01 -6.801915211E-01 9.500218253E-01 -6.801915211E-01 
4.425852644E+00 -7.288188068E-01 2.991791910E-01 -7.288188068E-01 -6.847066161E-01 9.541969494E-01 -6.847066161E-01 
4.439554974E+00 -7.245373857E-01 2.861160730E-01 -7.245373857E-01 -6.892355041E-01 9.581949694E-01 -6.892355041E-01 
4.453257304E+00 -7.201891295E-01 2.729966035E-01 -7.201891295E-01 -6.937777895E-01 9.620150004E-01 -6.937777895E-01 
4.466959634E+00 -7.157729823E-01 2.598232600E-01 -7.157729823E-01 -6.983330448E-01 9.656561914E-01 -6.983330448E-01 
4.480661964E+00 -7.112878857E-01 2.465985395E-01 -7.112878857E-01 -7.029008092E-01 9.691177260E-01 -7.029008092E-01 
4.494364295E+00 -7.067327786E-01 2.333249590E-01 -7.067327786E-01 -7.074805889E-01 9.723988225E-01 -7.074805889E-01 
4.508066625E+00 -7.021065989E-01 2.200050548E-01 -7.021065989E-01 -7.120718561E-01 9.754987353E-01 -7.120718561E-01 
4.521768955E+00 -6.974082829E-01 2.066413822E-01 -6.974082829E-01 -7.166740484E-01 9.784167547E-01 -7.166740484E-01 
4.535471285E+00 -6.926367668E-01 1.932365156E-01 -6.926367668E-01 -7.212865687E-01 9.811522083E-01 -7.212865687E-01 
4.549173615E+00 -6.877909871E-01 1.797930479E-01 -6.877909871E-01 -7.259087844E-01 9.837044611E-01 -7.259087844E-01 
4.562875945E+00 -6.828698811E-01 1.663135902E-01 -6.828698811E-01 -7.305400269E-01 9.860729165E-01 -7.305400269E-01 
4.576578276E+00 -6.778723880E-01 1.528007717E-01 -6.778723880E-01 -7.351795912E-01 9.882570168E-01 -7.351795912E-01 
4.590280606E+00 -6.727974492E-01 1.392572391E-01 -6.727974492E-01 -7.398267353E-01 9.902562438E-01 -7.398267353E-01 
4.603982936E+00 -6.676440095E-01 1.256856562E-01 -6.676440095E-01 -7.444806800E-01 9.920701200E-01 -7.444806800E-01 
4.617685266E+00 -6.624110176E-01 1.120887039E-01 -6.624110176E-01 -7.491406078E-01 9.936982085E-01 -7.491406078E-01 
4.631387596E+00 -6.570974274E-01 9.846907925E-02 -6.570974274E-01 -7.538056632E-01 9.951401146E-01 -7.538056632E-01 
4.645089926E+00 -6.517021980E-01 8.482949555E-02 -6.517021980E-01 -7.584749516E-01 9.963954858E-01 -7.584749516E-01 
4.658792257E+00 -6.462242958E-01 7.117268150E-02 -6.462242958E-01 -7.631475395E-01 9.974640128E-01 -7.631475395E-01 
4.672494587E+00 -6.406626944E-01 5.750138092E-02 -6.406626944E-01 -7.678224534E-01 9.983454306E-01 -7.678224534E-01 
4.686196917E+00 -6.350163762E-01 4.381835223E-02 -6.350163762E-01 -7.724986797E-01 9.990395185E-01 -7.724986797E-01 
4.699899247E+00 -6.292843332E-01 3.012636779E-02 -6.292843332E-01 -7.771751647E-01 9.995461018E-01 -7.771751647E-01 
4.713601577E+00 -6.234655680E-01 1.642821364E-02 -6.234655680E-01 -7.818508134E-01 9.998650517E-01 -7.818508134E-01 
4.727303907E+00 -6.175590951E-01 2.726688428E-03 -6.175590951E-01 -7.865244901E-01 9.999962865E-01 -7.865244901E-01 
4.741006238E+00 -6.115639416E-01 -1.097539652E-02 -6.115639416E-01 -7.911950171E-01 9.999397724E-01 -7.911950171E-01 
4.754708568E+00 -6.054791490E-01 -2.467521869E-02 -6.054791490E-01 -7.958611753E-01 9.996955244E-01 -7.958611753E-01 
4.768410898E+00 -5.993037735E-01 -3.836994412E-02 -5.993037735E-01 -8.005217033E-01 9.992636065E-01 -8.005217033E-01 
4.782113228E+00 -5.930368884E-01 -5.205672909E-02 -5.930368884E-01 -8.051752977E-01 9.986441333E-01 -8.051752977E-01 
4.795815558E+00 -5.866775838E-01 -6.573271990E-02 -5.866775838E-01 -8.098206123E-01 9.978372701E-01 -8.098206123E-01 
4.809517888E+00 -5.802249695E-01 -7.939505445E-02 -5.802249695E-01 -8.144562583E-01 9.968432341E-01 -8.144562583E-01 
4.823220219E+00 -5.736781751E-01 -9.304086261E-02 -5.736781751E-01 -8.190808042E-01 9.956622952E-01 -8.190808042E-01 
4.836922549E+00 -5.670363518E-01 -1.066672671E-01 -5.670363518E-01 -8.236927755E-01 9.942947763E-01 -8.236927755E-01 
4.850624879E+00 -5.602986741E-01 -1.202713847E-01 -5.602986741E-01 -8.282906550E-01 9.927410549E-01 -8.282906550E-01 
4.864327209E+00 -5.534643405E-01 -1.338503267E-01 -5.534643405E-01 -8.328728819E-01 9.910015631E-01 -8.328728819E-01 
4.878029539E+00 -5.465325755E-01 -1.474012005E-01 -5.465325755E-01 -8.374378534E-01 9.890767888E-01 -8.374378534E-01 
4.891731869E+00 -5.395026306E-01 -1.609211096E-01 -5.395026306E-01 -8.419839227E-01 9.869672762E-01 -8.419839227E-01 
4.905434200E+00 -5.323737864E-01 -1.744071560E-01 -5.323737864E-01 -8.465094015E-01 9.846736269E-01 -8.465094015E-01 
4.919136530E+00 -5.251453534E-01 -1.878564401E-01 -5.251453534E-01 -8.510125577E-01 9.821965003E-01 -8.510125577E-01 
4.932838860E+00 -5.178166741E-01 -2.012660627E-01 -5.178166741E-01 -8.554916179E-01 9.795366144E-01 -8.554916179E-01 
4.946541190E+00 -5.103871240E-01 -2.146331255E-01 -5.103871240E-01 -8.599447658E-01 9.766947467E-01 -8.599447658E-01 
4.960243520E+00 -5.028561138E-01 -2.279547328E-01 -5.028561138E-01 -8.643701441E-01 9.736717343E-01 -8.643701441E-01 
4.973945850E+00 -4.952230905E-01 -2.412279926E-01 -4.952230905E-01 -8.687658536E-01 9.704684754E-01 -8.687658536E-01 
4.987648181E+00 -4.874875391E-01 -2.544500178E-01 -4.874875391E-01 -8.731299543E-01 9.670859291E-01 -8.731299543E-01 
5.001350511E+00 -4.796489844E-01 -2.676179279E-01 -4.796489844E-01 -8.774604662E-01 9.635251166E-01 -8.774604662E-01 
5.015052841E+00 -4.717069923E-01 -2.807288500E-01 -4.717069923E-01 -8.817553692E-01 9.597871212E-01 -8.817553692E-01 
5.028755171E+00 -4.636611718E-01 -2.937799207E-01 -4.636611718E-01 -8.860126044E-01 9.558730895E-01 -8.860126044E-01 
5.042457501E+00 -4.555111764E-01 -3.067682871E-01 -4.555111764E-01 -8.902300745E-01 9.517842313E-01 -8.902300745E-01 
5.056159831E+00 -4.472567058E-01 -3.196911087E-01 -4.472567058E-01 -8.944056442E-01 9.475218202E-01 -8.944056442E-01 
5.069862162E+00 -4.388975073E-01 -3.325455587E-01 -4.388975073E-01 -8.985371419E-01 9.430871941E-01 -8.985371419E-01 
5.083564492E+00 -4.304333779E-01 -3.453288258E-01 -4.304333779E-01 -9.026223598E-01 9.384817559E-01 -9.026223598E-01 
5.097266822E+00 -4.218641653E-01 -3.580381160E-01 -4.218641653E-01 -9.066590557E-01 9.337069730E-01 -9.066590557E-01 
5.110969152E+00 -4.131897702E-01 -3.706706536E-01 -4.131897702E-01 -9.106449533E-01 9.287643782E-01 -9.106449533E-01 
5.124671482E+00 -4.044101474E-01 -3.832236840E-01 -4.044101474E-01 -9.145777440E-01 9.236555696E-01 -9.145777440E-01 
5.138373812E+00 -3.955253073E-01 -3.956944747E-01 -3.955253073E-01 -9.184550878E-01 9.183822111E-01 -9.184550878E-01 
5.152076143E+00 -3.865353181E-01 -4.080803172E-01 -3.865353181E-01 -9.222746147E-01 9.129460320E-01 -9.222746147E-01 
5.165778473E+00 -3.774403064E-01 -4.203785294E-01 -3.774403064E-01 -9.260339260E-01 9.073488273E-01 -9.260339260E-01 
5.179480803E+00 -3.682404595E-01 -4.325864565E-01 -3.682404595E-01 -9.297305958E-01 9.015924576E-01 -9.297305958E-01 
5.193183133E+00 -3.589360263E-01 -4.447014738E-01 -3.589360263E-01 -9.333621730E-01 8.956788491E-01 -9.333621730E-01 
5.206885463E+00 -3.495273190E-01 -4.567209882E-01 -3.495273190E-01 -9.369261817E-01 8.896099933E-01 -9.369261817E-01 
5.220587793E+00 -3.400147145E-01 -4.686424403E-01 -3.400147145E-01 -9.404201246E-01 8.833879465E-01 -9.404201246E-01 
5.234290124E+00 -3.303986555E-01 -4.804633060E-01 -3.303986555E-01 -9.438414831E-01 8.770148299E-01 -9.438414831E-01 
5.247992454E+00 -3.206796519E-01 -4.921810993E-01 -3.206796519E-01 -9.471877203E-01 8.704928291E-01 -9.471877203E-01 
5.261694784E+00 -3.108582819E-01 -5.037933733E-01 -3.108582819E-01 -9.504562826E-01 8.638241931E-01 -9.504562826E-01 
5.275397114E+00 -3.009351935E-01 -5.152977230E-01 -3.009351935E-01 -9.536446014E-01 8.570112343E-01 -9.536446014E-01 
5.289099444E+00 -2.909111052E-01 -5.266917870E-01 -2.909111052E-01 -9.567500956E-01 8.500563276E-01 -9.567500956E-01 
5.302801774E+00 -2.807868070E-01 -5.379732495E-01 -2.807868070E-01 -9.597701732E-01 8.429619095E-01 -9.597701732E-01 
5.316504105E+00 -2.705631618E-01 -5.491398425E-01 -2.705631618E-01 -9.627022342E-01 8.357304775E-01 -9.627022342E-01 
5.330206435E+00 -2.602411058E-01 -5.601893474E-01 -2.602411058E-01 -9.655436722E-01 8.283645889E-01 -9.655436722E-01 
5.343908765E+00 -2.498216492E-01 -5.711195978E-01 -2.498216492E-01 -9.682918773E-01 8.208668598E-01 -9.682918773E-01 
5.357611095E+00 -2.393058777E-01 -5.819284806E-01 -2.393058777E-01 -9.709442377E-01 8.132399643E-01 -9.709442377E-01 
5.371313425E+00 -2.286949520E-01 -5.926139386E-01 -2.286949520E-01 -9.734981431E-01 8.054866325E-01 -9.734981431E-01 
5.385015755E+00 -2.179901092E-01 -6.031739722E-01 -2.179901092E-01 -9.759509864E-01 7.976096502E-01 -9.759509864E-01 
5.398718085E+00 -2.071926626E-01 -6.136066414E-01 -2.071926626E-01 -9.783001666E-01 7.896118565E-01 -9.783001666E-01 
5.412420416E+00 -1.963040025E-01 -6.239100676E-01 -1.963040025E-01 -9.805430913E-01 7.814961428E-01 -9.805430913E-01 
5.426122746E+00 -1.853255962E-01 -6.340824358E-01 -1.853255962E-01 -9.826771792E-01 7.732654511E-01 -9.826771792E-01 
5.439825076E+00 -1.742589877E-01 -6.441219956E-01 -1.742589877E-01 -9.846998629E-01 7.649227721E-01 -9.846998629E-01 
5.453527406E+00 -1.631057987E-01 -6.540270641E-01 -1.631057987E-01 -9.866085916E-01 7.564711438E-01 -9.866085916E-01 
5.467229736E+00 -1.518677273E-01 -6.637960266E-01 -1.518677273E-01 -9.884008336E-01 7.479136490E-01 -9.884008336E-01 
5.480932066E+00 -1.405465488E-01 -6.734273390E-01 -1.405465488E-01 -9.900740789E-01 7.392534138E-01 -9.900740789E-01 
5.494634397E+00 -1.291441145E-01 -6.829195288E-01 -1.291441145E-01 -9.916258425E-01 7.304936052E-01 -9.916258425E-01 
5.508336727E+00 -1.176623520E-01 -6.922711971E-01 -1.176623520E-01 -9.930536664E-01 7.216374292E-01 -9.930536664E-01 
5.522039057E+00 -1.061032639E-01 -7.014810196E-01 -1.061032639E-01 -9.943551229E-01 7.126881282E-01 -9.943551229E-01 
5.535741387E+00 -9.446892763E-02 -7.105477485E-01 -9.446892763E-02 -9.955278170E-01 7.036489789E-01 -9.955278170E-01 
5.549443717E+00 -8.276149452E-02 -7.194702134E-01 -8.276149452E-02 -9.965693891E-01 6.945232899E-01 -9.965693891E-01 
5.563146047E+00 -7.098318849E-02 -7.282473223E-01 -7.098318849E-02 -9.974775179E-01 6.853143988E-01 -9.974775179E-01 
5.576848378E+00 -5.913630578E-02 -7.368780636E-01 -5.913630578E-02 -9.982499230E-01 6.760256702E-01 -9.982499230E-01 
5.590550708E+00 -4.722321268E-02 -7.453615059E-01 -4.722321268E-02 -9.988843672E-01 6.666604926E-01 -9.988843672E-01 
5.604253038E+00 -3.524634551E-02 -7.536968001E-01 -3.524634551E-02 -9.993786597E-01 6.572222760E-01 -9.993786597E-01 
5.617955368E+00 -2.320820790E-02 -7.618831792E-01 -2.320820790E-02 -9.997306582E-01 6.477144489E-01 -9.997306582E-01 
5.631657698E+00 -1.111137047E-02 -7.699199599E-01 -1.111137047E-02 -9.999382715E-01 6.381404557E-01 -9.999382715E-01 
5.645360028E+00 1.041531800E-03 -7.778065423E-01 1.041531800E-03 -9.999994620E-01 6.285037535E-01 -9.999994620E-01 
5.659062359E+00 1.324780055E-02 -7.855424111E-01 1.324780055E-02 -9.999122481E-01 6.188078098E-01 -9.999122481E-01 
5.672764689E+00 2.550467635E-02 -7.931271357E-01 2.550467635E-02 -9.996747066E-01 6.090560987E-01 -9.996747066E-01 
5.686467019E+00 3.780934057E-02 -8.005603704E-01 3.780934057E-02 -9.992849747E-01 5.992520987E-01 -9.992849747E-01 
5.700169349E+00 5.015891709E-02 -8.078418546E-01 5.015891709E-02 -9.987412525E-01 5.893992893E-01 -9.987412525E-01 
5.713871679E+00 6.255047515E-02 -8.149714125E-01 6.255047515E-02 -9.980418046E-01 5.795011480E-01 -9.980418046E-01 
5.727574009E+00 7.498103061E-02 -8.219489540E-01 7.498103061E-02 -9.971849629E-01 5.695611475E-01 -9.971849629E-01 
5.741276340E+00 8.744754933E-02 -8.287744727E-01 8.744754933E-02 -9.961691275E-01 5.595827522E-01 -9.961691275E-01 
5.754978670E+00 9.994694858E-02 -8.354480476E-01 9.994694858E-02 -9.949927695E-01 5.495694159E-01 -9.949927695E-01 
5.768681000E+00 1.124761003E-01 -8.419698408E-01 1.124761003E-01 -9.936544319E-01 5.395245778E-01 -9.936544319E-01 
5.782383330E+00 1.250318332E-01 -8.483400980E-01 1.250318332E-01 -9.921527318E-01 5.294516605E-01 -9.921527318E-01 
5.796085660E+00 1.376109354E-01 -8.545591474E-01 1.376109354E-01 -9.904863615E-01 5.193540662E-01 -9.904863615E-01 
5.809787990E+00 1.502101573E-01 -8.606273989E-01 1.502101573E-01 -9.886540900E-01 5.092351742E-01 -9.886540900E-01 
5.823490321E+00 1.628262140E-01 -8.665453431E-01 1.628262140E-01 -9.866547646E-01 4.990983377E-01 -9.866547646E-01 
5.837192651E+00 1.754557884E-01 -8.723135501E-01 1.754557884E-01 -9.844873112E-01 4.889468811E-01 -9.844873112E-01 
5.850894981E+00 1.880955337E-01 -8.779326686E-01 1.880955337E-01 -9.821507366E-01 4.787840971E-01 -9.821507366E-01 
5.864597311E+00 2.007420763E-01 -8.834034241E-01 2.007420763E-01 -9.796441278E-01 4.686132439E-01 -9.796441278E-01 
5.878299641E+00 2.133920188E-01 -8.887266182E-01 2.133920188E-01 -9.769666545E-01 4.584375423E-01 -9.769666545E-01 
5.892001971E+00 2.260419428E-01 -8.939031262E-01 2.260419428E-01 -9.741175684E-01 4.482601734E-01 -9.741175684E-01 
5.905704302E+00 2.386884114E-01 -8.989338961E-01 2.386884114E-01 -9.710962047E-01 4.380842757E-01 -9.710962047E-01 
5.919406632E+00 2.513279729E-01 -9.038199465E-01 2.513279729E-01 -9.679019815E-01 4.279129426E-01 -9.679019815E-01 
5.933108962E+00 2.639571629E-01 -9.085623652E-01 2.639571629E-01 -9.645344013E-01 4.177492201E-01 -9.645344013E-01 
5.946811292E+00 2.765725076E-01 -9.131623066E-01 2.765725076E-01 -9.609930503E-01 4.075961043E-01 -9.609930503E-01 
5.960513622E+00 2.891705265E-01 -9.176209903E-01 2.891705265E-01 -9.572775984E-01 3.974565394E-01 -9.572775984E-01 
5.974215952E+00 3.017477354E-01 -9.219396990E-01 3.017477354E-01 -9.533878002E-01 3.873334149E-01 -9.533878002E-01 
5.987918283E+00 3.143006489E-01 -9.261197755E-01 3.143006489E-01 -9.493234932E-01 3.772295646E-01 -9.493234932E-01 
6.001620613E+00 3.268257837E-01 -9.301626220E-01 3.268257837E-01 -9.450845990E-01 3.671477632E-01 -9.450845990E-01 
6.015322943E+00 3.393196606E-01 -9.340696960E-01 3.393196606E-01 -9.406711218E-01 3.570907259E-01 -9.406711218E-01 
6.029025273E+00 3.517788081E-01 -9.378425096E-01 3.517788081E-01 -9.360831487E-01 3.470611056E-01 -9.360831487E-01 
6.042727603E+00 3.641997642E-01 -9.414826259E-01 3.641997642E-01 -9.313208482E-01 3.370614918E-01 -9.313208482E-01 
6.056429933E+00 3.765790796E-01 -9.449916573E-01 3.765790796E-01 -9.263844703E-01 3.270944086E-01 -9.263844703E-01 
6.070132264E+00 3.889133197E-01 -9.483712625E-01 3.889133197E-01 -9.212743453E-01 3.171623138E-01 -9.212743453E-01 
6.083834594E+00 4.011990676E-01 -9.516231443E-01 4.011990676E-01 -9.159908827E-01 3.072675974E-01 -9.159908827E-01 
6.097536924E+00 4.134329263E-01 -9.547490471E-01 4.134329263E-01 -9.105345706E-01 2.974125800E-01 -9.105345706E-01 
6.111239254E+00 4.256115207E-01 -9.577507539E-01 4.256115207E-01 -9.049059739E-01 2.875995125E-01 -9.049059739E-01 
6.124941584E+00 4.377315005E-01 -9.606300842E-01 4.377315005E-01 -8.991057343E-01 2.778305741E-01 -8.991057343E-01 
6.138643914E+00 4.497895416E-01 -9.633888911E-01 4.497895416E-01 -8.931345675E-01 2.681078730E-01 -8.931345675E-01 
6.152346245E+00 4.617823490E-01 -9.660290589E-01 4.617823490E-01 -8.869932634E-01 2.584334438E-01 -8.869932634E-01 
6.166048575E+00 4.737066581E-01 -9.685525003E-01 4.737066581E-01 -8.806826835E-01 2.488092484E-01 -8.806826835E-01 
6.179750905E+00 4.855592370E-01 -9.709611541E-01 4.855592370E-01 -8.742037600E-01 2.392371747E-01 -8.742037600E-01 
6.193453235E+00 4.973368883E-01 -9.732569821E-01 4.973368883E-01 -8.675574943E-01 2.297190365E-01 -8.675574943E-01 
6.207155565E+00 5.090364507E-01 -9.754419672E-01 5.090364507E-01 -8.607449552E-01 2.202565734E-01 -8.607449552E-01 
6.220857895E+00 5.206548009E-01 -9.775181104E-01 5.206548009E-01 -8.537672776E-01 2.108514499E-01 -8.537672776E-01 
6.234560226E+00 5.321888547E-01 -9.794874283E-01 5.321888547E-01 -8.466256602E-01 2.015052564E-01 -8.466256602E-01 
6.248262556E+00 5.436355692E-01 -9.813519510E-01 5.436355692E-01 -8.393213648E-01 1.922195083E-01 -8.393213648E-01 
6.261964886E+00 5.549919433E-01 -9.831137193E-01 5.549919433E-01 -8.318557136E-01 1.829956467E-01 -8.318557136E-01 
6.275667216E+00 5.662550197E-01 -9.847747822E-01 5.662550197E-01 -8.242300880E-01 1.738350384E-01 -8.242300880E-01 
6.289369546E+00 5.774218855E-01 -9.863371951E-01 5.774218855E-01 -8.164459268E-01 1.647389765E-01 -8.164459268E-01 
6.303071876E+00 5.884896741E-01 -9.878030169E-01 5.884896741E-01 -8.085047240E-01 1.557086803E-01 -8.085047240E-01 
6.316774207E+00 5.994555651E-01 -9.891743081E-01 5.994555651E-01 -8.004080276E-01 1.467452966E-01 -8.004080276E-01 
6.330476537E+00 6.103167863E-01 -9.904531285E-01 6.103167863E-01 -7.921574373E-01 1.378498995E-01 -7.921574373E-01 
6.344178867E+00 6.210706139E-01 -9.916415349E-01 6.210706139E-01 -7.837546030E-01 1.290234916E-01 -7.837546030E-01 
6.357881197E+00 6.317143732E-01 -9.927415793E-01 6.317143732E-01 -7.752012228E-01 1.202670047E-01 -7.752012228E-01 
6.371583527E+00 6.422454398E-01 -9.937553067E-01 6.422454398E-01 -7.664990413E-01 1.115813002E-01 -7.664990413E-01 
6.385285857E+00 6.526612396E-01 -9.946847534E-01 6.526612396E-01 -7.576498476E-01 1.029671708E-01 -7.576498476E-01 
6.398988188E+00 6.629592498E-01 -9.955319444E-01 6.629592498E-01 -7.486554739E-01 9.442534045E-02 -7.486554739E-01 
6.412690518E+00 6.731369985E-01 -9.962988928E-01 6.731369985E-01 -7.395177934E-01 8.595646644E-02 -7.395177934E-01 
6.426392848E+00 6.831920663E-01 -9.969875967E-01 6.831920663E-01 -7.302387186E-01 7.756113959E-02 -7.302387186E-01 
6.440095178E+00 6.931220854E-01 -9.976000386E-01 6.931220854E-01 -7.208201998E-01 6.923988596E-02 -7.208201998E-01 
6.453797508E+00 7.029247404E-01 -9.981381833E-01 7.029247404E-01 -7.112642232E-01 6.099316771E-02 -7.112642232E-01 
6.467499838E+00 7.125977685E-01 -9.986039761E-01 7.125977685E-01 -7.015728091E-01 5.282138447E-02 -7.015728091E-01 
6.481202169E+00 7.221389590E-01 -9.989993423E-01 7.221389590E-01 -6.917480106E-01 4.472487464E-02 -6.917480106E-01 
6.494904499E+00 7.315461541E-01 -9.993261846E-01 7.315461541E-01 -6.817919118E-01 3.670391646E-02 -6.817919118E-01 
6.508606829E+00 7.408172481E-01 -9.995863829E-01 7.408172481E-01 -6.717066261E-01 2.875872972E-02 -6.717066261E-01 
6.522309159E+00 7.499501882E-01 -9.997817919E-01 7.499501882E-01 -6.614942949E-01 2.088947669E-02 -6.614942949E-01 
6.536011489E+00 7.589429731E-01 -9.999142414E-01 7.589429731E-01 -6.511570860E-01 1.309626392E-02 -6.511570860E-01 
6.549713819E+00 7.677936541E-01 -9.999855336E-01 7.677936541E-01 -6.406971922E-01 5.379143326E-03 -6.406971922E-01 
6.563416150E+00 7.765003340E-01 -9.999974434E-01 7.765003340E-01 -6.301168296E-01 -2.261886143E-03 -6.301168296E-01 
6.577118480E+00 7.850611671E-01 -9.999517168E-01 7.850611671E-01 -6.194182365E-01 -9.826877250E-03 -6.194182365E-01 
6.590820810E+00 7.934743589E-01 -9.998500699E-01 7.934743589E-01 -6.086036722E-01 -1.731593291E-02 -6.086036722E-01 
6.604523140E+00 8.017381656E-01 -9.996941886E-01 8.017381656E-01 -5.976754154E-01 -2.472920474E-02 -5.976754154E-01 
6.618225470E+00 8.098508940E-01 -9.994857273E-01 8.098508940E-01 -5.866357628E-01 -3.206689165E-02 -5.866357628E-01 
6.631927800E+00 8.178109005E-01 -9.992263087E-01 8.178109005E-01 -5.754870284E-01 -3.932923825E-02 -5.754870284E-01 
6.645630131E+00 8.256165915E-01 -9.989175228E-01 8.256165915E-01 -5.642315420E-01 -4.651653353E-02 -5.642315420E-01 
6.659332461E+00 8.332664221E-01 -9.985609267E-01 8.332664221E-01 -5.528716481E-01 -5.362910925E-02 -5.528716481E-01 
6.673034791E+00 8.407588960E-01 -9.981580436E-01 8.407588960E-01 -5.414097049E-01 -6.066733860E-02 -5.414097049E-01 
6.686737121E+00 8.480925650E-01 -9.977103629E-01 8.480925650E-01 -5.298480832E-01 -6.763163464E-02 -5.298480832E-01 
6.700439451E+00 8.552660284E-01 -9.972193395E-01 8.552660284E-01 -5.181891653E-01 -7.452244894E-02 -5.181891653E-01 
6.714141781E+00 8.622779323E-01 -9.966863936E-01 8.622779323E-01 -5.064353445E-01 -8.134027008E-02 -5.064353445E-01 
6.727844112E+00 8.691269693E-01 -9.961129103E-01 8.691269693E-01 -4.945890235E-01 -8.808562230E-02 -4.945890235E-01 
6.741546442E+00 8.758118778E-01 -9.955002395E-01 8.758118778E-01 -4.826526142E-01 -9.475906398E-02 -4.826526142E-01 
6.755248772E+00 8.823314413E-01 -9.948496958E-01 8.823314413E-01 -4.706285365E-01 -1.013611864E-01 -4.706285365E-01 
6.768951102E+00 8.886844881E-01 -9.941625579E-01 8.886844881E-01 -4.585192173E-01 -1.078926123E-01 -4.585192173E-01 
6.782653432E+00 8.948698904E-01 -9.934400694E-01 8.948698904E-01 -4.463270904E-01 -1.143539944E-01 -4.463270904E-01 
6.796355762E+00 9.008865639E-01 -9.926834378E-01 9.008865639E-01 -4.340545951E-01 -1.207460143E-01 -4.340545951E-01 
6.810058093E+00 9.067334673E-01 -9.918938351E-01 9.067334673E-01 -4.217041761E-01 -1.270693810E-01 -4.217041761E-01 
6.823760423E+00 9.124096014E-01 -9.910723977E-01 9.124096014E-01 -4.092782825E-01 -1.333248297E-01 -4.092782825E-01 
6.837462753E+00 9.179140087E-01 -9.902202265E-01 9.179140087E-01 -3.967793671E-01 -1.395131206E-01 -3.967793671E-01 
6.851165083E+00 9.232457729E-01 -9.893383869E-01 9.232457729E-01 -3.842098863E-01 -1.456350375E-01 -3.842098863E-01 
6.864867413E+00 9.284040181E-01 -9.884279090E-01 9.284040181E-01 -3.715722990E-01 -1.516913866E-01 -3.715722990E-01 
6.878569743E+00 9.333879084E-01 -9.874897878E-01 9.333879084E-01 -3.588690665E-01 -1.576829954E-01 -3.588690665E-01 
6.892272074E+00 9.381966474E-01 -9.865249835E-01 9.381966474E-01 -3.461026518E-01 -1.636107117E-01 -3.461026518E-01 
6.905974404E+00 9.428294774E-01 -9.855344216E-01 9.428294774E-01 -3.332755191E-01 -1.694754021E-01 -3.332755191E-01 
6.919676734E+00 9.472856790E-01 -9.845189931E-01 9.472856790E-01 -3.203901337E-01 -1.752779512E-01 -3.203901337E-01 
6.933379064E+00 9.515645706E-01 -9.834795552E-01 9.515645706E-01 -3.074489611E-01 -1.810192603E-01 -3.074489611E-01 
6.947081394E+00 9.556655078E-01 -9.824169309E-01 9.556655078E-01 -2.944544671E-01 -1.867002465E-01 -2.944544671E-01 
6.960783724E+00 9.595878830E-01 -9.813319100E-01 9.595878830E-01 -2.814091170E-01 -1.923218417E-01 -2.814091170E-01 
6.974486055E+00 9.633311247E-01 -9.802252489E-01 9.633311247E-01 -2.683153756E-01 -1.978849913E-01 -2.683153756E-01 
6.988188385E+00 9.668946973E-01 -9.790976715E-01 9.668946973E-01 -2.551757068E-01 -2.033906539E-01 -2.551757068E-01 
7.001890715E+00 9.702781003E-01 -9.779498691E-01 9.702781003E-01 -2.419925730E-01 -2.088397995E-01 -2.419925730E-01 
7.015593045E+00 9.734808682E-01 -9.767825012E-01 9.734808682E-01 -2.287684354E-01 -2.142334094E-01 -2.287684354E-01 
7.029295375E+00 9.765025696E-01 -9.755961956E-01 9.765025696E-01 -2.155057532E-01 -2.195724744E-01 -2.155057532E-01 
7.042997705E+00 9.793428073E-01 -9.743915488E-01 9.793428073E-01 -2.022069837E-01 -2.248579950E-01 -2.022069837E-01 
7.056700036E+00 9.820012174E-01 -9.731691267E-01 9.820012174E-01 -1.888745817E-01 -2.300909798E-01 -1.888745817E-01 
7.070402366E+00 9.844774695E-01 -9.719294649E-01 9.844774695E-01 -1.755109998E-01 -2.352724451E-01 -1.755109998E-01 
7.084104696E+00 9.867712655E-01 -9.706730690E-01 9.867712655E-01 -1.621186876E-01 -2.404034135E-01 -1.621186876E-01 
7.097807026E+00 9.888823399E-01 -9.694004152E-01 9.888823399E-01 -1.487000919E-01 -2.454849142E-01 -1.487000919E-01 
7.111509356E+00 9.908104592E-01 -9.681119507E-01 9.908104592E-01 -1.352576565E-01 -2.505179811E-01 -1.352576565E-01 
7.125211686E+00 9.925554216E-01 -9.668080942E-01 9.925554216E-01 -1.217938218E-01 -2.555036531E-01 -1.217938218E-01 
7.138914017E+00 9.941170565E-01 -9.654892365E-01 9.941170565E-01 -1.083110246E-01 -2.604429727E-01 -1.083110246E-01 
7.152616347E+00 9.954952246E-01 -9.641557403E-01 9.954952246E-01 -9.481169843E-02 -2.653369858E-01 -9.481169843E-02 
7.166318677E+00 9.966898171E-01 -9.628079418E-01 9.966898171E-01 -8.129827265E-02 -2.701867406E-01 -8.129827265E-02 
7.180021007E+00 9.977007557E-01 -9.614461500E-01 9.977007557E-01 -6.777317294E-02 -2.749932875E-01 -6.777317294E-02 
7.193723337E+00 9.985279923E-01 -9.600706478E-01 9.985279923E-01 -5.423882075E-02 -2.797576781E-01 -5.423882075E-02 
7.207425667E+00 9.991715087E-01 -9.586816926E-01 9.991715087E-01 -4.069763338E-02 -2.844809650E-01 -4.069763338E-02 
7.221127998E+00 9.996313165E-01 -9.572795161E-01 9.996313165E-01 -2.715202368E-02 -2.891642007E-01 -2.715202368E-02 
7.234830328E+00 9.999074567E-01 -9.558643254E-01 9.999074567E-01 -1.360440003E-02 -2.938084379E-01 -1.360440003E-02 
7.248532658E+00 9.999999992E-01 -9.544363032E-01 9.999999992E-01 -5.716612324E-05 -2.984147278E-01 -5.716612324E-05 
7.262234988E+00 9.999090435E-01 -9.529956080E-01 9.999090435E-01 1.348727914E-02 -3.029841210E-01 1.348727914E-02 
7.275937318E+00 9.996347173E-01 -9.515423750E-01 9.996347173E-01 2.702654178E-02 -3.075176659E-01 2.702654178E-02 
7.289639648E+00 9.991771774E-01 -9.500767163E-01 9.991771774E-01 4.055823290E-02 -3.120164087E-01 4.055823290E-02 
7.303341979E+00 9.985366088E-01 -9.485987212E-01 9.985366088E-01 5.407996881E-02 -3.164813930E-01 5.407996881E-02 
7.317044309E+00 9.977132250E-01 -9.471084568E-01 9.977132250E-01 6.758937113E-02 -3.209136594E-01 6.758937113E-02 
7.330746639E+00 9.967072672E-01 -9.456059686E-01 9.967072672E-01 8.108406701E-02 -3.253142445E-01 8.108406701E-02 
7.344448969E+00 9.955190051E-01 -9.440912805E-01 9.955190051E-01 9.456168917E-02 -3.296841816E-01 9.456168917E-02 
7.358151299E+00 9.941487359E-01 -9.425643952E-01 9.941487359E-01 1.080198761E-01 -3.340244993E-01 1.080198761E-01 
7.371853629E+00 9.925967846E-01 -9.410252952E-01 9.925967846E-01 1.214562722E-01 -3.383362216E-01 1.214562722E-01 
7.385555960E+00 9.908635038E-01 -9.394739425E-01 9.908635038E-01 1.348685280E-01 -3.426203674E-01 1.348685280E-01 
7.399258290E+00 9.889492735E-01 -9.379102794E-01 9.889492735E-01 1.482543001E-01 -3.468779504E-01 1.482543001E-01 
7.412960620E+00 9.868545012E-01 -9.363342285E-01 9.868545012E-01 1.616112514E-01 -3.511099786E-01 1.616112514E-01 
7.426662950E+00 9.845796215E-01 -9.347456935E-01 9.845796215E-01 1.749370516E-01 -3.553174536E-01 1.749370516E-01 
7.440365280E+00 9.821250964E-01 -9.331445591E-01 9.821250964E-01 1.882293767E-01 -3.595013712E-01 1.882293767E-01 
7.454067610E+00 9.794914146E-01 -9.315306919E-01 9.794914146E-01 2.014859098E-01 -3.636627201E-01 2.014859098E-01 
7.467769941E+00 9.766790923E-01 -9.299039400E-01 9.766790923E-01 2.147043409E-01 -3.678024824E-01 2.147043409E-01 
7.481472271E+00 9.736886720E-01 -9.282641341E-01 9.736886720E-01 2.278823671E-01 -3.719216327E-01 2.278823671E-01 
7.495174601E+00 9.705207236E-01 -9.266110871E-01 9.705207236E-01 2.410176929E-01 -3.760211384E-01 2.410176929E-01 
7.508876931E+00 9.671758435E-01 -9.249445950E-01 9.671758435E-01 2.541080303E-01 -3.801019589E-01 2.541080303E-01 
7.522579261E+00 9.636546548E-01 -9.232644369E-01 9.636546548E-01 2.671510990E-01 -3.841650459E-01 2.671510990E-01 
7.536281591E+00 9.599578072E-01 -9.215703751E-01 9.599578072E-01 2.801446266E-01 -3.882113425E-01 2.801446266E-01 
7.549983922E+00 9.560859771E-01 -9.198621559E-01 9.560859771E-01 2.930863487E-01 -3.922417834E-01 2.930863487E-01 
7.563686252E+00 9.520398674E-01 -9.181395093E-01 9.520398674E-01 3.059740093E-01 -3.962572947E-01 3.059740093E-01 
7.577388582E+00 9.478202074E-01 -9.164021498E-01 9.478202074E-01 3.188053608E-01 -4.002587935E-01 3.188053608E-01 
7.591090912E+00 9.434277528E-01 -9.146497762E-01 9.434277528E-01 3.315781641E-01 -4.042471875E-01 3.315781641E-01 
7.604793242E+00 9.388632857E-01 -9.128820720E-01 9.388632857E-01 3.442901892E-01 -4.082233753E-01 3.442901892E-01 
7.618495572E+00 9.341276146E-01 -9.110987057E-01 9.341276146E-01 3.569392151E-01 -4.121882454E-01 3.569392151E-01 
7.632197903E+00 9.292215741E-01 -9.092993310E-01 9.292215741E-01 3.695230302E-01 -4.161426770E-01 3.695230302E-01 
7.645900233E+00 9.241460251E-01 -9.074835869E-01 9.241460251E-01 3.820394323E-01 -4.200875387E-01 3.820394323E-01 
7.659602563E+00 9.189018548E-01 -9.056510980E-01 9.189018548E-01 3.944862290E-01 -4.240236893E-01 3.944862290E-01 
7.673304893E+00 9.134899762E-01 -9.038014748E-01 9.134899762E-01 4.068612379E-01 -4.279519768E-01 4.068612379E-01 
7.687007223E+00 9.079113288E-01 -9.019343135E-01 9.079113288E-01 4.191622867E-01 -4.318732387E-01 4.191622867E-01 
7.700709553E+00 9.021668778E-01 -9.000491966E-01 9.021668778E-01 4.313872137E-01 -4.357883013E-01 4.313872137E-01 
7.714411884E+00 8.962576145E-01 -8.981456930E-01 8.962576145E-01 4.435338677E-01 -4.396979802E-01 4.435338677E-01 
7.728114214E+00 8.901845563E-01 -8.962233579E-01 8.901845563E-01 4.556001087E-01 -4.436030795E-01 4.556001087E-01 
7.741816544E+00 8.839487464E-01 -8.942817333E-01 8.839487464E-01 4.675838076E-01 -4.475043919E-01 4.675838076E-01 
7.755518874E+00 8.775512537E-01 -8.923203479E-01 8.775512537E-01 4.794828468E-01 -4.514026982E-01 4.794828468E-01 
7.769221204E+00 8.709931732E-01 -8.903387171E-01 8.709931732E-01 4.912951205E-01 -4.552987675E-01 4.912951205E-01 
7.782923534E+00 8.642756255E-01 -8.883363439E-01 8.642756255E-01 5.030185348E-01 -4.591933568E-01 5.030185348E-01 
7.796625865E+00 8.573997570E-01 -8.863127179E-01 8.573997570E-01 5.146510078E-01 -4.630872107E-01 5.146510078E-01 
7.810328195E+00 8.503667397E-01 -8.842673163E-01 8.503667397E-01 5.261904704E-01 -4.669810614E-01 5.261904704E-01 
7.824030525E+00 8.431777714E-01 -8.821996038E-01 8.431777714E-01 5.376348659E-01 -4.708756283E-01 5.376348659E-01 
7.837732855E+00 8.358340751E-01 -8.801090323E-01 8.358340751E-01 5.489821508E-01 -4.747716180E-01 5.489821508E-01 
7.851435185E+00 8.283368999E-01 -8.779950418E-01 8.283368999E-01 5.602302949E-01 -4.786697239E-01 5.602302949E-01 
7.865137515E+00 8.206875198E-01 -8.758570595E-01 8.206875198E-01 5.713772814E-01 -4.825706260E-01 5.713772814E-01 
7.878839846E+00 8.128872347E-01 -8.736945009E-01 8.128872347E-01 5.824211076E-01 -4.864749909E-01 5.824211076E-01 
7.892542176E+00 8.049373695E-01 -8.715067691E-01 8.049373695E-01 5.933597846E-01 -4.903834713E-01 5.933597846E-01 
7.906244506E+00 7.968392747E-01 -8.692932553E-01 7.968392747E-01 6.041913382E-01 -4.942967060E-01 6.041913382E-01 
7.919946836E+00 7.885943258E-01 -8.670533389E-01 7.885943258E-01 6.149138086E-01 -4.982153196E-01 6.149138086E-01 
7.933649166E+00 7.802039237E-01 -8.647863873E-01 7.802039237E-01 6.255252513E-01 -5.021399222E-01 6.255252513E-01 
7.947351496E+00 7.716694944E-01 -8.624917562E-01 7.716694944E-01 6.360237370E-01 -5.060711092E-01 6.360237370E-01 
7.961053827E+00 7.629924889E-01 -8.601687896E-01 7.629924889E-01 6.464073518E-01 -5.100094611E-01 6.464073518E-01 
7.974756157E+00 7.541743833E-01 -8.578168198E-01 7.541743833E-01 6.566741979E-01 -5.139555433E-01 6.566741979E-01 
7.988458487E+00 7.452166785E-01 -8.554351678E-01 7.452166785E-01 6.668223935E-01 -5.179099059E-01 6.668223935E-01 
8.002160817E+00 7.361209005E-01 -8.530231428E-01 7.361209005E-01 6.768500737E-01 -5.218730829E-01 6.768500737E-01 
8.015863147E+00 7.268886000E-01 -8.505800427E-01 7.268886000E-01 6.867553899E-01 -5.258455928E-01 6.867553899E-01 
8.029565477E+00 7.175213525E-01 -8.481051542E-01 7.175213525E-01 6.965365110E-01 -5.298279380E-01 6.965365110E-01 
8.043267808E+00 7.080207580E-01 -8.455977525E-01 7.080207580E-01 7.061916232E-01 -5.338206039E-01 7.061916232E-01 
8.056970138E+00 6.983884414E-01 -8.430571017E-01 6.983884414E-01 7.157189304E-01 -5.378240598E-01 7.157189304E-01 
8.070672468E+00 6.886260520E-01 -8.404824547E-01 6.886260520E-01 7.251166547E-01 -5.418387577E-01 7.251166547E-01 
8.084374798E+00 6.787352634E-01 -8.378730532E-01 6.787352634E-01 7.343830367E-01 -5.458651321E-01 7.343830367E-01 
8.098077128E+00 6.687177739E-01 -8.352281282E-01 6.687177739E-01 7.435163356E-01 -5.499036003E-01 7.435163356E-01 
8.111779458E+00 6.585753059E-01 -8.325468993E-01 6.585753059E-01 7.525148297E-01 -5.539545615E-01 7.525148297E-01 
8.125481789E+00 6.483096061E-01 -8.298285755E-01 6.483096061E-01 7.613768168E-01 -5.580183966E-01 7.613768168E-01 
8.139184119E+00 6.379224453E-01 -8.270723550E-01 6.379224453E-01 7.701006145E-01 -5.620954681E-01 7.701006145E-01 
8.152886449E+00 6.274156184E-01 -8.242774252E-01 6.274156184E-01 7.786845603E-01 -5.661861196E-01 7.786845603E-01 
8.166588779E+00 6.167909443E-01 -8.214429628E-01 6.167909443E-01 7.871270124E-01 -5.702906754E-01 7.871270124E-01 
8.180291109E+00 6.060502658E-01 -8.185681341E-01 6.060502658E-01 7.954263498E-01 -5.744094406E-01 7.954263498E-01 
8.193993439E+00 5.951954496E-01 -8.156520948E-01 5.951954496E-01 8.035809725E-01 -5.785427002E-01 8.035809725E-01 
8.207695770E+00 5.842090125E-01 -8.126887511E-01 5.842090125E-01 8.116032485E-01 -5.826980260E-01 8.116032485E-01 
