0.000000000E+00 -6.240325742E-01 -7.819982696E-01 9.939873355E-01 -7.813983271E-01 6.232806001E-01 -1.094950988E-01 
8.191566197E-02 -6.230775336E-01 -7.813041624E-01 9.947567092E-01 -7.821600772E-01 6.241504674E-01 -1.022696681E-01 
1.638313239E-01 -6.221659539E-01 -7.806270667E-01 9.954767884E-01 -7.828853845E-01 6.249971062E-01 -9.500505122E-02 
2.457469859E-01 -6.212967715E-01 -7.799668366E-01 9.961469263E-01 -7.835753450E-01 6.258208481E-01 -8.770004377E-02 
3.276626479E-01 -6.204689236E-01 -7.793233259E-01 9.967664314E-01 -7.842310339E-01 6.266220183E-01 -8.035345812E-02 
4.095783098E-01 -6.196813504E-01 -7.786963893E-01 9.973345649E-01 -7.848535047E-01 6.274009350E-01 -7.296412182E-02 
4.914939718E-01 -6.189329952E-01 -7.780858830E-01 9.978505408E-01 -7.854437901E-01 6.281579090E-01 -6.553087901E-02 
5.734096338E-01 -6.182228057E-01 -7.774916644E-01 9.983135252E-01 -7.860029026E-01 6.288932436E-01 -5.805259122E-02 
6.553252957E-01 -6.175497341E-01 -7.769135929E-01 9.987226369E-01 -7.865318345E-01 6.296072342E-01 -5.052813818E-02 
7.372409577E-01 -6.169127374E-01 -7.763515298E-01 9.990769462E-01 -7.870315593E-01 6.303001684E-01 -4.295641890E-02 
8.191566197E-01 -6.163107782E-01 -7.758053391E-01 9.993754753E-01 -7.875030323E-01 6.309723259E-01 -3.533635275E-02 
9.010722817E-01 -6.157428246E-01 -7.752748873E-01 9.996171979E-01 -7.879471906E-01 6.316239778E-01 -2.766688033E-02 
9.829879436E-01 -6.152078510E-01 -7.747600438E-01 9.998010388E-01 -7.883649545E-01 6.322553874E-01 -1.994696477E-02 
1.064903606E+00 -6.147048379E-01 -7.742606812E-01 9.999258741E-01 -7.887572273E-01 6.328668089E-01 -1.217559266E-02 
1.146819268E+00 -6.142327725E-01 -7.737766756E-01 9.999905304E-01 -7.891248966E-01 6.334584884E-01 -4.351775353E-03 
1.228734930E+00 -6.137906485E-01 -7.733079066E-01 9.999937851E-01 -7.894688346E-01 6.340306631E-01 3.525450025E-03 
1.310650591E+00 -6.133774670E-01 -7.728542579E-01 9.999343658E-01 -7.897898985E-01 6.345835613E-01 1.145701921E-02 
1.392566253E+00 -6.129922356E-01 -7.724156169E-01 9.998109503E-01 -7.900889314E-01 6.351174024E-01 1.944383954E-02 
1.474481915E+00 -6.126339695E-01 -7.719918756E-01 9.996221665E-01 -7.903667628E-01 6.356323969E-01 2.748678870E-02 
1.556397577E+00 -6.123016907E-01 -7.715829304E-01 9.993665921E-01 -7.906242089E-01 6.361287461E-01 3.558671340E-02 
1.638313239E+00 -6.119944288E-01 -7.711886821E-01 9.990427541E-01 -7.908620735E-01 6.366066420E-01 4.374442785E-02 
1.720228901E+00 -6.117112204E-01 -7.708090366E-01 9.986491296E-01 -7.910811481E-01 6.370662675E-01 5.196071242E-02 
1.802144563E+00 -6.114511095E-01 -7.704439046E-01 9.981841445E-01 -7.912822131E-01 6.375077959E-01 6.023631206E-02 
1.884060225E+00 -6.112131472E-01 -7.700932022E-01 9.976461745E-01 -7.914660376E-01 6.379313913E-01 6.857193470E-02 
1.965975887E+00 -6.109963919E-01 -7.697568505E-01 9.970335443E-01 -7.916333804E-01 6.383372080E-01 7.696824967E-02 
2.047891549E+00 -6.107999089E-01 -7.694347762E-01 9.963445277E-01 -7.917849905E-01 6.387253910E-01 8.542588611E-02 
2.129807211E+00 -6.106227705E-01 -7.691269117E-01 9.955773482E-01 -7.919216071E-01 6.390960755E-01 9.394543100E-02 
2.211722873E+00 -6.104640559E-01 -7.688331949E-01 9.947301779E-01 -7.920439610E-01 6.394493869E-01 1.025274278E-01 
2.293638535E+00 -6.103228508E-01 -7.685535698E-01 9.938011389E-01 -7.921527739E-01 6.397854408E-01 1.111723741E-01 
2.375554197E+00 -6.101982477E-01 -7.682879861E-01 9.927883024E-01 -7.922487602E-01 6.401043433E-01 1.198807201E-01 
2.457469859E+00 -6.100893450E-01 -7.680363999E-01 9.916896897E-01 -7.923326262E-01 6.404061901E-01 1.286528663E-01 
2.539385521E+00 -6.099952476E-01 -7.677987732E-01 9.905032717E-01 -7.924050715E-01 6.406910673E-01 1.374891619E-01 
2.621301183E+00 -6.099150660E-01 -7.675750745E-01 9.892269697E-01 -7.924667890E-01 6.409590509E-01 1.463899023E-01 
2.703216845E+00 -6.098479165E-01 -7.673652785E-01 9.878586556E-01 -7.925184655E-01 6.412102068E-01 1.553553271E-01 
2.785132507E+00 -6.097929207E-01 -7.671693665E-01 9.863961526E-01 -7.925607821E-01 6.414445907E-01 1.643856181E-01 
2.867048169E+00 -6.097492054E-01 -7.669873265E-01 9.848372353E-01 -7.925944145E-01 6.416622483E-01 1.734808966E-01 
2.948963831E+00 -6.097159023E-01 -7.668191528E-01 9.831796305E-01 -7.926200337E-01 6.418632150E-01 1.826412215E-01 
3.030879493E+00 -6.096921476E-01 -7.666648466E-01 9.814210182E-01 -7.926383062E-01 6.420475160E-01 1.918665865E-01 
3.112795155E+00 -6.096770817E-01 -7.665244159E-01 9.795590315E-01 -7.926498946E-01 6.422151662E-01 2.011569182E-01 
3.194710817E+00 -6.096698490E-01 -7.663978755E-01 9.775912588E-01 -7.926554577E-01 6.423661699E-01 2.105120730E-01 
3.276626479E+00 -6.096695976E-01 -7.662852470E-01 9.755152435E-01 -7.926556511E-01 6.425005214E-01 2.199318350E-01 
3.358542141E+00 -6.096754787E-01 -7.661865590E-01 9.733284859E-01 -7.926511276E-01 6.426182044E-01 2.294159130E-01 
3.440457803E+00 -6.096866466E-01 -7.661018470E-01 9.710284439E-01 -7.926425376E-01 6.427191921E-01 2.389639383E-01 
3.522373465E+00 -6.097022581E-01 -7.660311535E-01 9.686125350E-01 -7.926305293E-01 6.428034472E-01 2.485754615E-01 
3.604289127E+00 -6.097214721E-01 -7.659745280E-01 9.660781367E-01 -7.926157492E-01 6.428709219E-01 2.582499505E-01 
3.686204789E+00 -6.097434496E-01 -7.659320271E-01 9.634225893E-01 -7.925988425E-01 6.429215579E-01 2.679867867E-01 
3.768120451E+00 -6.097673528E-01 -7.659037144E-01 9.606431967E-01 -7.925804532E-01 6.429552862E-01 2.777852630E-01 
3.850036113E+00 -6.097923452E-01 -7.658896606E-01 9.577372284E-01 -7.925612249E-01 6.429720271E-01 2.876445810E-01 
3.931951774E+00 -6.098175907E-01 -7.658899431E-01 9.547019226E-01 -7.925418005E-01 6.429716906E-01 2.975638472E-01 
4.013867436E+00 -6.098422538E-01 -7.659046468E-01 9.515344862E-01 -7.925228230E-01 6.429541755E-01 3.075420715E-01 
4.095783098E+00 -6.098654985E-01 -7.659338633E-01 9.482320997E-01 -7.925049358E-01 6.429193705E-01 3.175781631E-01 
4.177698760E+00 -6.098864885E-01 -7.659776912E-01 9.447919174E-01 -7.924887826E-01 6.428671531E-01 3.276709284E-01 
4.259614422E+00 -6.099043866E-01 -7.660362360E-01 9.412110719E-01 -7.924750083E-01 6.427973903E-01 3.378190678E-01 
4.341530084E+00 -6.099183538E-01 -7.661096102E-01 9.374866758E-01 -7.924642587E-01 6.427099385E-01 3.480211727E-01 
4.423445746E+00 -6.099275498E-01 -7.661979329E-01 9.336158257E-01 -7.924571809E-01 6.426046432E-01 3.582757231E-01 
4.505361408E+00 -6.099311316E-01 -7.663013301E-01 9.295956044E-01 -7.924544241E-01 6.424813393E-01 3.685810845E-01 
4.587277070E+00 -6.099282538E-01 -7.664199345E-01 9.254230851E-01 -7.924566391E-01 6.423398508E-01 3.789355052E-01 
4.669192732E+00 -6.099180677E-01 -7.665538850E-01 9.210953347E-01 -7.924644789E-01 6.421799913E-01 3.893371134E-01 
4.751108394E+00 -6.098997211E-01 -7.667033274E-01 9.166094179E-01 -7.924785990E-01 6.420015635E-01 3.997839150E-01 
4.833024056E+00 -6.098723578E-01 -7.668684137E-01 9.119624007E-01 -7.924996574E-01 6.418043596E-01 4.102737907E-01 
4.914939718E+00 -6.098351170E-01 -7.670493018E-01 9.071513554E-01 -7.925283148E-01 6.415881611E-01 4.208044936E-01 
4.996855380E+00 -6.097871331E-01 -7.672461562E-01 9.021733649E-01 -7.925652352E-01 6.413527390E-01 4.313736469E-01 
5.078771042E+00 -6.097275350E-01 -7.674591467E-01 8.970255266E-01 -7.926110855E-01 6.410978537E-01 4.419787417E-01 
5.160686704E+00 -6.096554459E-01 -7.676884495E-01 8.917049584E-01 -7.926665359E-01 6.408232552E-01 4.526171348E-01 
5.242602366E+00 -6.095699826E-01 -7.679342457E-01 8.862088031E-01 -7.927322600E-01 6.405286833E-01 4.632860466E-01 
5.324518028E+00 -6.094702553E-01 -7.681967223E-01 8.805342338E-01 -7.928089352E-01 6.402138672E-01 4.739825596E-01 
5.406433690E+00 -6.093553668E-01 -7.684760711E-01 8.746784596E-01 -7.928972423E-01 6.398785261E-01 4.847036167E-01 
5.488349352E+00 -6.092244123E-01 -7.687724888E-01 8.686387313E-01 -7.929978658E-01 6.395223689E-01 4.954460197E-01 
5.570265014E+00 -6.090764790E-01 -7.690861770E-01 8.624123469E-01 -7.931114943E-01 6.391450948E-01 5.062064282E-01 
5.652180676E+00 -6.089106455E-01 -7.694173416E-01 8.559966583E-01 -7.932388200E-01 6.387463929E-01 5.169813583E-01 
5.734096338E+00 -6.087259812E-01 -7.697661924E-01 8.493890775E-01 -7.933805389E-01 6.383259426E-01 5.277671828E-01 
5.816012000E+00 -6.085215463E-01 -7.701329432E-01 8.425870823E-01 -7.935373510E-01 6.378834139E-01 5.385601293E-01 
5.897927662E+00 -6.082963908E-01 -7.705178113E-01 8.355882240E-01 -7.937099601E-01 6.374184673E-01 5.493562815E-01 
5.979843324E+00 -6.080495545E-01 -7.709210171E-01 8.283901337E-01 -7.938990736E-01 6.369307539E-01 5.601515784E-01 
6.061758986E+00 -6.077800663E-01 -7.713427838E-01 8.209905287E-01 -7.941054028E-01 6.364199162E-01 5.709418150E-01 
6.143674648E+00 -6.074869440E-01 -7.717833371E-01 8.133872207E-01 -7.943296624E-01 6.358855876E-01 5.817226431E-01 
6.225590310E+00 -6.071691936E-01 -7.722429045E-01 8.055781219E-01 -7.945725707E-01 6.353273930E-01 5.924895728E-01 
6.307505972E+00 -6.068258089E-01 -7.727217154E-01 7.975612528E-01 -7.948348491E-01 6.347449491E-01 6.032379732E-01 
6.389421634E+00 -6.064557713E-01 -7.732200001E-01 7.893347495E-01 -7.951172223E-01 6.341378646E-01 6.139630751E-01 
6.471337295E+00 -6.060580492E-01 -7.737379898E-01 7.808968707E-01 -7.954204176E-01 6.335057403E-01 6.246599729E-01 
6.553252957E+00 -6.056315976E-01 -7.742759159E-01 7.722460056E-01 -7.957451651E-01 6.328481698E-01 6.353236271E-01 
6.635168619E+00 -6.051753577E-01 -7.748340095E-01 7.633806811E-01 -7.960921970E-01 6.321647394E-01 6.459488680E-01 
6.717084281E+00 -6.046882567E-01 -7.754125008E-01 7.542995690E-01 -7.964622476E-01 6.314550290E-01 6.565303989E-01 
6.798999943E+00 -6.041692072E-01 -7.760116189E-01 7.450014936E-01 -7.968560527E-01 6.307186118E-01 6.670627998E-01 
6.880915605E+00 -6.036171066E-01 -7.766315909E-01 7.354854389E-01 -7.972743494E-01 6.299550556E-01 6.775405326E-01 
6.962831267E+00 -6.030308373E-01 -7.772726414E-01 7.257505558E-01 -7.977178755E-01 6.291639221E-01 6.879579456E-01 
7.044746929E+00 -6.024092661E-01 -7.779349921E-01 7.157961691E-01 -7.981873688E-01 6.283447685E-01 6.983092784E-01 
7.126662591E+00 -6.017512436E-01 -7.786188607E-01 7.056217843E-01 -7.986835672E-01 6.274971471E-01 7.085886687E-01 
7.208578253E+00 -6.010556042E-01 -7.793244610E-01 6.952270942E-01 -7.992072074E-01 6.266206065E-01 7.187901580E-01 
7.290493915E+00 -6.003211656E-01 -7.800520015E-01 6.846119858E-01 -7.997590248E-01 6.257146913E-01 7.289076982E-01 
7.372409577E+00 -5.995467287E-01 -7.808016851E-01 6.737765456E-01 -8.003397526E-01 6.247789438E-01 7.389351595E-01 
7.454325239E+00 -5.987310772E-01 -7.815737083E-01 6.627210665E-01 -8.009501213E-01 6.238129034E-01 7.488663374E-01 
7.536240901E+00 -5.978729772E-01 -7.823682608E-01 6.514460525E-01 -8.015908574E-01 6.228161081E-01 7.586949609E-01 
7.618156563E+00 -5.969711773E-01 -7.831855241E-01 6.399522242E-01 -8.022626833E-01 6.217880948E-01 7.684147015E-01 
7.700072225E+00 -5.960244079E-01 -7.840256717E-01 6.282405235E-01 -8.029663160E-01 6.207283997E-01 7.780191817E-01 
7.781987887E+00 -5.950313816E-01 -7.848888672E-01 6.163121183E-01 -8.037024664E-01 6.196365597E-01 7.875019841E-01 
7.863903549E+00 -5.939907924E-01 -7.857752647E-01 6.041684053E-01 -8.044718380E-01 6.185121126E-01 7.968566621E-01 
7.945819211E+00 -5.929013160E-01 -7.866850073E-01 5.918110147E-01 -8.052751263E-01 6.173545978E-01 8.060767485E-01 
8.027734873E+00 -5.917616094E-01 -7.876182263E-01 5.792418122E-01 -8.061130176E-01 6.161635576E-01 8.151557668E-01 
8.109650535E+00 -5.905703112E-01 -7.885750409E-01 5.664629013E-01 -8.069861877E-01 6.149385375E-01 8.240872420E-01 
8.191566197E+00 -5.893260408E-01 -7.895555570E-01 5.534766250E-01 -8.078953009E-01 6.136790875E-01 8.328647107E-01 
8.273481859E+00 -5.880273992E-01 -7.905598665E-01 5.402855669E-01 -8.088410087E-01 6.123847626E-01 8.414817328E-01 
8.355397521E+00 -5.866729684E-01 -7.915880467E-01 5.268925517E-01 -8.098239487E-01 6.110551239E-01 8.499319027E-01 
8.437313183E+00 -5.852613116E-01 -7.926401589E-01 5.133006450E-01 -8.108447427E-01 6.096897396E-01 8.582088603E-01 
8.519228845E+00 -5.837909734E-01 -7.937162486E-01 4.995131524E-01 -8.119039962E-01 6.082881857E-01 8.663063029E-01 
8.601144507E+00 -5.822604796E-01 -7.948163436E-01 4.855336177E-01 -8.130022962E-01 6.068500474E-01 8.742179966E-01 
8.683060169E+00 -5.806683378E-01 -7.959404542E-01 4.713658210E-01 -8.141402099E-01 6.053749198E-01 8.819377881E-01 
8.764975831E+00 -5.790130369E-01 -7.970885716E-01 4.570137753E-01 -8.153182832E-01 6.038624091E-01 8.894596159E-01 
8.846891493E+00 -5.772930481E-01 -7.982606678E-01 4.424817232E-01 -8.165370393E-01 6.023121337E-01 8.967775218E-01 
8.928807155E+00 -5.755068245E-01 -7.994566943E-01 4.277741322E-01 -8.177969765E-01 6.007237252E-01 9.038856623E-01 
9.010722817E+00 -5.736528021E-01 -8.006765819E-01 4.128956900E-01 -8.190985670E-01 5.990968297E-01 9.107783197E-01 
9.092638478E+00 -5.717293994E-01 -8.019202396E-01 3.978512987E-01 -8.204422550E-01 5.974311086E-01 9.174499127E-01 
9.174554140E+00 -5.697350183E-01 -8.031875539E-01 3.826460680E-01 -8.218284546E-01 5.957262403E-01 9.238950074E-01 
9.256469802E+00 -5.676680447E-01 -8.044783885E-01 3.672853088E-01 -8.232575483E-01 5.939819212E-01 9.301083270E-01 
9.338385464E+00 -5.655268487E-01 -8.057925832E-01 3.517745247E-01 -8.247298851E-01 5.921978665E-01 9.360847620E-01 
9.420301126E+00 -5.633097852E-01 -8.071299537E-01 3.361194045E-01 -8.262457781E-01 5.903738121E-01 9.418193794E-01 
9.502216788E+00 -5.610151949E-01 -8.084902908E-01 3.203258130E-01 -8.278055031E-01 5.885095156E-01 9.473074321E-01 
9.584132450E+00 -5.586414048E-01 -8.098733598E-01 3.043997816E-01 -8.294092963E-01 5.866047574E-01 9.525443665E-01 
9.666048112E+00 -5.561867288E-01 -8.112789002E-01 2.883474983E-01 -8.310573522E-01 5.846593422E-01 9.575258312E-01 
9.747963774E+00 -5.536494690E-01 -8.127066251E-01 2.721752975E-01 -8.327498217E-01 5.826731003E-01 9.622476835E-01 
9.829879436E+00 -5.510279164E-01 -8.141562208E-01 2.558896493E-01 -8.344868096E-01 5.806458889E-01 9.667059968E-01 
9.911795098E+00 -5.483203519E-01 -8.156273466E-01 2.394971483E-01 -8.362683730E-01 5.785775935E-01 9.708970659E-01 
9.993710760E+00 -5.455250474E-01 -8.171196341E-01 2.230045020E-01 -8.380945189E-01 5.764681290E-01 9.748174130E-01 
1.007562642E+01 -5.426402672E-01 -8.186326873E-01 2.064185193E-01 -8.399652020E-01 5.743174414E-01 9.784637916E-01 
1.015754208E+01 -5.396642688E-01 -8.201660821E-01 1.897460982E-01 -8.418803223E-01 5.721255089E-01 9.818331908E-01 
1.023945775E+01 -5.365953047E-01 -8.217193664E-01 1.729942143E-01 -8.438397236E-01 5.698923435E-01 9.849228386E-01 
1.032137341E+01 -5.334316237E-01 -8.232920596E-01 1.561699080E-01 -8.458431905E-01 5.676179920E-01 9.877302041E-01 
1.040328907E+01 -5.301714723E-01 -8.248836530E-01 1.392802724E-01 -8.478904470E-01 5.653025378E-01 9.902529989E-01 
1.048520473E+01 -5.268130965E-01 -8.264936095E-01 1.223324413E-01 -8.499811537E-01 5.629461020E-01 9.924891788E-01 
1.056712039E+01 -5.233547433E-01 -8.281213637E-01 1.053335767E-01 -8.521149059E-01 5.605488447E-01 9.944369431E-01 
1.064903606E+01 -5.197946629E-01 -8.297663221E-01 8.829085689E-02 -8.542912318E-01 5.581109666E-01 9.960947348E-01 
1.073095172E+01 -5.161311101E-01 -8.314278632E-01 7.121146427E-02 -8.565095898E-01 5.556327101E-01 9.974612391E-01 
1.081286738E+01 -5.123623468E-01 -8.331053380E-01 5.410257402E-02 -8.587693671E-01 5.531143608E-01 9.985353813E-01 
1.089478304E+01 -5.084866438E-01 -8.347980697E-01 3.697134241E-02 -8.610698772E-01 5.505562488E-01 9.993163243E-01 
1.097669870E+01 -5.045022830E-01 -8.365053549E-01 1.982489578E-02 -8.634103583E-01 5.479587498E-01 9.998034656E-01 
1.105861437E+01 -5.004075602E-01 -8.382264635E-01 2.670319779E-03 -8.657899712E-01 5.453222866E-01 9.999964328E-01 
1.114053003E+01 -4.962007868E-01 -8.399606392E-01 -1.448535110E-02 -8.682077975E-01 5.426473300E-01 9.998950800E-01 
1.122244569E+01 -4.918802930E-01 -8.417071006E-01 -3.163514329E-02 -8.706628383E-01 5.399344007E-01 9.994994818E-01 
1.130436135E+01 -4.874444299E-01 -8.434650411E-01 -4.877215362E-02 -8.731540118E-01 5.371840697E-01 9.988099287E-01 
1.138627701E+01 -4.828915726E-01 -8.452336301E-01 -6.588955828E-02 -8.756801526E-01 5.343969599E-01 9.978269203E-01 
1.146819268E+01 -4.782201231E-01 -8.470120139E-01 -8.298062114E-02 -8.782400096E-01 5.315737471E-01 9.965511594E-01 
1.155010834E+01 -4.734285128E-01 -8.487993160E-01 -1.000387018E-01 -8.808322451E-01 5.287151610E-01 9.949835451E-01 
1.163202400E+01 -4.685152058E-01 -8.505946384E-01 -1.170572625E-01 -8.834554333E-01 5.258219863E-01 9.931251655E-01 
1.171393966E+01 -4.634787022E-01 -8.523970626E-01 -1.340298750E-01 -8.861080597E-01 5.228950639E-01 9.909772902E-01 
1.179585532E+01 -4.583175411E-01 -8.542056504E-01 -1.509502266E-01 -8.887885195E-01 5.199352912E-01 9.885413630E-01 
1.187777099E+01 -4.530303038E-01 -8.560194450E-01 -1.678121255E-01 -8.914951176E-01 5.169436235E-01 9.858189935E-01 
1.195968665E+01 -4.476156176E-01 -8.578374725E-01 -1.846095057E-01 -8.942260675E-01 5.139210746E-01 9.828119495E-01 
1.204160231E+01 -4.420721588E-01 -8.596587426E-01 -2.013364310E-01 -8.969794911E-01 5.108687175E-01 9.795221485E-01 
1.212351797E+01 -4.363986566E-01 -8.614822500E-01 -2.179870988E-01 -8.997534182E-01 5.077876850E-01 9.759516498E-01 
1.220543363E+01 -4.305938963E-01 -8.633069762E-01 -2.345558428E-01 -9.025457869E-01 5.046791703E-01 9.721026462E-01 
1.228734930E+01 -4.246567235E-01 -8.651318900E-01 -2.510371357E-01 -9.053544435E-01 5.015444277E-01 9.679774557E-01 
1.236926496E+01 -4.185860473E-01 -8.669559496E-01 -2.674255908E-01 -9.081771425E-01 4.983847726E-01 9.635785136E-01 
1.245118062E+01 -4.123808444E-01 -8.687781035E-01 -2.837159628E-01 -9.110115479E-01 4.952015821E-01 9.589083643E-01 
1.253309628E+01 -4.060401625E-01 -8.705972925E-01 -2.999031492E-01 -9.138552334E-01 4.919962950E-01 9.539696536E-01 
1.261501194E+01 -3.995631244E-01 -8.724124508E-01 -3.159821899E-01 -9.167056839E-01 4.887704120E-01 9.487651209E-01 
1.269692761E+01 -3.929489319E-01 -8.742225077E-01 -3.319482669E-01 -9.195602961E-01 4.855254958E-01 9.432975921E-01 
1.277884327E+01 -3.861968692E-01 -8.760263890E-01 -3.477967037E-01 -9.224163808E-01 4.822631706E-01 9.375699720E-01 
1.286075893E+01 -3.793063068E-01 -8.778230190E-01 -3.635229636E-01 -9.252711640E-01 4.789851222E-01 9.315852374E-01 
1.294267459E+01 -3.722767056E-01 -8.796113215E-01 -3.791226485E-01 -9.281217893E-01 4.756930975E-01 9.253464309E-01 
1.302459025E+01 -3.651076202E-01 -8.813902218E-01 -3.945914963E-01 -9.309653200E-01 4.723889041E-01 9.188566542E-01 
1.310650591E+01 -3.577987026E-01 -8.831586484E-01 -4.099253786E-01 -9.337987416E-01 4.690744093E-01 9.121190624E-01 
1.318842158E+01 -3.503497061E-01 -8.849155343E-01 -4.251202984E-01 -9.366189646E-01 4.657515399E-01 9.051368582E-01 
1.327033724E+01 -3.427604884E-01 -8.866598187E-01 -4.401723863E-01 -9.394228276E-01 4.624222806E-01 8.979132869E-01 
1.335225290E+01 -3.350310153E-01 -8.883904488E-01 -4.550778977E-01 -9.422071005E-01 4.590886735E-01 8.904516312E-01 
1.343416856E+01 -3.271613638E-01 -8.901063812E-01 -4.698332092E-01 -9.449684881E-01 4.557528167E-01 8.827552074E-01 
1.351608422E+01 -3.191517256E-01 -8.918065833E-01 -4.844348148E-01 -9.477036338E-01 4.524168627E-01 8.748273607E-01 
1.359799989E+01 -3.110024094E-01 -8.934900354E-01 -4.988793223E-01 -9.504091239E-01 4.490830171E-01 8.666714619E-01 
1.367991555E+01 -3.027138445E-01 -8.951557316E-01 -5.131634490E-01 -9.530814917E-01 4.457535370E-01 8.582909039E-01 
1.376183121E+01 -2.942865831E-01 -8.968026815E-01 -5.272840182E-01 -9.557172220E-01 4.424307289E-01 8.496890993E-01 
1.384374687E+01 -2.857213029E-01 -8.984299119E-01 -5.412379546E-01 -9.583127561E-01 4.391169466E-01 8.408694773E-01 
1.392566253E+01 -2.770188093E-01 -9.000364676E-01 -5.550222806E-01 -9.608644965E-01 4.358145893E-01 8.318354823E-01 
1.400757820E+01 -2.681800376E-01 -9.016214132E-01 -5.686341120E-01 -9.633688124E-01 4.325260993E-01 8.225905715E-01 
1.408949386E+01 -2.592060546E-01 -9.031838340E-01 -5.820706541E-01 -9.658220450E-01 4.292539590E-01 8.131382142E-01 
1.417140952E+01 -2.500980603E-01 -9.047228374E-01 -5.953291977E-01 -9.682205128E-01 4.260006886E-01 8.034818904E-01 
1.425332518E+01 -2.408573896E-01 -9.062375540E-01 -6.084071154E-01 -9.705605180E-01 4.227688432E-01 7.936250903E-01 
1.433524084E+01 -2.314855126E-01 -9.077271386E-01 -6.213018577E-01 -9.728383517E-01 4.195610097E-01 7.835713137E-01 
1.441715651E+01 -2.219840361E-01 -9.091907710E-01 -6.340109493E-01 -9.750503006E-01 4.163798037E-01 7.733240706E-01 
1.449907217E+01 -2.123547036E-01 -9.106276571E-01 -6.465319862E-01 -9.771926529E-01 4.132278659E-01 7.628868809E-01 
1.458098783E+01 -2.025993960E-01 -9.120370293E-01 -6.588626317E-01 -9.792617044E-01 4.101078591E-01 7.522632749E-01 
1.466290349E+01 -1.927201310E-01 -9.134181477E-01 -6.710006141E-01 -9.812537653E-01 4.070224642E-01 7.414567946E-01 
1.474481915E+01 -1.827190630E-01 -9.147703002E-01 -6.829437233E-01 -9.831651666E-01 4.039743763E-01 7.304709941E-01 
1.482673482E+01 -1.725984823E-01 -9.160928032E-01 -6.946898086E-01 -9.849922662E-01 4.009663012E-01 7.193094413E-01 
1.490865048E+01 -1.623608142E-01 -9.173850019E-01 -7.062367762E-01 -9.867314561E-01 3.980009510E-01 7.079757188E-01 
1.499056614E+01 -1.520086177E-01 -9.186462706E-01 -7.175825869E-01 -9.883791684E-01 3.950810402E-01 6.964734262E-01 
1.507248180E+01 -1.415445834E-01 -9.198760126E-01 -7.287252549E-01 -9.899318821E-01 3.922092811E-01 6.848061809E-01 
1.515439746E+01 -1.309715321E-01 -9.210736608E-01 -7.396628453E-01 -9.913861296E-01 3.893883796E-01 6.729776206E-01 
1.523631313E+01 -1.202924126E-01 -9.222386770E-01 -7.503934735E-01 -9.927385031E-01 3.866210308E-01 6.609914049E-01 
1.531822879E+01 -1.095102985E-01 -9.233705522E-01 -7.609153041E-01 -9.939856611E-01 3.839099140E-01 6.488512174E-01 
1.540014445E+01 -9.862838595E-02 -9.244688061E-01 -7.712265499E-01 -9.951243345E-01 3.812576887E-01 6.365607679E-01 
1.548206011E+01 -8.764999043E-02 -9.255329870E-01 -7.813254713E-01 -9.961513332E-01 3.786669893E-01 6.241237941E-01 
1.556397577E+01 -7.657854315E-02 -9.265626707E-01 -7.912103767E-01 -9.970635517E-01 3.761404207E-01 6.115440640E-01 
1.564589144E+01 -6.541758745E-02 -9.275574607E-01 -8.008796219E-01 -9.978579751E-01 3.736805533E-01 5.988253782E-01 
1.572780710E+01 -5.417077488E-02 -9.285169872E-01 -8.103316109E-01 -9.985316852E-01 3.712899181E-01 5.859715715E-01 
1.580972276E+01 -4.284186118E-02 -9.294409063E-01 -8.195647964E-01 -9.990818655E-01 3.689710023E-01 5.729865153E-01 
1.589163842E+01 -3.143470162E-02 -9.303288994E-01 -8.285776804E-01 -9.995058071E-01 3.667262439E-01 5.598741195E-01 
1.597355408E+01 -1.995324651E-02 -9.311806720E-01 -8.373688157E-01 -9.998009135E-01 3.645580272E-01 5.466383344E-01 
1.605546975E+01 -8.401536380E-03 -9.319959531E-01 -8.459368069E-01 -9.999647057E-01 3.624686779E-01 5.332831526E-01 
1.613738541E+01 3.216302976E-03 -9.327744942E-01 -8.542803122E-01 -9.999948269E-01 3.604604585E-01 5.198126107E-01 
1.621930107E+01 1.489606585E-02 -9.335160679E-01 -8.623980451E-01 -9.998890466E-01 3.585355633E-01 5.062307910E-01 
1.630121673E+01 2.663347187E-02 -9.342204673E-01 -8.702887767E-01 -9.996452652E-01 3.566961141E-01 4.925418226E-01 
1.638313239E+01 3.842417140E-02 -9.348875044E-01 -8.779513373E-01 -9.992615178E-01 3.549441554E-01 4.787498836E-01 
1.646504806E+01 5.026375130E-02 -9.355170096E-01 -8.853846196E-01 -9.987359777E-01 3.532816502E-01 4.648592013E-01 
1.654696372E+01 6.214774061E-02 -9.361088297E-01 -8.925875805E-01 -9.980669597E-01 3.517104755E-01 4.508740541E-01 
1.662887938E+01 7.407161632E-02 -9.366628278E-01 -8.995592446E-01 -9.972529234E-01 3.502324183E-01 4.367987716E-01 
1.671079504E+01 8.603080927E-02 -9.371788814E-01 -9.062987064E-01 -9.962924758E-01 3.488491712E-01 4.226377362E-01 
1.679271070E+01 9.802071022E-02 -9.376568816E-01 -9.128051340E-01 -9.951843738E-01 3.475623289E-01 4.083953827E-01 
1.687462637E+01 1.100366758E-01 -9.380967320E-01 -9.190777717E-01 -9.939275262E-01 3.463733846E-01 3.940761990E-01 
1.695654203E+01 1.220740345E-01 -9.384983480E-01 -9.251159438E-01 -9.925209959E-01 3.452837257E-01 3.796847266E-01 
1.703845769E+01 1.341280930E-01 -9.388616551E-01 -9.309190574E-01 -9.909640013E-01 3.442946312E-01 3.652255598E-01 
1.712037335E+01 1.461941421E-01 -9.391865887E-01 -9.364866065E-01 -9.892559174E-01 3.434072686E-01 3.507033456E-01 
1.720228901E+01 1.582674628E-01 -9.394730932E-01 -9.418181751E-01 -9.873962767E-01 3.426226904E-01 3.361227837E-01 
1.728420468E+01 1.703433325E-01 -9.397211206E-01 -9.469134410E-01 -9.853847706E-01 3.419418318E-01 3.214886248E-01 
1.736612034E+01 1.824170311E-01 -9.399306307E-01 -9.517721792E-01 -9.832212487E-01 3.413655085E-01 3.068056704E-01 
1.744803600E+01 1.944838472E-01 -9.401015901E-01 -9.563942658E-01 -9.809057193E-01 3.408944140E-01 2.920787711E-01 
1.752995166E+01 2.065390837E-01 -9.402339715E-01 -9.607796818E-01 -9.784383496E-01 3.405291179E-01 2.773128256E-01 
1.761186732E+01 2.185780643E-01 -9.403277538E-01 -9.649285161E-01 -9.758194643E-01 3.402700645E-01 2.625127783E-01 
1.769378299E+01 2.305961391E-01 -9.403829216E-01 -9.688409701E-01 -9.730495453E-01 3.401175711E-01 2.476836178E-01 
1.777569865E+01 2.425886905E-01 -9.403994652E-01 -9.725173604E-01 -9.701292307E-01 3.400718270E-01 2.328303748E-01 
1.785761431E+01 2.545511394E-01 -9.403773801E-01 -9.759581230E-01 -9.670593128E-01 3.401328926E-01 2.179581194E-01 
1.793952997E+01 2.664789503E-01 -9.403166679E-01 -9.791638164E-01 -9.638407369E-01 3.403006991E-01 2.030719582E-01 
1.802144563E+01 2.783676375E-01 -9.402173357E-01 -9.821351252E-01 -9.604745990E-01 3.405750482E-01 1.881770317E-01 
1.810336130E+01 2.902127702E-01 -9.400793969E-01 -9.848728632E-01 -9.569621440E-01 3.409556121E-01 1.732785111E-01 
1.818527696E+01 3.020099785E-01 -9.399028714E-01 -9.873779771E-01 -9.533047623E-01 3.414419339E-01 1.583815945E-01 
1.826719262E+01 3.137549582E-01 -9.396877864E-01 -9.896515485E-01 -9.495039880E-01 3.420334284E-01 1.434915032E-01 
1.834910828E+01 3.254434764E-01 -9.394341766E-01 -9.916947978E-01 -9.455614949E-01 3.427293830E-01 1.286134780E-01 
1.843102394E+01 3.370713765E-01 -9.391420854E-01 -9.935090864E-01 -9.414790939E-01 3.435289589E-01 1.137527747E-01 
1.851293960E+01 3.486345833E-01 -9.388115654E-01 -9.950959193E-01 -9.372587286E-01 3.444311930E-01 9.891465973E-02 
1.859485527E+01 3.601291076E-01 -9.384426797E-01 -9.964569470E-01 -9.329024723E-01 3.454349997E-01 8.410440526E-02 
1.867677093E+01 3.715510512E-01 -9.380355025E-01 -9.975939684E-01 -9.284125233E-01 3.465391726E-01 6.932728452E-02 
1.875868659E+01 3.828966114E-01 -9.375901203E-01 -9.985089316E-01 -9.237912005E-01 3.477423878E-01 5.458856632E-02 
1.884060225E+01 3.941620851E-01 -9.371066334E-01 -9.992039360E-01 -9.190409391E-01 3.490432060E-01 3.989350967E-02 
1.892251791E+01 4.053438735E-01 -9.365851564E-01 -9.996812334E-01 -9.141642857E-01 3.504400758E-01 2.524735829E-02 
1.900443358E+01 4.164384858E-01 -9.360258201E-01 -9.999432290E-01 -9.091638932E-01 3.519313369E-01 1.065533471E-02 
1.908634924E+01 4.274425430E-01 -9.354287724E-01 -9.999924817E-01 -9.040425154E-01 3.535152240E-01 -3.877365836E-03 
1.916826490E+01 4.383527817E-01 -9.347941795E-01 -9.998317042E-01 -8.988030017E-01 3.551898700E-01 -1.834558157E-02 
1.925018056E+01 4.491660577E-01 -9.341222274E-01 -9.994637637E-01 -8.934482916E-01 3.569533104E-01 -3.274419037E-02 
1.933209622E+01 4.598793487E-01 -9.334131233E-01 -9.988916804E-01 -8.879814086E-01 3.588034875E-01 -4.706811644E-02 
1.941401189E+01 4.704897577E-01 -9.326670964E-01 -9.981186272E-01 -8.824054540E-01 3.607382550E-01 -6.131233686E-02 
1.949592755E+01 4.809945155E-01 -9.318843994E-01 -9.971479281E-01 -8.767236014E-01 3.627553824E-01 -7.547188823E-02 
1.957784321E+01 4.913909836E-01 -9.310653096E-01 -9.959830567E-01 -8.709390901E-01 3.648525597E-01 -8.954187344E-02 
1.965975887E+01 5.016766555E-01 -9.302101303E-01 -9.946276338E-01 -8.650552183E-01 3.670274029E-01 -1.035174686E-01 
1.974167453E+01 5.118491597E-01 -9.293191913E-01 -9.930854250E-01 -8.590753373E-01 3.692774588E-01 -1.173939297E-01 
1.982359020E+01 5.219062608E-01 -9.283928503E-01 -9.913603376E-01 -8.530028444E-01 3.716002101E-01 -1.311665996E-01 
1.990550586E+01 5.318458608E-01 -9.274314938E-01 -9.894564174E-01 -8.468411764E-01 3.739930812E-01 -1.448309146E-01 
1.998742152E+01 5.416660005E-01 -9.264355376E-01 -9.873778443E-01 -8.405938030E-01 3.764534433E-01 -1.583824117E-01 
2.006933718E+01 5.513648604E-01 -9.254054277E-01 -9.851289283E-01 -8.342642198E-01 3.789786201E-01 -1.718167344E-01 
2.015125284E+01 5.609407608E-01 -9.243416410E-01 -9.827141049E-01 -8.278559420E-01 3.815658931E-01 -1.851296401E-01 
2.023316851E+01 5.703921623E-01 -9.232446852E-01 -9.801379295E-01 -8.213724972E-01 3.842125079E-01 -1.983170057E-01 
2.031508417E+01 5.797176657E-01 -9.221150997E-01 -9.774050720E-01 -8.148174189E-01 3.869156789E-01 -2.113748343E-01 
2.039699983E+01 5.889160116E-01 -9.209534558E-01 -9.745203111E-01 -8.081942399E-01 3.896725956E-01 -2.242992610E-01 
2.047891549E+01 5.979860798E-01 -9.197603563E-01 -9.714885275E-01 -8.015064857E-01 3.924804281E-01 -2.370865586E-01 
2.056083115E+01 6.069268881E-01 -9.185364356E-01 -9.683146971E-01 -7.947576680E-01 3.953363324E-01 -2.497331430E-01 
2.064274682E+01 6.157375912E-01 -9.172823599E-01 -9.650038843E-01 -7.879512785E-01 3.982374560E-01 -2.622355783E-01 
2.072466248E+01 6.244174793E-01 -9.159988262E-01 -9.615612345E-01 -7.810907823E-01 4.011809435E-01 -2.745905819E-01 
2.080657814E+01 6.329659759E-01 -9.146865622E-01 -9.579919660E-01 -7.741796123E-01 4.041639417E-01 -2.867950287E-01 
2.088849380E+01 6.413826362E-01 -9.133463257E-01 -9.543013626E-01 -7.672211629E-01 4.071836049E-01 -2.988459551E-01 
2.097040946E+01 6.496671443E-01 -9.119789034E-01 -9.504947649E-01 -7.602187847E-01 4.102371001E-01 -3.107405631E-01 
2.105232513E+01 6.578193110E-01 -9.105851107E-01 -9.465775622E-01 -7.531757784E-01 4.133216117E-01 -3.224762231E-01 
2.113424079E+01 6.658390705E-01 -9.091657900E-01 -9.425551839E-01 -7.460953904E-01 4.164343463E-01 -3.340504769E-01 
2.121615645E+01 6.737264776E-01 -9.077218098E-01 -9.384330907E-01 -7.389808068E-01 4.195725376E-01 -3.454610403E-01 
2.129807211E+01 6.814817048E-01 -9.062540638E-01 -9.342167655E-01 -7.318351492E-01 4.227334506E-01 -3.567058049E-01 
2.137998777E+01 6.891050380E-01 -9.047634687E-01 -9.299117052E-01 -7.246614702E-01 4.259143858E-01 -3.677828394E-01 
2.146190344E+01 6.965968734E-01 -9.032509637E-01 -9.255234111E-01 -7.174627487E-01 4.291126832E-01 -3.786903907E-01 
2.154381910E+01 7.039577139E-01 -9.017175081E-01 -9.210573805E-01 -7.102418863E-01 4.323257264E-01 -3.894268848E-01 
2.162573476E+01 7.111881645E-01 -9.001640804E-01 -9.165190975E-01 -7.030017032E-01 4.355509460E-01 -3.999909261E-01 
2.170765042E+01 7.182889286E-01 -8.985916758E-01 -9.119140244E-01 -6.957449355E-01 4.387858229E-01 -4.103812976E-01 
2.178956608E+01 7.252608036E-01 -8.970013051E-01 -9.072475931E-01 -6.884742313E-01 4.420278915E-01 -4.205969596E-01 
2.187148175E+01 7.321046768E-01 -8.953939924E-01 -9.025251963E-01 -6.811921481E-01 4.452747428E-01 -4.306370489E-01 
2.195339741E+01 7.388215209E-01 -8.937707736E-01 -8.977521796E-01 -6.739011506E-01 4.485240267E-01 -4.405008764E-01 
2.203531307E+01 7.454123894E-01 -8.921326941E-01 -8.929338332E-01 -6.666036082E-01 4.517734546E-01 -4.501879251E-01 
2.211722873E+01 7.518784123E-01 -8.904808073E-01 -8.880753840E-01 -6.593017928E-01 4.550208019E-01 -4.596978476E-01 
2.219914439E+01 7.582207913E-01 -8.888161721E-01 -8.831819879E-01 -6.519978778E-01 4.582639094E-01 -4.690304630E-01 
2.228106006E+01 7.644407954E-01 -8.871398514E-01 -8.782587231E-01 -6.446939362E-01 4.615006853E-01 -4.781857533E-01 
2.236297572E+01 7.705397564E-01 -8.854529100E-01 -8.733105824E-01 -6.373919398E-01 4.647291068E-01 -4.871638598E-01 
2.244489138E+01 7.765190643E-01 -8.837564126E-01 -8.683424671E-01 -6.300937581E-01 4.679472211E-01 -4.959650791E-01 
2.252680704E+01 7.823801625E-01 -8.820514221E-01 -8.633591807E-01 -6.228011582E-01 4.711531465E-01 -5.045898584E-01 
2.260872270E+01 7.881245435E-01 -8.803389973E-01 -8.583654230E-01 -6.155158043E-01 4.743450732E-01 -5.130387910E-01 
2.269063837E+01 7.937537447E-01 -8.786201917E-01 -8.533657844E-01 -6.082392573E-01 4.775212640E-01 -5.213126114E-01 
2.277255403E+01 7.992693437E-01 -8.768960508E-01 -8.483647411E-01 -6.009729758E-01 4.806800546E-01 -5.294121900E-01 
2.285446969E+01 8.046729540E-01 -8.751676114E-01 -8.433666509E-01 -5.937183159E-01 4.838198537E-01 -5.373385277E-01 
2.293638535E+01 8.099662209E-01 -8.734358991E-01 -8.383757479E-01 -5.864765321E-01 4.869391431E-01 -5.450927506E-01 
2.301830101E+01 8.151508173E-01 -8.717019272E-01 -8.333961397E-01 -5.792487779E-01 4.900364775E-01 -5.526761040E-01 
2.310021668E+01 8.202284399E-01 -8.699666946E-01 -8.284318037E-01 -5.720361073E-01 4.931104840E-01 -5.600899467E-01 
2.318213234E+01 8.252008048E-01 -8.682311852E-01 -8.234865841E-01 -5.648394758E-01 4.961598618E-01 -5.673357453E-01 
2.326404800E+01 8.300696443E-01 -8.664963654E-01 -8.185641893E-01 -5.576597415E-01 4.991833812E-01 -5.744150679E-01 
2.334596366E+01 8.348367027E-01 -8.647631839E-01 -8.136681902E-01 -5.504976670E-01 5.021798834E-01 -5.813295784E-01 
2.342787932E+01 8.395037331E-01 -8.630325697E-01 -8.088020181E-01 -5.433539214E-01 5.051482785E-01 -5.880810302E-01 
2.350979498E+01 8.440724935E-01 -8.613054312E-01 -8.039689637E-01 -5.362290810E-01 5.080875454E-01 -5.946712606E-01 
2.359171065E+01 8.485447443E-01 -8.595826554E-01 -7.991721759E-01 -5.291236326E-01 5.109967302E-01 -6.011021844E-01 
2.367362631E+01 8.529222443E-01 -8.578651065E-01 -7.944146617E-01 -5.220379745E-01 5.138749448E-01 -6.073757882E-01 
2.375554197E+01 8.572067482E-01 -8.561536254E-01 -7.896992858E-01 -5.149724192E-01 5.167213655E-01 -6.134941247E-01 
2.383745763E+01 8.614000034E-01 -8.544490287E-01 -7.850287706E-01 -5.079271953E-01 5.195352320E-01 -6.194593065E-01 
2.391937329E+01 8.655037477E-01 -8.527521083E-01 -7.804056970E-01 -5.009024499E-01 5.223158449E-01 -6.252735011E-01 
2.400128896E+01 8.695197060E-01 -8.510636303E-01 -7.758325055E-01 -4.938982511E-01 5.250625651E-01 -6.309389247E-01 
2.408320462E+01 8.734495885E-01 -8.493843350E-01 -7.713114965E-01 -4.869145900E-01 5.277748114E-01 -6.364578373E-01 
2.416512028E+01 8.772950877E-01 -8.477149363E-01 -7.668448326E-01 -4.799513836E-01 5.304520590E-01 -6.418325373E-01 
2.424703594E+01 8.810578768E-01 -8.460561213E-01 -7.624345398E-01 -4.730084768E-01 5.330938378E-01 -6.470653565E-01 
2.432895160E+01 8.847396073E-01 -8.444085499E-01 -7.580825098E-01 -4.660856451E-01 5.356997304E-01 -6.521586552E-01 
2.441086727E+01 8.883419070E-01 -8.427728550E-01 -7.537905015E-01 -4.591825972E-01 5.382693706E-01 -6.571148172E-01 
2.449278293E+01 8.918663782E-01 -8.411496420E-01 -7.495601441E-01 -4.522989772E-01 5.408024409E-01 -6.619362458E-01 
2.457469859E+01 8.953145959E-01 -8.395394892E-01 -7.453929392E-01 -4.454343673E-01 5.432986715E-01 -6.666253590E-01 
2.465661425E+01 8.986881066E-01 -8.379429473E-01 -7.412902637E-01 -4.385882901E-01 5.457578378E-01 -6.711845857E-01 
2.473852991E+01 9.019884262E-01 -8.363605399E-01 -7.372533726E-01 -4.317602114E-01 5.481797586E-01 -6.756163612E-01 
2.482044558E+01 9.052170390E-01 -8.347927636E-01 -7.332834021E-01 -4.249495421E-01 5.505642944E-01 -6.799231244E-01 
2.490236124E+01 9.083753964E-01 -8.332400880E-01 -7.293813727E-01 -4.181556412E-01 5.529113457E-01 -6.841073132E-01 
2.498427690E+01 9.114649155E-01 -8.317029562E-01 -7.255481922E-01 -4.113778176E-01 5.552208508E-01 -6.881713620E-01 
2.506619256E+01 9.144869782E-01 -8.301817851E-01 -7.217846596E-01 -4.046153330E-01 5.574927841E-01 -6.921176980E-01 
2.514810822E+01 9.174429301E-01 -8.286769656E-01 -7.180914677E-01 -3.978674037E-01 5.597271543E-01 -6.959487385E-01 
2.523002389E+01 9.203340797E-01 -8.271888633E-01 -7.144692073E-01 -3.911332032E-01 5.619240030E-01 -6.996668881E-01 
2.531193955E+01 9.231616974E-01 -8.257178186E-01 -7.109183701E-01 -3.844118642E-01 5.640834022E-01 -7.032745363E-01 
2.539385521E+01 9.259270148E-01 -8.242641476E-01 -7.074393527E-01 -3.777024810E-01 5.662054535E-01 -7.067740548E-01 
2.547577087E+01 9.286312240E-01 -8.228281423E-01 -7.040324598E-01 -3.710041113E-01 5.682902857E-01 -7.101677956E-01 
2.555768653E+01 9.312754771E-01 -8.214100714E-01 -7.006979078E-01 -3.643157785E-01 5.703380535E-01 -7.134580886E-01 
2.563960220E+01 9.338608855E-01 -8.200101804E-01 -6.974358285E-01 -3.576364736E-01 5.723489361E-01 -7.166472404E-01 
2.572151786E+01 9.363885194E-01 -8.186286931E-01 -6.942462724E-01 -3.509651571E-01 5.743231351E-01 -7.197375322E-01 
2.580343352E+01 9.388594072E-01 -8.172658113E-01 -6.911292125E-01 -3.443007611E-01 5.762608735E-01 -7.227312180E-01 
2.588534918E+01 9.412745356E-01 -8.159217160E-01 -6.880845475E-01 -3.376421910E-01 5.781623942E-01 -7.256305239E-01 
2.596726484E+01 9.436348488E-01 -8.145965678E-01 -6.851121051E-01 -3.309883270E-01 5.800279582E-01 -7.284376467E-01 
2.604918051E+01 9.459412482E-01 -8.132905079E-01 -6.822116459E-01 -3.243380266E-01 5.818578438E-01 -7.311547522E-01 
2.613109617E+01 9.481945923E-01 -8.120036582E-01 -6.793828663E-01 -3.176901252E-01 5.836523448E-01 -7.337839753E-01 
2.621301183E+01 9.503956963E-01 -8.107361228E-01 -6.766254017E-01 -3.110434389E-01 5.854117694E-01 -7.363274184E-01 
2.629492749E+01 9.525453322E-01 -8.094879880E-01 -6.739388303E-01 -3.043967650E-01 5.871364389E-01 -7.387871509E-01 
2.637684315E+01 9.546442281E-01 -8.082593231E-01 -6.713226753E-01 -2.977488842E-01 5.888266869E-01 -7.411652089E-01 
2.645875882E+01 9.566930687E-01 -8.070501816E-01 -6.687764088E-01 -2.910985618E-01 5.904828575E-01 -7.434635944E-01 
2.654067448E+01 9.586924944E-01 -8.058606012E-01 -6.662994544E-01 -2.844445491E-01 5.921053048E-01 -7.456842751E-01 
2.662259014E+01 9.606431018E-01 -8.046906053E-01 -6.638911900E-01 -2.777855849E-01 5.936943914E-01 -7.478291842E-01 
2.670450580E+01 9.625454435E-01 -8.035402027E-01 -6.615509510E-01 -2.711203966E-01 5.952504878E-01 -7.499002201E-01 
2.678642146E+01 9.644000276E-01 -8.024093892E-01 -6.592780325E-01 -2.644477017E-01 5.967739711E-01 -7.518992462E-01 
2.686833713E+01 9.662073182E-01 -8.012981479E-01 -6.570716925E-01 -2.577662087E-01 5.982652243E-01 -7.538280914E-01 
2.695025279E+01 9.679677350E-01 -8.002064497E-01 -6.549311541E-01 -2.510746189E-01 5.997246354E-01 -7.556885495E-01 
2.703216845E+01 9.696816530E-01 -7.991342544E-01 -6.528556081E-01 -2.443716268E-01 6.011525962E-01 -7.574823796E-01 
2.711408411E+01 9.713494032E-01 -7.980815108E-01 -6.508442151E-01 -2.376559216E-01 6.025495022E-01 -7.592113065E-01 
2.719599977E+01 9.729712717E-01 -7.970481580E-01 -6.488961087E-01 -2.309261884E-01 6.039157510E-01 -7.608770205E-01 
2.727791544E+01 9.745475004E-01 -7.960341255E-01 -6.470103964E-01 -2.241811090E-01 6.052517423E-01 -7.624811781E-01 
2.735983110E+01 9.760782862E-01 -7.950393340E-01 -6.451861628E-01 -2.174193628E-01 6.065578768E-01 -7.640254023E-01 
2.744174676E+01 9.775637816E-01 -7.940636961E-01 -6.434224710E-01 -2.106396281E-01 6.078345556E-01 -7.655112826E-01 
2.752366242E+01 9.790040943E-01 -7.931071167E-01 -6.417183647E-01 -2.038405830E-01 6.090821799E-01 -7.669403759E-01 
2.760557808E+01 9.803992873E-01 -7.921694939E-01 -6.400728706E-01 -1.970209060E-01 6.103011497E-01 -7.683142066E-01 
2.768749375E+01 9.817493786E-01 -7.912507193E-01 -6.384849990E-01 -1.901792774E-01 6.114918639E-01 -7.696342675E-01 
2.776940941E+01 9.830543414E-01 -7.903506784E-01 -6.369537467E-01 -1.833143797E-01 6.126547196E-01 -7.709020198E-01 
2.785132507E+01 9.843141038E-01 -7.894692517E-01 -6.354780980E-01 -1.764248989E-01 6.137901115E-01 -7.721188940E-01 
2.793324073E+01 9.855285490E-01 -7.886063147E-01 -6.340570262E-01 -1.695095250E-01 6.148984313E-01 -7.732862905E-01 
2.801515639E+01 9.866975148E-01 -7.877617386E-01 -6.326894953E-01 -1.625669530E-01 6.159800675E-01 -7.744055798E-01 
2.809707206E+01 9.878207938E-01 -7.869353909E-01 -6.313744612E-01 -1.555958840E-01 6.170354049E-01 -7.754781035E-01 
2.817898772E+01 9.888981334E-01 -7.861271356E-01 -6.301108732E-01 -1.485950255E-01 6.180648242E-01 -7.765051750E-01 
2.826090338E+01 9.899292352E-01 -7.853368341E-01 -6.288976750E-01 -1.415630925E-01 6.190687015E-01 -7.774880794E-01 
2.834281904E+01 9.909137553E-01 -7.845643452E-01 -6.277338058E-01 -1.344988084E-01 6.200474082E-01 -7.784280752E-01 
2.842473470E+01 9.918513039E-01 -7.838095258E-01 -6.266182020E-01 -1.274009058E-01 6.210013103E-01 -7.793263939E-01 
2.850665036E+01 9.927414454E-01 -7.830722313E-01 -6.255497972E-01 -1.202681271E-01 6.219307684E-01 -7.801842413E-01 
2.858856603E+01 9.935836980E-01 -7.823523159E-01 -6.245275241E-01 -1.130992255E-01 6.228361373E-01 -7.810027982E-01 
2.867048169E+01 9.943775337E-01 -7.816496331E-01 -6.235503151E-01 -1.058929659E-01 6.237177656E-01 -7.817832204E-01 
2.875239735E+01 9.951223780E-01 -7.809640361E-01 -6.226171026E-01 -9.864812561E-02 6.245759957E-01 -7.825266402E-01 
2.883431301E+01 9.958176096E-01 -7.802953781E-01 -6.217268208E-01 -9.136349516E-02 6.254111632E-01 -7.832341664E-01 
2.891622867E+01 9.964625606E-01 -7.796435125E-01 -6.208784053E-01 -8.403787936E-02 6.262235970E-01 -7.839068853E-01 
2.899814434E+01 9.970565159E-01 -7.790082938E-01 -6.200707949E-01 -7.667009800E-02 6.270136189E-01 -7.845458612E-01 
2.908006000E+01 9.975987132E-01 -7.783895771E-01 -6.193029311E-01 -6.925898689E-02 6.277815434E-01 -7.851521372E-01 
2.916197566E+01 9.980883427E-01 -7.777872194E-01 -6.185737595E-01 -6.180339865E-02 6.285276775E-01 -7.857267356E-01 
2.924389132E+01 9.985245468E-01 -7.772010788E-01 -6.178822300E-01 -5.430220377E-02 6.292523207E-01 -7.862706588E-01 
2.932580698E+01 9.989064201E-01 -7.766310158E-01 -6.172272970E-01 -4.675429152E-02 6.299557645E-01 -7.867848898E-01 
2.940772265E+01 9.992330090E-01 -7.760768931E-01 -6.166079204E-01 -3.915857092E-02 6.306382925E-01 -7.872703928E-01 
2.948963831E+01 9.995033114E-01 -7.755385757E-01 -6.160230655E-01 -3.151397191E-02 6.313001802E-01 -7.877281141E-01 
2.957155397E+01 9.997162767E-01 -7.750159317E-01 -6.154717035E-01 -2.381944614E-02 6.319416948E-01 -7.881589822E-01 
2.965346963E+01 9.998708054E-01 -7.745088320E-01 -6.149528116E-01 -1.607396841E-02 6.325630950E-01 -7.885639089E-01 
2.973538529E+01 9.999657489E-01 -7.740171509E-01 -6.144653740E-01 -8.276537462E-03 6.331646311E-01 -7.889437896E-01 
2.981730096E+01 9.999999092E-01 -7.735407663E-01 -6.140083809E-01 -4.261774103E-04 6.337465446E-01 -7.892995041E-01 
2.989921662E+01 9.999720389E-01 -7.730795597E-01 -6.135808296E-01 7.478061228E-03 6.343090684E-01 -7.896319171E-01 
2.998113228E+01 9.998808409E-01 -7.726334167E-01 -6.131817246E-01 1.543710019E-02 6.348524264E-01 -7.899418786E-01 
3.006304794E+01 9.997249680E-01 -7.722022270E-01 -6.128100771E-01 2.345183221E-02 6.353768334E-01 -7.902302249E-01 
3.014496360E+01 9.995030231E-01 -7.717858847E-01 -6.124649058E-01 3.152311972E-02 6.358824955E-01 -7.904977787E-01 
3.022687927E+01 9.992135585E-01 -7.713842883E-01 -6.121452364E-01 3.965179335E-02 6.363696094E-01 -7.907453499E-01 
3.030879493E+01 9.988550765E-01 -7.709973412E-01 -6.118501021E-01 4.783865068E-02 6.368383623E-01 -7.909737363E-01 
3.039071059E+01 9.984260285E-01 -7.706249517E-01 -6.115785431E-01 5.608445446E-02 6.372889326E-01 -7.911837236E-01 
3.047262625E+01 9.979248154E-01 -7.702670332E-01 -6.113296071E-01 6.438993150E-02 6.377214889E-01 -7.913760866E-01 
3.055454191E+01 9.973497874E-01 -7.699235042E-01 -6.111023487E-01 7.275577052E-02 6.381361904E-01 -7.915515892E-01 
3.063645758E+01 9.966992438E-01 -7.695942887E-01 -6.108958298E-01 8.118262119E-02 6.385331868E-01 -7.917109852E-01 
3.071837324E+01 9.959714334E-01 -7.692793161E-01 -6.107091193E-01 8.967109165E-02 6.389126181E-01 -7.918550187E-01 
3.080028890E+01 9.951645538E-01 -7.689785216E-01 -6.105412929E-01 9.822174758E-02 6.392746148E-01 -7.919844245E-01 
3.088220456E+01 9.942767524E-01 -7.686918461E-01 -6.103914330E-01 1.068351095E-01 6.396192973E-01 -7.920999290E-01 
3.096412022E+01 9.933061257E-01 -7.684192365E-01 -6.102586289E-01 1.155116519E-01 6.399467766E-01 -7.922022500E-01 
3.104603589E+01 9.922507200E-01 -7.681606455E-01 -6.101419758E-01 1.242518001E-01 6.402571534E-01 -7.922920979E-01 
3.112795155E+01 9.911085313E-01 -7.679160323E-01 -6.100405756E-01 1.330559295E-01 6.405505188E-01 -7.923701756E-01 
3.120986721E+01 9.898775060E-01 -7.676853621E-01 -6.099535358E-01 1.419243625E-01 6.408269538E-01 -7.924371793E-01 
3.129178287E+01 9.885555403E-01 -7.674686064E-01 -6.098799701E-01 1.508573671E-01 6.410865293E-01 -7.924937989E-01 
3.137369853E+01 9.871404821E-01 -7.672657433E-01 -6.098189973E-01 1.598551541E-01 6.413293062E-01 -7.925407180E-01 
3.145561420E+01 9.856301300E-01 -7.670767574E-01 -6.097697417E-01 1.689178757E-01 6.415553352E-01 -7.925786153E-01 
3.153752986E+01 9.840222348E-01 -7.669016397E-01 -6.097313325E-01 1.780456221E-01 6.417646569E-01 -7.926081639E-01 
3.161944552E+01 9.823144997E-01 -7.667403882E-01 -6.097029037E-01 1.872384201E-01 6.419573015E-01 -7.926300325E-01 
3.170136118E+01 9.805045813E-01 -7.665930073E-01 -6.096835937E-01 1.964962301E-01 6.421332891E-01 -7.926448857E-01 
3.178327684E+01 9.785900903E-01 -7.664595084E-01 -6.096725449E-01 2.058189440E-01 6.422926294E-01 -7.926533841E-01 
3.186519251E+01 9.765685924E-01 -7.663399098E-01 -6.096689036E-01 2.152063824E-01 6.424353216E-01 -7.926561848E-01 
3.194710817E+01 9.744376095E-01 -7.662342364E-01 -6.096718195E-01 2.246582922E-01 6.425613548E-01 -7.926539420E-01 
3.202902383E+01 9.721946203E-01 -7.661425204E-01 -6.096804454E-01 2.341743439E-01 6.426707075E-01 -7.926473073E-01 
3.211093949E+01 9.698370627E-01 -7.660648007E-01 -6.096939368E-01 2.437541287E-01 6.427633475E-01 -7.926369300E-01 
3.219285515E+01 9.673623337E-01 -7.660011234E-01 -6.097114517E-01 2.533971564E-01 6.428392324E-01 -7.926234573E-01 
3.227477082E+01 9.647677924E-01 -7.659515415E-01 -6.097321501E-01 2.631028520E-01 6.428983091E-01 -7.926075350E-01 
3.235668648E+01 9.620507602E-01 -7.659161150E-01 -6.097551936E-01 2.728705531E-01 6.429405140E-01 -7.925898077E-01 
3.243860214E+01 9.592085240E-01 -7.658949111E-01 -6.097797451E-01 2.826995074E-01 6.429657727E-01 -7.925709191E-01 
3.252051780E+01 9.562383370E-01 -7.658880039E-01 -6.098049684E-01 2.925888694E-01 6.429740005E-01 -7.925515125E-01 
3.260243346E+01 9.531374218E-01 -7.658954746E-01 -6.098300277E-01 3.025376977E-01 6.429651016E-01 -7.925322309E-01 
3.268434913E+01 9.499029719E-01 -7.659174112E-01 -6.098540872E-01 3.125449522E-01 6.429389700E-01 -7.925137172E-01 
3.276626479E+01 9.465321544E-01 -7.659539090E-01 -6.098763110E-01 3.226094913E-01 6.428954885E-01 -7.924966151E-01 
3.284818045E+01 9.430221125E-01 -7.660050700E-01 -6.098958623E-01 3.327300687E-01 6.428345297E-01 -7.924815688E-01 
3.293009611E+01 9.393699684E-01 -7.660710032E-01 -6.099119030E-01 3.429053307E-01 6.427559552E-01 -7.924692235E-01 
3.301201177E+01 9.355728261E-01 -7.661518244E-01 -6.099235937E-01 3.531338137E-01 6.426596158E-01 -7.924602259E-01 
3.309392744E+01 9.316277750E-01 -7.662476562E-01 -6.099300925E-01 3.634139407E-01 6.425453519E-01 -7.924552239E-01 
3.317584310E+01 9.275318925E-01 -7.663586279E-01 -6.099305556E-01 3.737440190E-01 6.424129928E-01 -7.924548675E-01 
3.325775876E+01 9.232822484E-01 -7.664848753E-01 -6.099241358E-01 3.841222373E-01 6.422623574E-01 -7.924598086E-01 
3.333967442E+01 9.188759079E-01 -7.666265409E-01 -6.099099827E-01 3.945466632E-01 6.420932539E-01 -7.924707015E-01 
3.342159008E+01 9.143099358E-01 -7.667837734E-01 -6.098872423E-01 4.050152403E-01 6.419054796E-01 -7.924882027E-01 
3.350350575E+01 9.095814009E-01 -7.669567278E-01 -6.098550560E-01 4.155257860E-01 6.416988215E-01 -7.925129718E-01 
3.358542141E+01 9.046873801E-01 -7.671455654E-01 -6.098125607E-01 4.260759888E-01 6.414730558E-01 -7.925456709E-01 
3.366733707E+01 8.996249627E-01 -7.673504534E-01 -6.097588882E-01 4.366634062E-01 6.412279482E-01 -7.925869656E-01 
3.374925273E+01 8.943912562E-01 -7.675715647E-01 -6.096931646E-01 4.472854624E-01 6.409632539E-01 -7.926375242E-01 
3.383116839E+01 8.889833899E-01 -7.678090781E-01 -6.096145099E-01 4.579394465E-01 6.406787179E-01 -7.926980188E-01 
3.391308405E+01 8.833985211E-01 -7.680631775E-01 -6.095220377E-01 4.686225103E-01 6.403740744E-01 -7.927691249E-01 
3.399499972E+01 8.776338403E-01 -7.683340524E-01 -6.094148545E-01 4.793316668E-01 6.400490479E-01 -7.928515214E-01 
3.407691538E+01 8.716865766E-01 -7.686218972E-01 -6.092920594E-01 4.900637885E-01 6.397033524E-01 -7.929458910E-01 
3.415883104E+01 8.655540036E-01 -7.689269110E-01 -6.091527437E-01 5.008156063E-01 6.393366918E-01 -7.930529204E-01 
3.424074670E+01 8.592334456E-01 -7.692492974E-01 -6.089959903E-01 5.115837086E-01 6.389487603E-01 -7.931732998E-01 
3.432266236E+01 8.527222834E-01 -7.695892645E-01 -6.088208734E-01 5.223645396E-01 6.385392423E-01 -7.933077233E-01 
3.440457803E+01 8.460179613E-01 -7.699470241E-01 -6.086264576E-01 5.331544000E-01 6.381078122E-01 -7.934568891E-01 
3.448649369E+01 8.391179929E-01 -7.703227917E-01 -6.084117983E-01 5.439494455E-01 6.376541354E-01 -7.936214988E-01 
3.456840935E+01 8.320199682E-01 -7.707167863E-01 -6.081759404E-01 5.547456873E-01 6.371778678E-01 -7.938022583E-01 
3.465032501E+01 8.247215609E-01 -7.711292297E-01 -6.079179183E-01 5.655389928E-01 6.366786559E-01 -7.939998767E-01 
3.473224067E+01 8.172205343E-01 -7.715603464E-01 -6.076367555E-01 5.763250851E-01 6.361561378E-01 -7.942150673E-01 
3.481415634E+01 8.095147493E-01 -7.720103631E-01 -6.073314638E-01 5.870995452E-01 6.356099427E-01 -7.944485464E-01 
3.489607200E+01 8.016021715E-01 -7.724795081E-01 -6.070010432E-01 5.978578128E-01 6.350396912E-01 -7.947010339E-01 
3.497798766E+01 7.934808779E-01 -7.729680115E-01 -6.066444814E-01 6.085951873E-01 6.344449961E-01 -7.949732529E-01 
3.505990332E+01 7.851490651E-01 -7.734761041E-01 -6.062607534E-01 6.193068313E-01 6.338254620E-01 -7.952659295E-01 
3.514181898E+01 7.766050559E-01 -7.740040172E-01 -6.058488209E-01 6.299877721E-01 6.331806861E-01 -7.955797922E-01 
3.522373465E+01 7.678473073E-01 -7.745519821E-01 -6.054076322E-01 6.406329044E-01 6.325102584E-01 -7.959155725E-01 
3.530565031E+01 7.588744176E-01 -7.751202296E-01 -6.049361214E-01 6.512369948E-01 6.318137618E-01 -7.962740035E-01 
3.538756597E+01 7.496851340E-01 -7.757089893E-01 -6.044332085E-01 6.617946845E-01 6.310907730E-01 -7.966558204E-01 
3.546948163E+01 7.402783596E-01 -7.763184895E-01 -6.038977985E-01 6.723004941E-01 6.303408624E-01 -7.970617597E-01 
3.555139729E+01 7.306531608E-01 -7.769489561E-01 -6.033287815E-01 6.827488281E-01 6.295635946E-01 -7.974925587E-01 
3.563331296E+01 7.208087744E-01 -7.776006122E-01 -6.027250320E-01 6.931339799E-01 6.287585290E-01 -7.979489554E-01 
3.571522862E+01 7.107446145E-01 -7.782736778E-01 -6.020854088E-01 7.034501376E-01 6.279252204E-01 -7.984316878E-01 
3.579714428E+01 7.004602794E-01 -7.789683685E-01 -6.014087545E-01 7.136913899E-01 6.270632191E-01 -7.989414932E-01 
3.587905994E+01 6.899555579E-01 -7.796848957E-01 -6.006938953E-01 7.238517326E-01 6.261720717E-01 -7.994791078E-01 
3.596097560E+01 6.792304360E-01 -7.804234651E-01 -5.999396404E-01 7.339250760E-01 6.252513216E-01 -8.000452659E-01 
3.604289127E+01 6.682851025E-01 -7.811842765E-01 -5.991447821E-01 7.439052521E-01 6.243005094E-01 -8.006406994E-01 
3.612480693E+01 6.571199549E-01 -7.819675232E-01 -5.983080955E-01 7.537860221E-01 6.233191740E-01 -8.012661370E-01 
3.620672259E+01 6.457356047E-01 -7.827733908E-01 -5.974283379E-01 7.635610851E-01 6.223068525E-01 -8.019223033E-01 
3.628863825E+01 6.341328827E-01 -7.836020569E-01 -5.965042489E-01 7.732240871E-01 6.212630815E-01 -8.026099180E-01 
3.637055391E+01 6.223128427E-01 -7.844536902E-01 -5.955345500E-01 7.827686296E-01 6.201873974E-01 -8.033296953E-01 
3.645246958E+01 6.102767665E-01 -7.853284497E-01 -5.945179445E-01 7.921882792E-01 6.190793375E-01 -8.040823423E-01 
3.653438524E+01 5.980261672E-01 -7.862264839E-01 -5.934531173E-01 8.014765778E-01 6.179384404E-01 -8.048685589E-01 
3.661630090E+01 5.855627919E-01 -7.871479302E-01 -5.923387349E-01 8.106270523E-01 6.167642466E-01 -8.056890360E-01 
3.669821656E+01 5.728886248E-01 -7.880929141E-01 -5.911734449E-01 8.196332257E-01 6.155563002E-01 -8.065444547E-01 
3.678013222E+01 5.600058886E-01 -7.890615482E-01 -5.899558766E-01 8.284886273E-01 6.143141486E-01 -8.074354854E-01 
3.686204789E+01 5.469170466E-01 -7.900539314E-01 -5.886846400E-01 8.371868040E-01 6.130373443E-01 -8.083627862E-01 
3.694396355E+01 5.336248029E-01 -7.910701485E-01 -5.873583267E-01 8.457213313E-01 6.117254451E-01 -8.093270016E-01 
3.702587921E+01 5.201321024E-01 -7.921102689E-01 -5.859755094E-01 8.540858249E-01 6.103780156E-01 -8.103287617E-01 
3.710779487E+01 5.064421306E-01 -7.931743461E-01 -5.845347417E-01 8.622739521E-01 6.089946278E-01 -8.113686802E-01 
3.718971053E+01 4.925583123E-01 -7.942624169E-01 -5.830345591E-01 8.702794430E-01 6.075748622E-01 -8.124473536E-01 
3.727162620E+01 4.784843096E-01 -7.953745005E-01 -5.814734782E-01 8.780961024E-01 6.061183087E-01 -8.135653592E-01 
3.735354186E+01 4.642240192E-01 -7.965105976E-01 -5.798499972E-01 8.857178215E-01 6.046245679E-01 -8.147232538E-01 
3.743545752E+01 4.497815693E-01 -7.976706900E-01 -5.781625962E-01 8.931385888E-01 6.030932519E-01 -8.159215722E-01 
3.751737318E+01 4.351613153E-01 -7.988547396E-01 -5.764097373E-01 9.003525022E-01 6.015239856E-01 -8.171608253E-01 
3.759928884E+01 4.203678354E-01 -8.000626876E-01 -5.745898650E-01 9.073537795E-01 5.999164075E-01 -8.184414986E-01 
3.768120451E+01 4.054059251E-01 -8.012944540E-01 -5.727014065E-01 9.141367698E-01 5.982701715E-01 -8.197640506E-01 
3.776312017E+01 3.902805909E-01 -8.025499367E-01 -5.707427720E-01 9.206959640E-01 5.965849472E-01 -8.211289107E-01 
3.784503583E+01 3.749970438E-01 -8.038290109E-01 -5.687123554E-01 9.270260053E-01 5.948604218E-01 -8.225364774E-01 
3.792695149E+01 3.595606920E-01 -8.051315284E-01 -5.666085345E-01 9.331216994E-01 5.930963009E-01 -8.239871167E-01 
3.800886715E+01 3.439771326E-01 -8.064573172E-01 -5.644296718E-01 9.389780238E-01 5.912923100E-01 -8.254811599E-01 
3.809078282E+01 3.282521435E-01 -8.078061804E-01 -5.621741151E-01 9.445901370E-01 5.894481955E-01 -8.270189020E-01 
3.817269848E+01 3.123916737E-01 -8.091778962E-01 -5.598401980E-01 9.499533876E-01 5.875637264E-01 -8.286005990E-01 
3.825461414E+01 2.964018340E-01 -8.105722172E-01 -5.574262410E-01 9.550633220E-01 5.856386949E-01 -8.302264666E-01 
3.833652980E+01 2.802888870E-01 -8.119888696E-01 -5.549305519E-01 9.599156920E-01 5.836729185E-01 -8.318966778E-01 
3.841844546E+01 2.640592362E-01 -8.134275534E-01 -5.523514273E-01 9.645064622E-01 5.816662407E-01 -8.336113608E-01 
3.850036113E+01 2.477194152E-01 -8.148879413E-01 -5.496871528E-01 9.688318156E-01 5.796185326E-01 -8.353705968E-01 
3.858227679E+01 2.312760764E-01 -8.163696789E-01 -5.469360048E-01 9.728881600E-01 5.775296942E-01 -8.371744183E-01 
3.866419245E+01 2.147359793E-01 -8.178723839E-01 -5.440962513E-01 9.766721325E-01 5.753996558E-01 -8.390228063E-01 
3.874610811E+01 1.981059790E-01 -8.193956464E-01 -5.411661529E-01 9.801806039E-01 5.732283793E-01 -8.409156885E-01 
3.882802377E+01 1.813930136E-01 -8.209390284E-01 -5.381439645E-01 9.834106821E-01 5.710158596E-01 -8.428529371E-01 
3.890993943E+01 1.646040926E-01 -8.225020635E-01 -5.350279366E-01 9.863597151E-01 5.687621259E-01 -8.448343667E-01 
3.899185510E+01 1.477462844E-01 -8.240842571E-01 -5.318163166E-01 9.890252930E-01 5.664672431E-01 -8.468597319E-01 
3.907377076E+01 1.308267037E-01 -8.256850863E-01 -5.285073506E-01 9.914052493E-01 5.641313133E-01 -8.489287253E-01 
3.915568642E+01 1.138525001E-01 -8.273039999E-01 -5.250992848E-01 9.934976613E-01 5.617544767E-01 -8.510409751E-01 
3.923760208E+01 9.683084501E-02 -8.289404184E-01 -5.215903677E-01 9.953008501E-01 5.593369138E-01 -8.531960435E-01 
3.931951774E+01 7.976892044E-02 -8.305937344E-01 -5.179788514E-01 9.968133797E-01 5.568788457E-01 -8.553934240E-01 
3.940143341E+01 6.267390660E-02 -8.322633124E-01 -5.142629940E-01 9.980340556E-01 5.543805364E-01 -8.576325398E-01 
3.948334907E+01 4.555297061E-02 -8.339484898E-01 -5.104410617E-01 9.989619220E-01 5.518422934E-01 -8.599127415E-01 
3.956526473E+01 2.841325519E-02 -8.356485762E-01 -5.065113304E-01 9.995962594E-01 5.492644694E-01 -8.622333052E-01 
3.964718039E+01 1.126186769E-02 -8.373628550E-01 -5.024720888E-01 9.999365806E-01 5.466474636E-01 -8.645934307E-01 
3.972909605E+01 -5.894130566E-03 -8.390905829E-01 -4.983216400E-01 9.999826269E-01 5.439917224E-01 -8.669922397E-01 
3.981101172E+01 -2.304773425E-02 -8.408309909E-01 -4.940583046E-01 9.997343632E-01 5.412977416E-01 -8.694287735E-01 
3.989292738E+01 -4.019200380E-02 -8.425832850E-01 -4.896804228E-01 9.991919726E-01 5.385660667E-01 -8.719019923E-01 
3.997484304E+01 -5.732007449E-02 -8.443466466E-01 -4.851863575E-01 9.983558506E-01 5.357972945E-01 -8.744107726E-01 
4.005675870E+01 -7.442516542E-02 -8.461202333E-01 -4.805744967E-01 9.972265992E-01 5.329920741E-01 -8.769539063E-01 
4.013867436E+01 -9.150058726E-02 -8.479031800E-01 -4.758432567E-01 9.958050202E-01 5.301511083E-01 -8.795300994E-01 
4.022059003E+01 -1.085397499E-01 -8.496945995E-01 -4.709910850E-01 9.940921077E-01 5.272751539E-01 -8.821379703E-01 
4.030250569E+01 -1.255361696E-01 -8.514935832E-01 -4.660164631E-01 9.920890415E-01 5.243650237E-01 -8.847760490E-01 
4.038442135E+01 -1.424834749E-01 -8.532992027E-01 -4.609179102E-01 9.897971790E-01 5.214215866E-01 -8.874427761E-01 
4.046633701E+01 -1.593754129E-01 -8.551105105E-01 -4.556939862E-01 9.872180480E-01 5.184457688E-01 -8.901365018E-01 
4.054825267E+01 -1.762058541E-01 -8.569265409E-01 -4.503432947E-01 9.843533378E-01 5.154385547E-01 -8.928554854E-01 
4.063016834E+01 -1.929687968E-01 -8.587463118E-01 -4.448644872E-01 9.812048922E-01 5.124009876E-01 -8.955978947E-01 
4.071208400E+01 -2.096583709E-01 -8.605688253E-01 -4.392562658E-01 9.777747004E-01 5.093341703E-01 -8.983618057E-01 
4.079399966E+01 -2.262688418E-01 -8.623930693E-01 -4.335173874E-01 9.740648894E-01 5.062392657E-01 -9.011452025E-01 
4.087591532E+01 -2.427946122E-01 -8.642180188E-01 -4.276466669E-01 9.700777154E-01 5.031174974E-01 -9.039459770E-01 
4.095783098E+01 -2.592302248E-01 -8.660426370E-01 -4.216429812E-01 9.658155562E-01 4.999701502E-01 -9.067619299E-01 
4.103974665E+01 -2.755703632E-01 -8.678658772E-01 -4.155052725E-01 9.612809023E-01 4.967985701E-01 -9.095907705E-01 
4.112166231E+01 -2.918098536E-01 -8.696866839E-01 -4.092325525E-01 9.564763498E-01 4.936041652E-01 -9.124301174E-01 
4.120357797E+01 -3.079436645E-01 -8.715039943E-01 -4.028239062E-01 9.514045923E-01 4.903884052E-01 -9.152775000E-01 
4.128549363E+01 -3.239669068E-01 -8.733167400E-01 -3.962784950E-01 9.460684131E-01 4.871528216E-01 -9.181303588E-01 
4.136740929E+01 -3.398748332E-01 -8.751238485E-01 -3.895955616E-01 9.404706784E-01 4.838990078E-01 -9.209860475E-01 
4.144932496E+01 -3.556628374E-01 -8.769242444E-01 -3.827744326E-01 9.346143298E-01 4.806286190E-01 -9.238418345E-01 
4.153124062E+01 -3.713264520E-01 -8.787168518E-01 -3.758145234E-01 9.285023778E-01 4.773433715E-01 -9.266949042E-01 
4.161315628E+01 -3.868613471E-01 -8.805005949E-01 -3.687153410E-01 9.221378953E-01 4.740450425E-01 -9.295423598E-01 
4.169507194E+01 -4.022633276E-01 -8.822744004E-01 -3.614764883E-01 9.155240113E-01 4.707354695E-01 -9.323812256E-01 
4.177698760E+01 -4.175283311E-01 -8.840371989E-01 -3.540976673E-01 9.086639054E-01 4.674165495E-01 -9.352084492E-01 
4.185890327E+01 -4.326524246E-01 -8.857879262E-01 -3.465786832E-01 9.015608021E-01 4.640902385E-01 -9.380209048E-01 
4.194081893E+01 -4.476318016E-01 -8.875255254E-01 -3.389194471E-01 8.942179660E-01 4.607585500E-01 -9.408153963E-01 
4.202273459E+01 -4.624627783E-01 -8.892489481E-01 -3.311199799E-01 8.866386972E-01 4.574235542E-01 -9.435886606E-01 
4.210465025E+01 -4.771417905E-01 -8.909571562E-01 -3.231804155E-01 8.788263268E-01 4.540873764E-01 -9.463373714E-01 
4.218656591E+01 -4.916653895E-01 -8.926491233E-01 -3.151010036E-01 8.707842132E-01 4.507521960E-01 -9.490581431E-01 
4.226848158E+01 -5.060302382E-01 -8.943238364E-01 -3.068821129E-01 8.625157386E-01 4.474202445E-01 -9.517475349E-01 
4.235039724E+01 -5.202331073E-01 -8.959802972E-01 -2.985242336E-01 8.540243061E-01 4.440938037E-01 -9.544020554E-01 
4.243231290E+01 -5.342708712E-01 -8.976175236E-01 -2.900279803E-01 8.453133370E-01 4.407752042E-01 -9.570181670E-01 
4.251422856E+01 -5.481405040E-01 -8.992345514E-01 -2.813940941E-01 8.363862681E-01 4.374668227E-01 -9.595922911E-01 
4.259614422E+01 -5.618390752E-01 -9.008304349E-01 -2.726234451E-01 8.272465505E-01 4.341710801E-01 -9.621208128E-01 
4.267805989E+01 -5.753637456E-01 -9.024042490E-01 -2.637170340E-01 8.178976476E-01 4.308904392E-01 -9.646000867E-01 
4.275997555E+01 -5.887117639E-01 -9.039550900E-01 -2.546759939E-01 8.083430342E-01 4.276274015E-01 -9.670264419E-01 
4.284189121E+01 -6.018804622E-01 -9.054820765E-01 -2.455015920E-01 7.985861952E-01 4.243845051E-01 -9.693961881E-01 
4.292380687E+01 -6.148672523E-01 -9.069843513E-01 -2.361952305E-01 7.886306259E-01 4.211643213E-01 -9.717056211E-01 
4.300572253E+01 -6.276696222E-01 -9.084610814E-01 -2.267584478E-01 7.784798311E-01 4.179694517E-01 -9.739510292E-01 
4.308763820E+01 -6.402851327E-01 -9.099114596E-01 -2.171929188E-01 7.681373256E-01 4.148025249E-01 -9.761286990E-01 
4.316955386E+01 -6.527114138E-01 -9.113347049E-01 -2.075004556E-01 7.576066344E-01 4.116661932E-01 -9.782349216E-01 
4.325146952E+01 -6.649461615E-01 -9.127300636E-01 -1.976830075E-01 7.468912937E-01 4.085631286E-01 -9.802659993E-01 
4.333338518E+01 -6.769871352E-01 -9.140968094E-01 -1.877426604E-01 7.359948512E-01 4.054960198E-01 -9.822182518E-01 
4.341530084E+01 -6.888321549E-01 -9.154342444E-01 -1.776816366E-01 7.249208679E-01 4.024675676E-01 -9.840880228E-01 
4.349721651E+01 -7.004790985E-01 -9.167416995E-01 -1.675022941E-01 7.136729188E-01 3.994804817E-01 -9.858716863E-01 
4.357913217E+01 -7.119258996E-01 -9.180185342E-01 -1.572071250E-01 7.022545948E-01 3.965374757E-01 -9.875656536E-01 
4.366104783E+01 -7.231705461E-01 -9.192641374E-01 -1.467987543E-01 6.906695040E-01 3.936412636E-01 -9.891663793E-01 
4.374296349E+01 -7.342110776E-01 -9.204779272E-01 -1.362799378E-01 6.789212739E-01 3.907945550E-01 -9.906703683E-01 
4.382487915E+01 -7.450455845E-01 -9.216593508E-01 -1.256535606E-01 6.670135527E-01 3.880000511E-01 -9.920741821E-01 
4.390679482E+01 -7.556722069E-01 -9.228078848E-01 -1.149226341E-01 6.549500119E-01 3.852604397E-01 -9.933744450E-01 
4.398871048E+01 -7.660891335E-01 -9.239230345E-01 -1.040902933E-01 6.427343479E-01 3.825783907E-01 -9.945678512E-01 
4.407062614E+01 -7.762946009E-01 -9.250043338E-01 -9.315979454E-02 6.303702841E-01 3.799565517E-01 -9.956511700E-01 
4.415254180E+01 -7.862868935E-01 -9.260513448E-01 -8.213451140E-02 6.178615730E-01 3.773975430E-01 -9.966212528E-01 
4.423445746E+01 -7.960643433E-01 -9.270636574E-01 -7.101793155E-02 6.052119988E-01 3.749039528E-01 -9.974750387E-01 
4.431637312E+01 -8.056253303E-01 -9.280408884E-01 -5.981365286E-02 5.924253788E-01 3.724783325E-01 -9.982095602E-01 
4.439828879E+01 -8.149682825E-01 -9.289826810E-01 -4.852537945E-02 5.795055658E-01 3.701231919E-01 -9.988219494E-01 
4.448020445E+01 -8.240916771E-01 -9.298887041E-01 -3.715691730E-02 5.664564501E-01 3.678409941E-01 -9.993094428E-01 
4.456212011E+01 -8.329940413E-01 -9.307586511E-01 -2.571216972E-02 5.532819617E-01 3.656341510E-01 -9.996693870E-01 
4.464403577E+01 -8.416739536E-01 -9.315922395E-01 -1.419513265E-02 5.399860718E-01 3.635050182E-01 -9.998992434E-01 
4.472595143E+01 -8.501300453E-01 -9.323892097E-01 -2.609889862E-03 5.265727946E-01 3.614558905E-01 -9.999965935E-01 
4.480786710E+01 -8.583610017E-01 -9.331493237E-01 9.039392329E-03 5.130461894E-01 3.594889969E-01 -9.999591431E-01 
4.488978276E+01 -8.663655651E-01 -9.338723646E-01 2.074847027E-02 4.994103617E-01 3.576064960E-01 -9.997847265E-01 
4.497169842E+01 -8.741425356E-01 -9.345581349E-01 3.251302831E-02 4.856694648E-01 3.558104717E-01 -9.994713109E-01 
4.505361408E+01 -8.816907744E-01 -9.352064562E-01 4.432868440E-02 4.718277014E-01 3.541029283E-01 -9.990169998E-01 
4.513552974E+01 -8.890092060E-01 -9.358171670E-01 5.619099583E-02 4.578893241E-01 3.524857864E-01 -9.984200369E-01 
4.521744541E+01 -8.960968207E-01 -9.363901224E-01 6.809546491E-02 4.438586367E-01 3.509608786E-01 -9.976788088E-01 
4.529936107E+01 -9.029526775E-01 -9.369251930E-01 8.003754484E-02 4.297399951E-01 3.495299452E-01 -9.967918485E-01 
4.538127673E+01 -9.095759074E-01 -9.374222630E-01 9.201264572E-02 4.155378078E-01 3.481946306E-01 -9.957578374E-01 
4.546319239E+01 -9.159657161E-01 -9.378812301E-01 1.040161405E-01 4.012565362E-01 3.469564791E-01 -9.945756081E-01 
4.554510805E+01 -9.221213874E-01 -9.383020037E-01 1.160433710E-01 3.869006949E-01 3.458169315E-01 -9.932441460E-01 
4.562702372E+01 -9.280422866E-01 -9.386845044E-01 1.280896541E-01 3.724748517E-01 3.447773216E-01 -9.917625916E-01 
4.570893938E+01 -9.337278636E-01 -9.390286629E-01 1.401502877E-01 3.579836274E-01 3.438388731E-01 -9.901302411E-01 
4.579085504E+01 -9.391776569E-01 -9.393344191E-01 1.522205570E-01 3.434316952E-01 3.430026964E-01 -9.883465482E-01 
4.587277070E+01 -9.443912970E-01 -9.396017212E-01 1.642957405E-01 3.288237805E-01 3.422697858E-01 -9.864111247E-01 
4.595468636E+01 -9.493685096E-01 -9.398305253E-01 1.763711160E-01 3.141646596E-01 3.416410171E-01 -9.843237408E-01 
4.603660203E+01 -9.541091199E-01 -9.400207946E-01 1.884419670E-01 2.994591585E-01 3.411171452E-01 -9.820843255E-01 
4.611851769E+01 -9.586130557E-01 -9.401724988E-01 2.005035885E-01 2.847121520E-01 3.406988021E-01 -9.796929663E-01 
4.620043335E+01 -9.628803516E-01 -9.402856137E-01 2.125512930E-01 2.699285619E-01 3.403864950E-01 -9.771499092E-01 
4.628234901E+01 -9.669111521E-01 -9.403601212E-01 2.245804167E-01 2.551133550E-01 3.401806049E-01 -9.744555576E-01 
4.636426467E+01 -9.707057156E-01 -9.403960086E-01 2.365863251E-01 2.402715412E-01 3.400813854E-01 -9.716104713E-01 
4.644618034E+01 -9.742644179E-01 -9.403932688E-01 2.485644191E-01 2.254081710E-01 3.400889614E-01 -9.686153657E-01 
4.652809600E+01 -9.775877559E-01 -9.403519005E-01 2.605101406E-01 2.105283333E-01 3.402033290E-01 -9.654711098E-01 
4.661001166E+01 -9.806763504E-01 -9.402719078E-01 2.724189782E-01 1.956371519E-01 3.404243548E-01 -9.621787243E-01 
4.669192732E+01 -9.835309502E-01 -9.401533010E-01 2.842864731E-01 1.807397831E-01 3.407517756E-01 -9.587393798E-01 
4.677384298E+01 -9.861524351E-01 -9.399960967E-01 2.961082241E-01 1.658414120E-01 3.411851992E-01 -9.551543942E-01 
4.685575865E+01 -9.885418186E-01 -9.398003184E-01 3.078798934E-01 1.509472486E-01 3.417241045E-01 -9.514252301E-01 
4.693767431E+01 -9.907002515E-01 -9.395659968E-01 3.195972118E-01 1.360625246E-01 3.423678428E-01 -9.475534915E-01 
4.701958997E+01 -9.926290240E-01 -9.392931710E-01 3.312559840E-01 1.211924888E-01 3.431156380E-01 -9.435409213E-01 
4.710150563E+01 -9.943295691E-01 -9.389818889E-01 3.428520932E-01 1.063424029E-01 3.439665892E-01 -9.393893971E-01 
4.718342129E+01 -9.958034640E-01 -9.386322081E-01 3.543815065E-01 9.151753676E-02 3.449196719E-01 -9.351009277E-01 
4.726533696E+01 -9.970524331E-01 -9.382441972E-01 3.658402798E-01 7.672316375E-02 3.459737398E-01 -9.306776492E-01 
4.734725262E+01 -9.980783496E-01 -9.378179363E-01 3.772245619E-01 6.196455555E-02 3.471275276E-01 -9.261218209E-01 
4.742916828E+01 -9.988832370E-01 -9.373535188E-01 3.885305992E-01 4.724697675E-02 3.483796534E-01 -9.214358202E-01 
4.751108394E+01 -9.994692706E-01 -9.368510518E-01 3.997547402E-01 3.257567944E-02 3.497286216E-01 -9.166221385E-01 
4.759299960E+01 -9.998387787E-01 -9.363106580E-01 4.108934395E-01 1.795589755E-02 3.511728259E-01 -9.116833762E-01 
4.767491527E+01 -9.999942431E-01 -9.357324765E-01 4.219432617E-01 3.392840715E-03 3.527105533E-01 -9.066222373E-01 
4.775683093E+01 -9.999382995E-01 -9.351166641E-01 4.329008850E-01 -1.110831178E-02 3.543399870E-01 -9.014415238E-01 
4.783874659E+01 -9.996737378E-01 -9.344633969E-01 4.437631052E-01 -2.554241707E-02 3.560592108E-01 -8.961441311E-01 
4.792066225E+01 -9.992035017E-01 -9.337728712E-01 4.545268384E-01 -3.990437540E-02 3.578662132E-01 -8.907330410E-01 
4.800257791E+01 -9.985306878E-01 -9.330453051E-01 4.651891247E-01 -5.418913654E-02 3.597588917E-01 -8.852113169E-01 
4.808449358E+01 -9.976585444E-01 -9.322809392E-01 4.757471305E-01 -6.839170642E-02 3.617350573E-01 -8.795820968E-01 
4.816640924E+01 -9.965904706E-01 -9.314800386E-01 4.861981514E-01 -8.250715387E-02 3.637924392E-01 -8.738485881E-01 
4.824832490E+01 -9.953300138E-01 -9.306428933E-01 4.965396147E-01 -9.653061751E-02 3.659286900E-01 -8.680140600E-01 
4.833024056E+01 -9.938808673E-01 -9.297698197E-01 5.067690810E-01 -1.104573124E-01 3.681413903E-01 -8.620818383E-01 
4.841215622E+01 -9.922468680E-01 -9.288611615E-01 5.168842465E-01 -1.242825372E-01 3.704280543E-01 -8.560552979E-01 
4.849407189E+01 -9.904319927E-01 -9.279172906E-01 5.268829444E-01 -1.380016804E-01 3.727861350E-01 -8.499378568E-01 
4.857598755E+01 -9.884403547E-01 -9.269386080E-01 5.367631457E-01 -1.516102279E-01 3.752130295E-01 -8.437329690E-01 
4.865790321E+01 -9.862761993E-01 -9.259255445E-01 5.465229610E-01 -1.651037689E-01 3.777060845E-01 -8.374441180E-01 
4.873981887E+01 -9.839438999E-01 -9.248785616E-01 5.561606404E-01 -1.784780029E-01 3.802626020E-01 -8.310748100E-01 
4.882173453E+01 -9.814479525E-01 -9.237981513E-01 5.656745743E-01 -1.917287463E-01 3.828798450E-01 -8.246285672E-01 
4.890365020E+01 -9.787929704E-01 -9.226848373E-01 5.750632933E-01 -2.048519383E-01 3.855550426E-01 -8.181089209E-01 
4.898556586E+01 -9.759836786E-01 -9.215391748E-01 5.843254682E-01 -2.178436470E-01 3.882853962E-01 -8.115194053E-01 
4.906748152E+01 -9.730249075E-01 -9.203617508E-01 5.934599089E-01 -2.307000757E-01 3.910680850E-01 -8.048635503E-01 
4.914939718E+01 -9.699215861E-01 -9.191531840E-01 6.024655644E-01 -2.434175678E-01 3.939002712E-01 -7.981448752E-01 
4.923131284E+01 -9.666787355E-01 -9.179141247E-01 6.113415210E-01 -2.559926126E-01 3.967791059E-01 -7.913668826E-01 
4.931322850E+01 -9.633014615E-01 -9.166452544E-01 6.200870013E-01 -2.684218504E-01 3.997017345E-01 -7.845330517E-01 
4.939514417E+01 -9.597949468E-01 -9.153472857E-01 6.287013623E-01 -2.807020763E-01 4.026653021E-01 -7.776468322E-01 
4.947705983E+01 -9.561644434E-01 -9.140209612E-01 6.371840934E-01 -2.928302456E-01 4.056669586E-01 -7.707116385E-01 
4.955897549E+01 -9.524152645E-01 -9.126670533E-01 6.455348145E-01 -3.048034768E-01 4.087038640E-01 -7.637308440E-01 
4.964089115E+01 -9.485527763E-01 -9.112863633E-01 6.537532734E-01 -3.166190556E-01 4.117731933E-01 -7.567077748E-01 
4.972280681E+01 -9.445823889E-01 -9.098797199E-01 6.618393426E-01 -3.282744377E-01 4.148721414E-01 -7.496457054E-01 
4.980472248E+01 -9.405095485E-01 -9.084479790E-01 6.697930172E-01 -3.397672515E-01 4.179979280E-01 -7.425478525E-01 
4.988663814E+01 -9.363397280E-01 -9.069920217E-01 6.776144111E-01 -3.510953003E-01 4.211478018E-01 -7.354173708E-01 
4.996855380E+01 -9.320784185E-01 -9.055127533E-01 6.853037538E-01 -3.622565640E-01 4.243190449E-01 -7.282573478E-01 
5.005046946E+01 -9.277311200E-01 -9.040111021E-01 6.928613867E-01 -3.732492000E-01 4.275089772E-01 -7.210707999E-01 
5.013238512E+01 -9.233033332E-01 -9.024880174E-01 7.002877599E-01 -3.840715448E-01 4.307149599E-01 -7.138606679E-01 
5.021430079E+01 -9.188005497E-01 -9.009444683E-01 7.075834276E-01 -3.947221134E-01 4.339343998E-01 -7.066298133E-01 
5.029621645E+01 -9.142282438E-01 -8.993814418E-01 7.147490444E-01 -4.051995993E-01 4.371647519E-01 -6.993810146E-01 
5.037813211E+01 -9.095918638E-01 -8.977999413E-01 7.217853614E-01 -4.155028743E-01 4.404035236E-01 -6.921169644E-01 
5.046004777E+01 -9.048968231E-01 -8.962009843E-01 7.286932213E-01 -4.256309871E-01 4.436482773E-01 -6.848402658E-01 
5.054196343E+01 -9.001484918E-01 -8.945856011E-01 7.354735546E-01 -4.355831614E-01 4.468966328E-01 -6.775534304E-01 
5.062387910E+01 -8.953521890E-01 -8.929548326E-01 7.421273748E-01 -4.453587944E-01 4.501462707E-01 -6.702588756E-01 
5.070579476E+01 -8.905131741E-01 -8.913097284E-01 7.486557742E-01 -4.549574543E-01 4.533949340E-01 -6.629589222E-01 
5.078771042E+01 -8.856366395E-01 -8.896513449E-01 7.550599192E-01 -4.643788771E-01 4.566404305E-01 -6.556557933E-01 
5.086962608E+01 -8.807277033E-01 -8.879807432E-01 7.613410458E-01 -4.736229636E-01 4.598806345E-01 -6.483516123E-01 
5.095154174E+01 -8.757914019E-01 -8.862989875E-01 7.675004547E-01 -4.826897759E-01 4.631134883E-01 -6.410484016E-01 
5.103345741E+01 -8.708326831E-01 -8.846071428E-01 7.735395075E-01 -4.915795333E-01 4.663370041E-01 -6.337480822E-01 
5.111537307E+01 -8.658564004E-01 -8.829062730E-01 7.794596212E-01 -5.002926082E-01 4.695492644E-01 -6.264524726E-01 
5.119728873E+01 -8.608673060E-01 -8.811974392E-01 7.852622644E-01 -5.088295213E-01 4.727484233E-01 -6.191632883E-01 
5.127920439E+01 -8.558700457E-01 -8.794816979E-01 7.909489527E-01 -5.171909371E-01 4.759327072E-01 -6.118821421E-01 
5.136112005E+01 -8.508691536E-01 -8.777600987E-01 7.965212439E-01 -5.253776586E-01 4.791004153E-01 -6.046105438E-01 
5.144303572E+01 -8.458690475E-01 -8.760336831E-01 8.019807341E-01 -5.333906219E-01 4.822499196E-01 -5.973499008E-01 
5.152495138E+01 -8.408740237E-01 -8.743034824E-01 8.073290532E-01 -5.412308912E-01 4.853796654E-01 -5.901015181E-01 
5.160686704E+01 -8.358882537E-01 -8.725705163E-01 8.125678608E-01 -5.488996528E-01 4.884881710E-01 -5.828666000E-01 
5.168878270E+01 -8.309157806E-01 -8.708357911E-01 8.176988423E-01 -5.563982093E-01 4.915740271E-01 -5.756462500E-01 
5.177069836E+01 -8.259605155E-01 -8.691002984E-01 8.227237045E-01 -5.637279742E-01 4.946358970E-01 -5.684414729E-01 
5.185261403E+01 -8.210262350E-01 -8.673650135E-01 8.276441719E-01 -5.708904655E-01 4.976725155E-01 -5.612531752E-01 
5.193452969E+01 -8.161165793E-01 -8.656308942E-01 8.324619834E-01 -5.778872998E-01 5.006826884E-01 -5.540821673E-01 
5.201644535E+01 -8.112350499E-01 -8.638988794E-01 8.371788881E-01 -5.847201865E-01 5.036652913E-01 -5.469291649E-01 
5.209836101E+01 -8.063850077E-01 -8.621698881E-01 8.417966419E-01 -5.913909216E-01 5.066192690E-01 -5.397947904E-01 
5.218027667E+01 -8.015696729E-01 -8.604448180E-01 8.463170045E-01 -5.979013818E-01 5.095436340E-01 -5.326795753E-01 
5.226219234E+01 -7.967921237E-01 -8.587245448E-01 8.507417358E-01 -6.042535186E-01 5.124374653E-01 -5.255839618E-01 
5.234410800E+01 -7.920552958E-01 -8.570099214E-01 8.550725930E-01 -6.104493521E-01 5.152999073E-01 -5.185083053E-01 
5.242602366E+01 -7.873619830E-01 -8.553017765E-01 8.593113275E-01 -6.164909659E-01 5.181301681E-01 -5.114528760E-01 
5.250793932E+01 -7.827148369E-01 -8.536009144E-01 8.634596822E-01 -6.223805004E-01 5.209275179E-01 -5.044178616E-01 
5.258985498E+01 -7.781163684E-01 -8.519081143E-01 8.675193888E-01 -6.281201483E-01 5.236912877E-01 -4.974033695E-01 
5.267177065E+01 -7.735689475E-01 -8.502241294E-01 8.714921651E-01 -6.337121483E-01 5.264208676E-01 -4.904094290E-01 
5.275368631E+01 -7.690748060E-01 -8.485496870E-01 8.753797128E-01 -6.391587801E-01 5.291157046E-01 -4.834359939E-01 
5.283560197E+01 -7.646360380E-01 -8.468854875E-01 8.791837151E-01 -6.444623596E-01 5.317753015E-01 -4.764829450E-01 
5.291751763E+01 -7.602546021E-01 -8.452322045E-01 8.829058346E-01 -6.496252332E-01 5.343992148E-01 -4.695500921E-01 
5.299943329E+01 -7.559323234E-01 -8.435904845E-01 8.865477111E-01 -6.546497736E-01 5.369870528E-01 -4.626371771E-01 
5.308134896E+01 -7.516708957E-01 -8.419609466E-01 8.901109600E-01 -6.595383749E-01 5.395384738E-01 -4.557438761E-01 
5.316326462E+01 -7.474718844E-01 -8.403441828E-01 8.935971701E-01 -6.642934484E-01 5.420531846E-01 -4.488698020E-01 
5.324518028E+01 -7.433367283E-01 -8.387407575E-01 8.970079025E-01 -6.689174178E-01 5.445309379E-01 -4.420145069E-01 
5.332709594E+01 -7.392667431E-01 -8.371512078E-01 9.003446885E-01 -6.734127159E-01 5.469715311E-01 -4.351774849E-01 
5.340901160E+01 -7.352631243E-01 -8.355760439E-01 9.036090284E-01 -6.777817801E-01 5.493748041E-01 -4.283581740E-01 
5.349092727E+01 -7.313269497E-01 -8.340157489E-01 9.068023902E-01 -6.820270493E-01 5.517406376E-01 -4.215559588E-01 
5.357284293E+01 -7.274591832E-01 -8.324707790E-01 9.099262084E-01 -6.861509600E-01 5.540689512E-01 -4.147701732E-01 
5.365475859E+01 -7.236606780E-01 -8.309415643E-01 9.129818826E-01 -6.901559434E-01 5.563597013E-01 -4.080001020E-01 
5.373667425E+01 -7.199321794E-01 -8.294285087E-01 9.159707767E-01 -6.940444222E-01 5.586128799E-01 -4.012449842E-01 
5.381858991E+01 -7.162743291E-01 -8.279319904E-01 9.188942179E-01 -6.978188076E-01 5.608285121E-01 -3.945040142E-01 
5.390050558E+01 -7.126876679E-01 -8.264523622E-01 9.217534958E-01 -7.014814971E-01 5.630066550E-01 -3.877763451E-01 
5.398242124E+01 -7.091726396E-01 -8.249899526E-01 9.245498616E-01 -7.050348714E-01 5.651473956E-01 -3.810610901E-01 
5.406433690E+01 -7.057295944E-01 -8.235450653E-01 9.272845271E-01 -7.084812928E-01 5.672508493E-01 -3.743573248E-01 
5.414625256E+01 -7.023587925E-01 -8.221179807E-01 9.299586646E-01 -7.118231024E-01 5.693171580E-01 -3.676640897E-01 
5.422816822E+01 -6.990604077E-01 -8.207089560E-01 9.325734060E-01 -7.150626188E-01 5.713464888E-01 -3.609803917E-01 
5.431008389E+01 -6.958345308E-01 -8.193182256E-01 9.351298420E-01 -7.182021359E-01 5.733390322E-01 -3.543052064E-01 
5.439199955E+01 -6.926811731E-01 -8.179460023E-01 9.376290221E-01 -7.212439217E-01 5.752950009E-01 -3.476374798E-01 
5.447391521E+01 -6.896002700E-01 -8.165924774E-01 9.400719541E-01 -7.241902165E-01 5.772146278E-01 -3.409761306E-01 
5.455583087E+01 -6.865916844E-01 -8.152578217E-01 9.424596033E-01 -7.270432317E-01 5.790981651E-01 -3.343200512E-01 
5.463774653E+01 -6.836552102E-01 -8.139421859E-01 9.447928926E-01 -7.298051488E-01 5.809458826E-01 -3.276681104E-01 
5.471966219E+01 -6.807905755E-01 -8.126457017E-01 9.470727020E-01 -7.324781184E-01 5.827580665E-01 -3.210191544E-01 
5.480157786E+01 -6.779974457E-01 -8.113684820E-01 9.492998685E-01 -7.350642592E-01 5.845350178E-01 -3.143720088E-01 
5.488349352E+01 -6.752754273E-01 -8.101106216E-01 9.514751858E-01 -7.375656572E-01 5.862770517E-01 -3.077254801E-01 
5.496540918E+01 -6.726240707E-01 -8.088721986E-01 9.535994039E-01 -7.399843652E-01 5.879844955E-01 -3.010783571E-01 
5.504732484E+01 -6.700428733E-01 -8.076532741E-01 9.556732293E-01 -7.423224024E-01 5.896576883E-01 -2.944294127E-01 
5.512924050E+01 -6.675312825E-01 -8.064538938E-01 9.576973245E-01 -7.445817537E-01 5.912969793E-01 -2.877774050E-01 
5.521115617E+01 -6.650886988E-01 -8.052740880E-01 9.596723082E-01 -7.467643696E-01 5.929027271E-01 -2.811210789E-01 
5.529307183E+01 -6.627144784E-01 -8.041138728E-01 9.615987550E-01 -7.488721660E-01 5.944752982E-01 -2.744591673E-01 
5.537498749E+01 -6.604079365E-01 -8.029732505E-01 9.634771952E-01 -7.509070237E-01 5.960150665E-01 -2.677903925E-01 
5.545690315E+01 -6.581683491E-01 -8.018522104E-01 9.653081151E-01 -7.528707890E-01 5.975224123E-01 -2.611134675E-01 
5.553881881E+01 -6.559949565E-01 -8.007507294E-01 9.670919565E-01 -7.547652731E-01 5.989977211E-01 -2.544270970E-01 
5.562073448E+01 -6.538869656E-01 -7.996687728E-01 9.688291168E-01 -7.565922526E-01 6.004413829E-01 -2.477299787E-01 
5.570265014E+01 -6.518435515E-01 -7.986062948E-01 9.705199492E-01 -7.583534695E-01 6.018537914E-01 -2.410208043E-01 
5.578456580E+01 -6.498638614E-01 -7.975632394E-01 9.721647622E-01 -7.600506312E-01 6.032353434E-01 -2.342982609E-01 
5.586648146E+01 -6.479470152E-01 -7.965395407E-01 9.737638198E-01 -7.616854112E-01 6.045864376E-01 -2.275610318E-01 
5.594839712E+01 -6.460921090E-01 -7.955351238E-01 9.753173414E-01 -7.632594492E-01 6.059074742E-01 -2.208077974E-01 
5.603031279E+01 -6.442982163E-01 -7.945499052E-01 9.768255019E-01 -7.647743513E-01 6.071988542E-01 -2.140372365E-01 
5.611222845E+01 -6.425643903E-01 -7.935837937E-01 9.782884314E-01 -7.662316909E-01 6.084609789E-01 -2.072480273E-01 
5.619414411E+01 -6.408896661E-01 -7.926366907E-01 9.797062152E-01 -7.676330085E-01 6.096942488E-01 -2.004388478E-01 
5.627605977E+01 -6.392730617E-01 -7.917084908E-01 9.810788939E-01 -7.689798126E-01 6.108990636E-01 -1.936083773E-01 
5.635797543E+01 -6.377135809E-01 -7.907990827E-01 9.824064631E-01 -7.702735802E-01 6.120758213E-01 -1.867552972E-01 
5.643989110E+01 -6.362102137E-01 -7.899083494E-01 9.836888736E-01 -7.715157572E-01 6.132249179E-01 -1.798782916E-01 
5.652180676E+01 -6.347619387E-01 -7.890361686E-01 9.849260309E-01 -7.727077588E-01 6.143467465E-01 -1.729760483E-01 
5.660372242E+01 -6.333677247E-01 -7.881824137E-01 9.861177958E-01 -7.738509706E-01 6.154416975E-01 -1.660472599E-01 
5.668563808E+01 -6.320265312E-01 -7.873469541E-01 9.872639835E-01 -7.749467486E-01 6.165101574E-01 -1.590906241E-01 
5.676755374E+01 -6.307373109E-01 -7.865296553E-01 9.883643639E-01 -7.759964201E-01 6.175525092E-01 -1.521048452E-01 
5.684946941E+01 -6.294990098E-01 -7.857303801E-01 9.894186616E-01 -7.770012843E-01 6.185691311E-01 -1.450886343E-01 
5.693138507E+01 -6.283105696E-01 -7.849489885E-01 9.904265555E-01 -7.779626131E-01 6.195603971E-01 -1.380407106E-01 
5.701330073E+01 -6.271709277E-01 -7.841853382E-01 9.913876790E-01 -7.788816512E-01 6.205266759E-01 -1.309598019E-01 
5.709521639E+01 -6.260790190E-01 -7.834392854E-01 9.923016192E-01 -7.797596175E-01 6.214683308E-01 -1.238446456E-01 
5.717713205E+01 -6.250337768E-01 -7.827106849E-01 9.931679176E-01 -7.805977049E-01 6.223857195E-01 -1.166939895E-01 
5.725904772E+01 -6.240325742E-01 -7.819982696E-01 9.939873355E-01 -7.813983271E-01 6.232806001E-01 -1.094950988E-01 
