0.000000000E+00 2.197087138E-01 -9.998951899E-01 2.197087138E-01 9.755655177E-01 -1.447786201E-02 9.755655177E-01 
6.946173784E-02 2.054934318E-01 -9.998320990E-01 2.054934318E-01 9.786584922E-01 -1.832410344E-02 9.786584922E-01 
1.389234757E-01 1.912346682E-01 -9.997523206E-01 1.912346682E-01 9.815443437E-01 -2.225523579E-02 9.815443437E-01 
2.083852135E-01 1.769354395E-01 -9.996548396E-01 1.769354395E-01 9.842224592E-01 -2.627163856E-02 9.842224592E-01 
2.778469513E-01 1.625987707E-01 -9.995386116E-01 1.625987707E-01 9.866922721E-01 -3.037368675E-02 9.866922721E-01 
3.473086892E-01 1.482276945E-01 -9.994025628E-01 1.482276945E-01 9.889532602E-01 -3.456175116E-02 9.889532602E-01 
4.167704270E-01 1.338252501E-01 -9.992455890E-01 1.338252501E-01 9.910049458E-01 -3.883619775E-02 9.910049458E-01 
4.862321649E-01 1.193944833E-01 -9.990665561E-01 1.193944833E-01 9.928468953E-01 -4.319738692E-02 9.928468953E-01 
5.556939027E-01 1.049384457E-01 -9.988642990E-01 1.049384457E-01 9.944787191E-01 -4.764567282E-02 9.944787191E-01 
6.251556405E-01 9.046019419E-02 -9.986376216E-01 9.046019419E-02 9.959000720E-01 -5.218140252E-02 9.959000720E-01 
6.946173784E-01 7.596279071E-02 -9.983852963E-01 7.596279071E-02 9.971106531E-01 -5.680491533E-02 9.971106531E-01 
7.640791162E-01 6.144930169E-02 -9.981060633E-01 6.144930169E-02 9.981102060E-01 -6.151654182E-02 9.981102060E-01 
8.335408540E-01 4.692279776E-02 -9.977986304E-01 4.692279776E-02 9.988985189E-01 -6.631660306E-02 9.988985189E-01 
9.030025919E-01 3.238635321E-02 -9.974616727E-01 3.238635321E-02 9.994754245E-01 -7.120540960E-02 9.994754245E-01 
9.724643297E-01 1.784304573E-02 -9.970938320E-01 1.784304573E-02 9.998408002E-01 -7.618326056E-02 9.998408002E-01 
1.041926068E+00 3.295956074E-03 -9.966937166E-01 3.295956074E-03 9.999945683E-01 -8.125044258E-02 9.999945683E-01 
1.111387805E+00 -1.125183233E-02 -9.962599009E-01 -1.125183233E-02 9.999366962E-01 -8.640722888E-02 9.999366962E-01 
1.180849543E+00 -2.579723362E-02 -9.957909249E-01 -2.579723362E-02 9.996671960E-01 -9.165387801E-02 9.996671960E-01 
1.250311281E+00 -4.033715977E-02 -9.952852941E-01 -4.033715977E-02 9.991861256E-01 -9.699063281E-02 9.991861256E-01 
1.319773019E+00 -5.486852095E-02 -9.947414792E-01 -5.486852095E-02 9.984935881E-01 -1.024177192E-01 9.984935881E-01 
1.389234757E+00 -6.938822571E-02 -9.941579155E-01 -6.938822571E-02 9.975897324E-01 -1.079353449E-01 9.975897324E-01 
1.458696495E+00 -8.389318121E-02 -9.935330032E-01 -8.389318121E-02 9.964747535E-01 -1.135436981E-01 9.964747535E-01 
1.528158232E+00 -9.838029354E-02 -9.928651065E-01 -9.838029354E-02 9.951488925E-01 -1.192429463E-01 9.951488925E-01 
1.597619970E+00 -1.128464678E-01 -9.921525539E-01 -1.128464678E-01 9.936124372E-01 -1.250332348E-01 9.936124372E-01 
1.667081708E+00 -1.272886084E-01 -9.913936380E-01 -1.272886084E-01 9.918657222E-01 -1.309146852E-01 9.918657222E-01 
1.736543446E+00 -1.417036191E-01 -9.905866149E-01 -1.417036191E-01 9.899091298E-01 -1.368873942E-01 9.899091298E-01 
1.806005184E+00 -1.560884034E-01 -9.897297048E-01 -1.560884034E-01 9.877430897E-01 -1.429514315E-01 9.877430897E-01 
1.875466922E+00 -1.704398646E-01 -9.888210915E-01 -1.704398646E-01 9.853680803E-01 -1.491068388E-01 9.853680803E-01 
1.944928659E+00 -1.847549058E-01 -9.878589225E-01 -1.847549058E-01 9.827846285E-01 -1.553536278E-01 9.827846285E-01 
2.014390397E+00 -1.990304306E-01 -9.868413091E-01 -1.990304306E-01 9.799933107E-01 -1.616917786E-01 9.799933107E-01 
2.083852135E+00 -2.132633425E-01 -9.857663263E-01 -2.132633425E-01 9.769947535E-01 -1.681212377E-01 9.769947535E-01 
2.153313873E+00 -2.274505460E-01 -9.846320133E-01 -2.274505460E-01 9.737896338E-01 -1.746419171E-01 9.737896338E-01 
2.222775611E+00 -2.415889459E-01 -9.834363734E-01 -2.415889459E-01 9.703786803E-01 -1.812536909E-01 9.703786803E-01 
2.292237349E+00 -2.556754481E-01 -9.821773743E-01 -2.556754481E-01 9.667626737E-01 -1.879563950E-01 9.667626737E-01 
2.361699086E+00 -2.697069597E-01 -9.808529489E-01 -2.697069597E-01 9.629424480E-01 -1.947498239E-01 9.629424480E-01 
2.431160824E+00 -2.836803890E-01 -9.794609948E-01 -2.836803890E-01 9.589188909E-01 -2.016337297E-01 9.589188909E-01 
2.500622562E+00 -2.975926460E-01 -9.779993760E-01 -2.975926460E-01 9.546929453E-01 -2.086078189E-01 9.546929453E-01 
2.570084300E+00 -3.114406426E-01 -9.764659223E-01 -3.114406426E-01 9.502656097E-01 -2.156717515E-01 9.502656097E-01 
2.639546038E+00 -3.252212930E-01 -9.748584307E-01 -3.252212930E-01 9.456379399E-01 -2.228251380E-01 9.456379399E-01 
2.709007776E+00 -3.389315142E-01 -9.731746659E-01 -3.389315142E-01 9.408110499E-01 -2.300675376E-01 9.408110499E-01 
2.778469513E+00 -3.525682259E-01 -9.714123612E-01 -3.525682259E-01 9.357861129E-01 -2.373984560E-01 9.357861129E-01 
2.847931251E+00 -3.661283515E-01 -9.695692195E-01 -3.661283515E-01 9.305643628E-01 -2.448173429E-01 9.305643628E-01 
2.917392989E+00 -3.796088183E-01 -9.676429140E-01 -3.796088183E-01 9.251470954E-01 -2.523235897E-01 9.251470954E-01 
2.986854727E+00 -3.930065584E-01 -9.656310901E-01 -3.930065584E-01 9.195356700E-01 -2.599165274E-01 9.195356700E-01 
3.056316465E+00 -4.063185084E-01 -9.635313655E-01 -4.063185084E-01 9.137315104E-01 -2.675954242E-01 9.137315104E-01 
3.125778203E+00 -4.195416116E-01 -9.613413332E-01 -4.195416116E-01 9.077361068E-01 -2.753594831E-01 9.077361068E-01 
3.195239940E+00 -4.326728173E-01 -9.590585612E-01 -4.326728173E-01 9.015510172E-01 -2.832078392E-01 9.015510172E-01 
3.264701678E+00 -4.457090826E-01 -9.566805957E-01 -4.457090826E-01 8.951778691E-01 -2.911395579E-01 8.951778691E-01 
3.334163416E+00 -4.586473728E-01 -9.542049617E-01 -4.586473728E-01 8.886183607E-01 -2.991536321E-01 8.886183607E-01 
3.403625154E+00 -4.714846630E-01 -9.516291659E-01 -4.714846630E-01 8.818742633E-01 -3.072489796E-01 8.818742633E-01 
3.473086892E+00 -4.842179383E-01 -9.489506979E-01 -4.842179383E-01 8.749474224E-01 -3.154244412E-01 8.749474224E-01 
3.542548630E+00 -4.968441962E-01 -9.461670328E-01 -4.968441962E-01 8.678397597E-01 -3.236787782E-01 8.678397597E-01 
3.612010367E+00 -5.093604467E-01 -9.432756336E-01 -5.093604467E-01 8.605532751E-01 -3.320106697E-01 8.605532751E-01 
3.681472105E+00 -5.217637147E-01 -9.402739534E-01 -5.217637147E-01 8.530900479E-01 -3.404187106E-01 8.530900479E-01 
3.750933843E+00 -5.340510410E-01 -9.371594381E-01 -5.340510410E-01 8.454522395E-01 -3.489014092E-01 8.454522395E-01 
3.820395581E+00 -5.462194844E-01 -9.339295296E-01 -5.462194844E-01 8.376420944E-01 -3.574571850E-01 8.376420944E-01 
3.889857319E+00 -5.582661231E-01 -9.305816684E-01 -5.582661231E-01 8.296619425E-01 -3.660843666E-01 8.296619425E-01 
3.959319057E+00 -5.701880570E-01 -9.271132967E-01 -5.701880570E-01 8.215142010E-01 -3.747811894E-01 8.215142010E-01 
4.028780794E+00 -5.819824096E-01 -9.235218615E-01 -5.819824096E-01 8.132013757E-01 -3.835457937E-01 8.132013757E-01 
4.098242532E+00 -5.936463301E-01 -9.198048186E-01 -5.936463301E-01 8.047260635E-01 -3.923762229E-01 8.047260635E-01 
4.167704270E+00 -6.051769957E-01 -9.159596353E-01 -6.051769957E-01 7.960909534E-01 -4.012704212E-01 7.960909534E-01 
4.237166008E+00 -6.165716147E-01 -9.119837951E-01 -6.165716147E-01 7.872988290E-01 -4.102262327E-01 7.872988290E-01 
4.306627746E+00 -6.278274284E-01 -9.078748008E-01 -6.278274284E-01 7.783525694E-01 -4.192413989E-01 7.783525694E-01 
4.376089484E+00 -6.389417142E-01 -9.036301791E-01 -6.389417142E-01 7.692551512E-01 -4.283135579E-01 7.692551512E-01 
4.445551221E+00 -6.499117888E-01 -8.992474844E-01 -6.499117888E-01 7.600096502E-01 -4.374402429E-01 7.600096502E-01 
4.515012959E+00 -6.607350110E-01 -8.947243035E-01 -6.607350110E-01 7.506192422E-01 -4.466188812E-01 7.506192422E-01 
4.584474697E+00 -6.714087848E-01 -8.900582598E-01 -6.714087848E-01 7.410872048E-01 -4.558467929E-01 7.410872048E-01 
4.653936435E+00 -6.819305632E-01 -8.852470177E-01 -6.819305632E-01 7.314169182E-01 -4.651211906E-01 7.314169182E-01 
4.723398173E+00 -6.922978513E-01 -8.802882881E-01 -6.922978513E-01 7.216118668E-01 -4.744391787E-01 7.216118668E-01 
4.792859911E+00 -7.025082102E-01 -8.751798321E-01 -7.025082102E-01 7.116756393E-01 -4.837977530E-01 7.116756393E-01 
4.862321649E+00 -7.125592610E-01 -8.699194671E-01 -7.125592610E-01 7.016119300E-01 -4.931938008E-01 7.016119300E-01 
4.931783386E+00 -7.224486881E-01 -8.645050709E-01 -7.224486881E-01 6.914245393E-01 -5.026241009E-01 6.914245393E-01 
5.001245124E+00 -7.321742439E-01 -8.589345874E-01 -7.321742439E-01 6.811173738E-01 -5.120853239E-01 6.811173738E-01 
5.070706862E+00 -7.417337527E-01 -8.532060313E-01 -7.417337527E-01 6.706944464E-01 -5.215740336E-01 6.706944464E-01 
5.140168600E+00 -7.511251145E-01 -8.473174938E-01 -7.511251145E-01 6.601598764E-01 -5.310866869E-01 6.601598764E-01 
5.209630338E+00 -7.603463101E-01 -8.412671474E-01 -7.603463101E-01 6.495178893E-01 -5.406196361E-01 6.495178893E-01 
5.279092076E+00 -7.693954053E-01 -8.350532514E-01 -7.693954053E-01 6.387728156E-01 -5.501691300E-01 6.387728156E-01 
5.348553813E+00 -7.782705547E-01 -8.286741571E-01 -7.782705547E-01 6.279290908E-01 -5.597313155E-01 6.279290908E-01 
5.418015551E+00 -7.869700072E-01 -8.221283130E-01 -7.869700072E-01 6.169912535E-01 -5.693022405E-01 6.169912535E-01 
5.487477289E+00 -7.954921100E-01 -8.154142700E-01 -7.954921100E-01 6.059639443E-01 -5.788778562E-01 6.059639443E-01 
5.556939027E+00 -8.038353132E-01 -8.085306866E-01 -8.038353132E-01 5.948519041E-01 -5.884540192E-01 5.948519041E-01 
5.626400765E+00 -8.119981745E-01 -8.014763338E-01 -8.119981745E-01 5.836599720E-01 -5.980264962E-01 5.836599720E-01 
5.695862503E+00 -8.199793636E-01 -7.942501001E-01 -8.199793636E-01 5.723930828E-01 -6.075909662E-01 5.723930828E-01 
5.765324240E+00 -8.277776669E-01 -7.868509962E-01 -8.277776669E-01 5.610562645E-01 -6.171430249E-01 5.610562645E-01 
5.834785978E+00 -8.353919917E-01 -7.792781598E-01 -8.353919917E-01 5.496546349E-01 -6.266781893E-01 5.496546349E-01 
5.904247716E+00 -8.428213704E-01 -7.715308599E-01 -8.428213704E-01 5.381933989E-01 -6.361919014E-01 5.381933989E-01 
5.973709454E+00 -8.500649655E-01 -7.636085010E-01 -8.500649655E-01 5.266778440E-01 -6.456795336E-01 5.266778440E-01 
6.043171192E+00 -8.571220724E-01 -7.555106270E-01 -8.571220724E-01 5.151133365E-01 -6.551363943E-01 5.151133365E-01 
6.112632930E+00 -8.639921246E-01 -7.472369257E-01 -8.639921246E-01 5.035053176E-01 -6.645577321E-01 5.035053176E-01 
6.182094667E+00 -8.706746966E-01 -7.387872312E-01 -8.706746966E-01 4.918592976E-01 -6.739387429E-01 4.918592976E-01 
6.251556405E+00 -8.771695077E-01 -7.301615274E-01 -8.771695077E-01 4.801808515E-01 -6.832745756E-01 4.801808515E-01 
6.321018143E+00 -8.834764255E-01 -7.213599517E-01 -8.834764255E-01 4.684756138E-01 -6.925603379E-01 4.684756138E-01 
6.390479881E+00 -8.895954685E-01 -7.123827961E-01 -8.895954685E-01 4.567492721E-01 -7.017911036E-01 4.567492721E-01 
6.459941619E+00 -8.955268087E-01 -7.032305100E-01 -8.955268087E-01 4.450075610E-01 -7.109619192E-01 4.450075610E-01 
6.529403357E+00 -9.012707753E-01 -6.939037027E-01 -9.012707753E-01 4.332562566E-01 -7.200678106E-01 4.332562566E-01 
6.598865094E+00 -9.068278550E-01 -6.844031432E-01 -9.068278550E-01 4.215011690E-01 -7.291037907E-01 4.215011690E-01 
6.668326832E+00 -9.121986949E-01 -6.747297621E-01 -9.121986949E-01 4.097481356E-01 -7.380648669E-01 4.097481356E-01 
6.737788570E+00 -9.173841039E-01 -6.648846523E-01 -9.173841039E-01 3.980030143E-01 -7.469460479E-01 3.980030143E-01 
6.807250308E+00 -9.223850529E-01 -6.548690679E-01 -9.223850529E-01 3.862716756E-01 -7.557423521E-01 3.862716756E-01 
6.876712046E+00 -9.272026765E-01 -6.446844255E-01 -9.272026765E-01 3.745599954E-01 -7.644488146E-01 3.745599954E-01 
6.946173784E+00 -9.318382719E-01 -6.343323015E-01 -9.318382719E-01 3.628738471E-01 -7.730604956E-01 3.628738471E-01 
7.015635521E+00 -9.362932995E-01 -6.238144320E-01 -9.362932995E-01 3.512190936E-01 -7.815724874E-01 3.512190936E-01 
7.085097259E+00 -9.405693817E-01 -6.131327103E-01 -9.405693817E-01 3.396015796E-01 -7.899799225E-01 3.396015796E-01 
7.154558997E+00 -9.446683022E-01 -6.022891854E-01 -9.446683022E-01 3.280271233E-01 -7.982779813E-01 3.280271233E-01 
7.224020735E+00 -9.485920041E-01 -5.912860587E-01 -9.485920041E-01 3.165015082E-01 -8.064618992E-01 3.165015082E-01 
7.293482473E+00 -9.523425877E-01 -5.801256813E-01 -9.523425877E-01 3.050304753E-01 -8.145269743E-01 3.050304753E-01 
7.362944211E+00 -9.559223079E-01 -5.688105499E-01 -9.559223079E-01 2.936197143E-01 -8.224685746E-01 2.936197143E-01 
7.432405948E+00 -9.593335713E-01 -5.573433030E-01 -9.593335713E-01 2.822748562E-01 -8.302821450E-01 2.822748562E-01 
7.501867686E+00 -9.625789328E-01 -5.457267166E-01 -9.625789328E-01 2.710014647E-01 -8.379632142E-01 2.710014647E-01 
7.571329424E+00 -9.656610912E-01 -5.339636994E-01 -9.656610912E-01 2.598050286E-01 -8.455074010E-01 2.598050286E-01 
7.640791162E+00 -9.685828852E-01 -5.220572873E-01 -9.685828852E-01 2.486909538E-01 -8.529104209E-01 2.486909538E-01 
7.710252900E+00 -9.713472885E-01 -5.100106382E-01 -9.713472885E-01 2.376645560E-01 -8.601680918E-01 2.376645560E-01 
7.779714638E+00 -9.739574045E-01 -4.978270260E-01 -9.739574045E-01 2.267310530E-01 -8.672763396E-01 2.267310530E-01 
7.849176375E+00 -9.764164606E-01 -4.855098343E-01 -9.764164606E-01 2.158955576E-01 -8.742312038E-01 2.158955576E-01 
7.918638113E+00 -9.787278023E-01 -4.730625505E-01 -9.787278023E-01 2.051630708E-01 -8.810288419E-01 2.051630708E-01 
7.988099851E+00 -9.808948865E-01 -4.604887585E-01 -9.808948865E-01 1.945384752E-01 -8.876655339E-01 1.945384752E-01 
8.057561589E+00 -9.829212754E-01 -4.477921322E-01 -9.829212754E-01 1.840265287E-01 -8.941376868E-01 1.840265287E-01 
8.127023327E+00 -9.848106289E-01 -4.349764287E-01 -9.848106289E-01 1.736318584E-01 -9.004418377E-01 1.736318584E-01 
8.196485065E+00 -9.865666977E-01 -4.220454809E-01 -9.865666977E-01 1.633589551E-01 -9.065746570E-01 1.633589551E-01 
8.265946802E+00 -9.881933155E-01 -4.090031900E-01 -9.881933155E-01 1.532121685E-01 -9.125329512E-01 1.532121685E-01 
8.335408540E+00 -9.896943915E-01 -3.958535189E-01 -9.896943915E-01 1.431957018E-01 -9.183136654E-01 1.431957018E-01 
8.404870278E+00 -9.910739023E-01 -3.826004842E-01 -9.910739023E-01 1.333136076E-01 -9.239138844E-01 1.333136076E-01 
8.474332016E+00 -9.923358839E-01 -3.692481495E-01 -9.923358839E-01 1.235697838E-01 -9.293308348E-01 1.235697838E-01 
8.543793754E+00 -9.934844235E-01 -3.558006177E-01 -9.934844235E-01 1.139679706E-01 -9.345618850E-01 1.139679706E-01 
8.613255492E+00 -9.945236514E-01 -3.422620237E-01 -9.945236514E-01 1.045117465E-01 -9.396045464E-01 1.045117465E-01 
8.682717229E+00 -9.954577322E-01 -3.286365281E-01 -9.954577322E-01 9.520452669E-02 -9.444564727E-01 9.520452669E-02 
8.752178967E+00 -9.962908571E-01 -3.149283093E-01 -9.962908571E-01 8.604955980E-02 -9.491154601E-01 8.604955980E-02 
8.821640705E+00 -9.970272352E-01 -3.011415575E-01 -9.970272352E-01 7.704992695E-02 -9.535794456E-01 7.704992695E-02 
8.891102443E+00 -9.976710852E-01 -2.872804677E-01 -9.976710852E-01 6.820854009E-02 -9.578465063E-01 6.820854009E-02 
8.960564181E+00 -9.982266275E-01 -2.733492337E-01 -9.982266275E-01 5.952814117E-02 -9.619148576E-01 5.952814117E-02 
9.030025919E+00 -9.986980759E-01 -2.593520416E-01 -9.986980759E-01 5.101130146E-02 -9.657828510E-01 5.101130146E-02 
9.099487656E+00 -9.990896297E-01 -2.452930646E-01 -9.990896297E-01 4.266042178E-02 -9.694489721E-01 4.266042178E-02 
9.168949394E+00 -9.994054663E-01 -2.311764569E-01 -9.994054663E-01 3.447773270E-02 -9.729118372E-01 3.447773270E-02 
9.238411132E+00 -9.996497329E-01 -2.170063488E-01 -9.996497329E-01 2.646529523E-02 -9.761701910E-01 2.646529523E-02 
9.307872870E+00 -9.998265399E-01 -2.027868419E-01 -9.998265399E-01 1.862500185E-02 -9.792229032E-01 1.862500185E-02 
9.377334608E+00 -9.999399533E-01 -1.885220044E-01 -9.999399533E-01 1.095857797E-02 -9.820689647E-01 1.095857797E-02 
9.446796346E+00 -9.999939883E-01 -1.742158669E-01 -9.999939883E-01 3.467583734E-03 -9.847074842E-01 3.467583734E-03 
9.516258083E+00 -9.999926024E-01 -1.598724187E-01 -9.999926024E-01 -3.846584003E-03 -9.871376842E-01 -3.846584003E-03 
9.585719821E+00 -9.999396891E-01 -1.454956045E-01 -9.999396891E-01 -1.098268935E-02 -9.893588970E-01 -1.098268935E-02 
9.655181559E+00 -9.998390722E-01 -1.310893207E-01 -9.998390722E-01 -1.793965482E-02 -9.913705605E-01 -1.793965482E-02 
9.724643297E+00 -9.996945000E-01 -1.166574133E-01 -9.996945000E-01 -2.471655838E-02 -9.931722138E-01 -2.471655838E-02 
9.794105035E+00 -9.995096402E-01 -1.022036752E-01 -9.995096402E-01 -3.131263048E-02 -9.947634931E-01 -3.131263048E-02 
9.863566773E+00 -9.992880748E-01 -8.773184453E-02 -9.992880748E-01 -3.772725077E-02 -9.961441272E-01 -3.772725077E-02 
9.933028511E+00 -9.990332954E-01 -7.324560224E-02 -9.990332954E-01 -4.395994481E-02 -9.973139328E-01 -4.395994481E-02 
1.000249025E+01 -9.987486992E-01 -5.874857159E-02 -9.987486992E-01 -5.001038030E-02 -9.982728106E-01 -5.001038030E-02 
1.007195199E+01 -9.984375848E-01 -4.424431681E-02 -9.984375848E-01 -5.587836354E-02 -9.990207403E-01 -5.587836354E-02 
1.014141372E+01 -9.981031493E-01 -2.973634254E-02 -9.981031493E-01 -6.156383553E-02 -9.995577769E-01 -6.156383553E-02 
1.021087546E+01 -9.977484842E-01 -1.522809332E-02 -9.977484842E-01 -6.706686820E-02 -9.998840456E-01 -6.706686820E-02 
1.028033720E+01 -9.973765734E-01 -7.229537932E-04 -9.973765734E-01 -7.238766035E-02 -9.999997385E-01 -7.238766035E-02 
1.034979894E+01 -9.969902904E-01 1.377575116E-02 -9.969902904E-01 -7.752653369E-02 -9.999051097E-01 -7.752653369E-02 
1.041926068E+01 -9.965923963E-01 2.826475587E-02 -9.965923963E-01 -8.248392884E-02 -9.996004720E-01 -8.248392884E-02 
1.048872241E+01 -9.961855376E-01 4.274085323E-02 -9.961855376E-01 -8.726040130E-02 -9.990861923E-01 -8.726040130E-02 
1.055818415E+01 -9.957722454E-01 5.720089350E-02 -9.957722454E-01 -9.185661737E-02 -9.983626886E-01 -9.185661737E-02 
1.062764589E+01 -9.953549341E-01 7.164178319E-02 -9.953549341E-01 -9.627335019E-02 -9.974304263E-01 -9.627335019E-02 
1.069710763E+01 -9.949359005E-01 8.606048357E-02 -9.949359005E-01 -1.005114758E-01 -9.962899145E-01 -1.005114758E-01 
1.076656936E+01 -9.945173233E-01 1.004540092E-01 -9.945173233E-01 -1.045719690E-01 -9.949417032E-01 -1.045719690E-01 
1.083603110E+01 -9.941012628E-01 1.148194261E-01 -9.941012628E-01 -1.084559000E-01 -9.933863801E-01 -1.084559000E-01 
1.090549284E+01 -9.936896616E-01 1.291538495E-01 -9.936896616E-01 -1.121644299E-01 -9.916245681E-01 -1.121644299E-01 
1.097495458E+01 -9.932843444E-01 1.434544426E-01 -9.932843444E-01 -1.156988075E-01 -9.896569223E-01 -1.156988075E-01 
1.104441632E+01 -9.928870189E-01 1.577184135E-01 -9.928870189E-01 -1.190603656E-01 -9.874841281E-01 -1.190603656E-01 
1.111387805E+01 -9.924992765E-01 1.719430137E-01 -9.924992765E-01 -1.222505172E-01 -9.851068984E-01 -1.222505172E-01 
1.118333979E+01 -9.921225939E-01 1.861255355E-01 -9.921225939E-01 -1.252707524E-01 -9.825259724E-01 -1.252707524E-01 
1.125280153E+01 -9.917583341E-01 2.002633094E-01 -9.917583341E-01 -1.281226349E-01 -9.797421132E-01 -1.281226349E-01 
1.132226327E+01 -9.914077480E-01 2.143537022E-01 -9.914077480E-01 -1.308077983E-01 -9.767561067E-01 -1.308077983E-01 
1.139172501E+01 -9.910719763E-01 2.283941145E-01 -9.910719763E-01 -1.333279440E-01 -9.735687598E-01 -1.333279440E-01 
1.146118674E+01 -9.907520516E-01 2.423819779E-01 -9.907520516E-01 -1.356848373E-01 -9.701808999E-01 -1.356848373E-01 
1.153064848E+01 -9.904489004E-01 2.563147530E-01 -9.904489004E-01 -1.378803048E-01 -9.665933733E-01 -1.378803048E-01 
1.160011022E+01 -9.901633455E-01 2.701899270E-01 -9.901633455E-01 -1.399162315E-01 -9.628070446E-01 -1.399162315E-01 
1.166957196E+01 -9.898961086E-01 2.840050111E-01 -9.898961086E-01 -1.417945582E-01 -9.588227968E-01 -1.417945582E-01 
1.173903369E+01 -9.896478126E-01 2.977575385E-01 -9.896478126E-01 -1.435172791E-01 -9.546415297E-01 -1.435172791E-01 
1.180849543E+01 -9.894189849E-01 3.114450621E-01 -9.894189849E-01 -1.450864389E-01 -9.502641608E-01 -1.450864389E-01 
1.187795717E+01 -9.892100597E-01 3.250651525E-01 -9.892100597E-01 -1.465041304E-01 -9.456916245E-01 -1.465041304E-01 
1.194741891E+01 -9.890213813E-01 3.386153955E-01 -9.890213813E-01 -1.477724928E-01 -9.409248727E-01 -1.477724928E-01 
1.201688065E+01 -9.888532074E-01 3.520933909E-01 -9.888532074E-01 -1.488937089E-01 -9.359648746E-01 -1.488937089E-01 
1.208634238E+01 -9.887057117E-01 3.654967498E-01 -9.887057117E-01 -1.498700032E-01 -9.308126171E-01 -1.498700032E-01 
1.215580412E+01 -9.885789878E-01 3.788230936E-01 -9.885789878E-01 -1.507036398E-01 -9.254691060E-01 -1.507036398E-01 
1.222526586E+01 -9.884730519E-01 3.920700520E-01 -9.884730519E-01 -1.513969207E-01 -9.199353655E-01 -1.513969207E-01 
1.229472760E+01 -9.883878468E-01 4.052352615E-01 -9.883878468E-01 -1.519521836E-01 -9.142124399E-01 -1.519521836E-01 
1.236418933E+01 -9.883232448E-01 4.183163642E-01 -9.883232448E-01 -1.523718004E-01 -9.083013937E-01 -1.523718004E-01 
1.243365107E+01 -9.882790513E-01 4.313110066E-01 -9.882790513E-01 -1.526581750E-01 -9.022033130E-01 -1.526581750E-01 
1.250311281E+01 -9.882550085E-01 4.442168383E-01 -9.882550085E-01 -1.528137420E-01 -8.959193060E-01 -1.528137420E-01 
1.257257455E+01 -9.882507985E-01 4.570315113E-01 -9.882507985E-01 -1.528409652E-01 -8.894505046E-01 -1.528409652E-01 
1.264203629E+01 -9.882660473E-01 4.697526787E-01 -9.882660473E-01 -1.527423354E-01 -8.827980648E-01 -1.527423354E-01 
1.271149802E+01 -9.883003279E-01 4.823779949E-01 -9.883003279E-01 -1.525203694E-01 -8.759631684E-01 -1.525203694E-01 
1.278095976E+01 -9.883531639E-01 4.949051143E-01 -9.883531639E-01 -1.521776083E-01 -8.689470239E-01 -1.521776083E-01 
1.285042150E+01 -9.884240332E-01 5.073316910E-01 -9.884240332E-01 -1.517166158E-01 -8.617508675E-01 -1.517166158E-01 
1.291988324E+01 -9.885123712E-01 5.196553791E-01 -9.885123712E-01 -1.511399772E-01 -8.543759648E-01 -1.511399772E-01 
1.298934498E+01 -9.886175745E-01 5.318738322E-01 -9.886175745E-01 -1.504502977E-01 -8.468236114E-01 -1.504502977E-01 
1.305880671E+01 -9.887390039E-01 5.439847032E-01 -9.887390039E-01 -1.496502006E-01 -8.390951345E-01 -1.496502006E-01 
1.312826845E+01 -9.888759884E-01 5.559856451E-01 -9.888759884E-01 -1.487423268E-01 -8.311918939E-01 -1.487423268E-01 
1.319773019E+01 -9.890278280E-01 5.678743106E-01 -9.890278280E-01 -1.477293324E-01 -8.231152831E-01 -1.477293324E-01 
1.326719193E+01 -9.891937969E-01 5.796483531E-01 -9.891937969E-01 -1.466138882E-01 -8.148667305E-01 -1.466138882E-01 
1.333665366E+01 -9.893731472E-01 5.913054270E-01 -9.893731472E-01 -1.453986776E-01 -8.064477006E-01 -1.453986776E-01 
1.340611540E+01 -9.895651117E-01 6.028431881E-01 -9.895651117E-01 -1.440863955E-01 -7.978596946E-01 -1.440863955E-01 
1.347557714E+01 -9.897689070E-01 6.142592948E-01 -9.897689070E-01 -1.426797471E-01 -7.891042518E-01 -1.426797471E-01 
1.354503888E+01 -9.899837366E-01 6.255514089E-01 -9.899837366E-01 -1.411814461E-01 -7.801829505E-01 -1.411814461E-01 
1.361450062E+01 -9.902087935E-01 6.367171962E-01 -9.902087935E-01 -1.395942136E-01 -7.710974085E-01 -1.395942136E-01 
1.368396235E+01 -9.904432636E-01 6.477543279E-01 -9.904432636E-01 -1.379207767E-01 -7.618492842E-01 -1.379207767E-01 
1.375342409E+01 -9.906863279E-01 6.586604816E-01 -9.906863279E-01 -1.361638667E-01 -7.524402773E-01 -1.361638667E-01 
1.382288583E+01 -9.909371655E-01 6.694333427E-01 -9.909371655E-01 -1.343262184E-01 -7.428721293E-01 -1.343262184E-01 
1.389234757E+01 -9.911949557E-01 6.800706055E-01 -9.911949557E-01 -1.324105678E-01 -7.331466240E-01 -1.324105678E-01 
1.396180930E+01 -9.914588812E-01 6.905699744E-01 -9.914588812E-01 -1.304196513E-01 -7.232655882E-01 -1.304196513E-01 
1.403127104E+01 -9.917281298E-01 7.009291657E-01 -9.917281298E-01 -1.283562041E-01 -7.132308919E-01 -1.283562041E-01 
1.410073278E+01 -9.920018967E-01 7.111459086E-01 -9.920018967E-01 -1.262229587E-01 -7.030444488E-01 -1.262229587E-01 
1.417019452E+01 -9.922793872E-01 7.212179473E-01 -9.922793872E-01 -1.240226434E-01 -6.927082161E-01 -1.240226434E-01 
1.423965626E+01 -9.925598180E-01 7.311430418E-01 -9.925598180E-01 -1.217579808E-01 -6.822241952E-01 -1.217579808E-01 
1.430911799E+01 -9.928424197E-01 7.409189700E-01 -9.928424197E-01 -1.194316867E-01 -6.715944311E-01 -1.194316867E-01 
1.437857973E+01 -9.931264382E-01 7.505435289E-01 -9.931264382E-01 -1.170464682E-01 -6.608210129E-01 -1.170464682E-01 
1.444804147E+01 -9.934111368E-01 7.600145364E-01 -9.934111368E-01 -1.146050224E-01 -6.499060732E-01 -1.146050224E-01 
1.451750321E+01 -9.936957974E-01 7.693298331E-01 -9.936957974E-01 -1.121100351E-01 -6.388517884E-01 -1.121100351E-01 
1.458696495E+01 -9.939797223E-01 7.784872831E-01 -9.939797223E-01 -1.095641791E-01 -6.276603775E-01 -1.095641791E-01 
1.465642668E+01 -9.942622353E-01 7.874847764E-01 -9.942622353E-01 -1.069701132E-01 -6.163341028E-01 -1.069701132E-01 
1.472588842E+01 -9.945426831E-01 7.963202301E-01 -9.945426831E-01 -1.043304801E-01 -6.048752684E-01 -1.043304801E-01 
1.479535016E+01 -9.948204364E-01 8.049915899E-01 -9.948204364E-01 -1.016479055E-01 -5.932862203E-01 -1.016479055E-01 
1.486481190E+01 -9.950948912E-01 8.134968318E-01 -9.950948912E-01 -9.892499685E-02 -5.815693455E-01 -9.892499685E-02 
1.493427363E+01 -9.953654690E-01 8.218339633E-01 -9.953654690E-01 -9.616434140E-02 -5.697270712E-01 -9.616434140E-02 
1.500373537E+01 -9.956316184E-01 8.300010250E-01 -9.956316184E-01 -9.336850537E-02 -5.577618643E-01 -9.336850537E-02 
1.507319711E+01 -9.958928155E-01 8.379960921E-01 -9.958928155E-01 -9.054003240E-02 -5.456762302E-01 -9.054003240E-02 
1.514265885E+01 -9.961485642E-01 8.458172757E-01 -9.961485642E-01 -8.768144238E-02 -5.334727122E-01 -8.768144238E-02 
1.521212059E+01 -9.963983974E-01 8.534627240E-01 -9.963983974E-01 -8.479523010E-02 -5.211538902E-01 -8.479523010E-02 
1.528158232E+01 -9.966418766E-01 8.609306235E-01 -9.966418766E-01 -8.188386411E-02 -5.087223800E-01 -8.188386411E-02 
1.535104406E+01 -9.968785928E-01 8.682192006E-01 -9.968785928E-01 -7.894978558E-02 -4.961808321E-01 -7.894978558E-02 
1.542050580E+01 -9.971081664E-01 8.753267222E-01 -9.971081664E-01 -7.599540700E-02 -4.835319305E-01 -7.599540700E-02 
1.548996754E+01 -9.973302476E-01 8.822514972E-01 -9.973302476E-01 -7.302311133E-02 -4.707783916E-01 -7.302311133E-02 
1.555942928E+01 -9.975445159E-01 8.889918774E-01 -9.975445159E-01 -7.003525073E-02 -4.579229631E-01 -7.003525073E-02 
1.562889101E+01 -9.977506807E-01 8.955462584E-01 -9.977506807E-01 -6.703414572E-02 -4.449684228E-01 -6.703414572E-02 
1.569835275E+01 -9.979484808E-01 9.019130806E-01 -9.979484808E-01 -6.402208421E-02 -4.319175769E-01 -6.402208421E-02 
1.576781449E+01 -9.981376842E-01 9.080908298E-01 -9.981376842E-01 -6.100132049E-02 -4.187732596E-01 -6.100132049E-02 
1.583727623E+01 -9.983180878E-01 9.140780384E-01 -9.983180878E-01 -5.797407457E-02 -4.055383310E-01 -5.797407457E-02 
1.590673796E+01 -9.984895172E-01 9.198732856E-01 -9.984895172E-01 -5.494253127E-02 -3.922156761E-01 -5.494253127E-02 
1.597619970E+01 -9.986518264E-01 9.254751984E-01 -9.986518264E-01 -5.190883951E-02 -3.788082038E-01 -5.190883951E-02 
1.604566144E+01 -9.988048966E-01 9.308824521E-01 -9.988048966E-01 -4.887511174E-02 -3.653188450E-01 -4.887511174E-02 
1.611512318E+01 -9.989486366E-01 9.360937707E-01 -9.989486366E-01 -4.584342311E-02 -3.517505518E-01 -4.584342311E-02 
1.618458492E+01 -9.990829818E-01 9.411079272E-01 -9.990829818E-01 -4.281581119E-02 -3.381062961E-01 -4.281581119E-02 
1.625404665E+01 -9.992078932E-01 9.459237446E-01 -9.992078932E-01 -3.979427530E-02 -3.243890681E-01 -3.979427530E-02 
1.632350839E+01 -9.993233574E-01 9.505400956E-01 -9.993233574E-01 -3.678077603E-02 -3.106018751E-01 -3.678077603E-02 
1.639297013E+01 -9.994293855E-01 9.549559029E-01 -9.994293855E-01 -3.377723513E-02 -2.967477405E-01 -3.377723513E-02 
1.646243187E+01 -9.995260122E-01 9.591701401E-01 -9.995260122E-01 -3.078553476E-02 -2.828297021E-01 -3.078553476E-02 
1.653189360E+01 -9.996132953E-01 9.631818308E-01 -9.996132953E-01 -2.780751776E-02 -2.688508113E-01 -2.780751776E-02 
1.660135534E+01 -9.996913149E-01 9.669900498E-01 -9.996913149E-01 -2.484498692E-02 -2.548141315E-01 -2.484498692E-02 
1.667081708E+01 -9.997601719E-01 9.705939222E-01 -9.997601719E-01 -2.189970532E-02 -2.407227373E-01 -2.189970532E-02 
1.674027882E+01 -9.998199882E-01 9.739926240E-01 -9.998199882E-01 -1.897339590E-02 -2.265797131E-01 -1.897339590E-02 
1.680974056E+01 -9.998709048E-01 9.771853821E-01 -9.998709048E-01 -1.606774159E-02 -2.123881520E-01 -1.606774159E-02 
1.687920229E+01 -9.999130816E-01 9.801714737E-01 -9.999130816E-01 -1.318438539E-02 -1.981511549E-01 -1.318438539E-02 
1.694866403E+01 -9.999466959E-01 9.829502270E-01 -9.999466959E-01 -1.032493020E-02 -1.838718290E-01 -1.032493020E-02 
1.701812577E+01 -9.999719420E-01 9.855210201E-01 -9.999719420E-01 -7.490939331E-03 -1.695532873E-01 -7.490939331E-03 
1.708758751E+01 -9.999890298E-01 9.878832817E-01 -9.999890298E-01 -4.683936269E-03 -1.551986472E-01 -4.683936269E-03 
1.715704925E+01 -9.999981843E-01 9.900364903E-01 -9.999981843E-01 -1.905405341E-03 -1.408110299E-01 -1.905405341E-03 
1.722651098E+01 -9.999996441E-01 9.919801745E-01 -9.999996441E-01 8.432084258E-04 -1.263935589E-01 8.432084258E-04 
1.729597272E+01 -9.999936611E-01 9.937139122E-01 -9.999936611E-01 3.560498612E-03 -1.119493597E-01 3.560498612E-03 
1.736543446E+01 -9.999804989E-01 9.952373306E-01 -9.999804989E-01 6.245097297E-03 -9.748155868E-02 6.245097297E-03 
1.743489620E+01 -9.999604325E-01 9.965501060E-01 -9.999604325E-01 8.895674518E-03 -8.299328214E-02 8.895674518E-03 
1.750435793E+01 -9.999337468E-01 9.976519632E-01 -9.999337468E-01 1.151093779E-02 -6.848765581E-02 1.151093779E-02 
1.757381967E+01 -9.999007361E-01 9.985426756E-01 -9.999007361E-01 1.408963180E-02 -5.396780378E-02 1.408963180E-02 
1.764328141E+01 -9.998617030E-01 9.992220643E-01 -9.998617030E-01 1.663053758E-02 -3.943684809E-02 1.663053758E-02 
1.771274315E+01 -9.998169574E-01 9.996899985E-01 -9.998169574E-01 1.913247232E-02 -2.489790765E-02 1.913247232E-02 
1.778220489E+01 -9.997668162E-01 9.999463944E-01 -9.997668162E-01 2.159428840E-02 -1.035409798E-02 2.159428840E-02 
1.785166662E+01 -9.997116014E-01 9.999912153E-01 -9.997116014E-01 2.401487311E-02 4.191469779E-03 2.401487311E-02 
1.792112836E+01 -9.996516403E-01 9.998244712E-01 -9.996516403E-01 2.639314772E-02 1.873568920E-02 2.639314772E-02 
1.799059010E+01 -9.995872640E-01 9.994462182E-01 -9.995872640E-01 2.872806701E-02 3.327545933E-02 2.872806701E-02 
1.806005184E+01 -9.995188071E-01 9.988565586E-01 -9.995188071E-01 3.101861847E-02 4.780768516E-02 3.101861847E-02 
1.812951358E+01 -9.994466062E-01 9.980556400E-01 -9.994466062E-01 3.326382166E-02 6.232927822E-02 3.326382166E-02 
1.819897531E+01 -9.993709999E-01 9.970436554E-01 -9.993709999E-01 3.546272739E-02 7.683715700E-02 3.546272739E-02 
1.826843705E+01 -9.992923277E-01 9.958208427E-01 -9.992923277E-01 3.761441708E-02 9.132824753E-02 3.761441708E-02 
1.833789879E+01 -9.992109292E-01 9.943874843E-01 -9.992109292E-01 3.971800186E-02 1.057994837E-01 3.971800186E-02 
1.840736053E+01 -9.991271435E-01 9.927439067E-01 -9.991271435E-01 4.177262192E-02 1.202478080E-01 4.177262192E-02 
1.847682226E+01 -9.990413085E-01 9.908904807E-01 -9.990413085E-01 4.377744560E-02 1.346701716E-01 4.377744560E-02 
1.854628400E+01 -9.989537604E-01 9.888276202E-01 -9.989537604E-01 4.573166874E-02 1.490635349E-01 4.573166874E-02 
1.861574574E+01 -9.988648327E-01 9.865557827E-01 -9.988648327E-01 4.763451369E-02 1.634248681E-01 4.763451369E-02 
1.868520748E+01 -9.987748561E-01 9.840754688E-01 -9.987748561E-01 4.948522870E-02 1.777511514E-01 4.948522870E-02 
1.875466922E+01 -9.986841573E-01 9.813872215E-01 -9.986841573E-01 5.128308691E-02 1.920393753E-01 5.128308691E-02 
1.882413095E+01 -9.985930590E-01 9.784916265E-01 -9.985930590E-01 5.302738572E-02 2.062865412E-01 5.302738572E-02 
1.889359269E+01 -9.985018790E-01 9.753893116E-01 -9.985018790E-01 5.471744581E-02 2.204896619E-01 5.471744581E-02 
1.896305443E+01 -9.984109297E-01 9.720809467E-01 -9.984109297E-01 5.635261041E-02 2.346457614E-01 5.635261041E-02 
1.903251617E+01 -9.983205178E-01 9.685672432E-01 -9.983205178E-01 5.793224446E-02 2.487518757E-01 5.793224446E-02 
1.910197790E+01 -9.982309437E-01 9.648489542E-01 -9.982309437E-01 5.945573381E-02 2.628050532E-01 5.945573381E-02 
1.917143964E+01 -9.981425010E-01 9.609268739E-01 -9.981425010E-01 6.092248438E-02 2.768023548E-01 6.092248438E-02 
1.924090138E+01 -9.980554759E-01 9.568018375E-01 -9.980554759E-01 6.233192137E-02 2.907408543E-01 6.233192137E-02 
1.931036312E+01 -9.979701472E-01 9.524747213E-01 -9.979701472E-01 6.368348848E-02 3.046176389E-01 6.368348848E-02 
1.937982486E+01 -9.978867855E-01 9.479464421E-01 -9.978867855E-01 6.497664707E-02 3.184298095E-01 6.497664707E-02 
1.944928659E+01 -9.978056531E-01 9.432179572E-01 -9.978056531E-01 6.621087546E-02 3.321744810E-01 6.621087546E-02 
1.951874833E+01 -9.977270033E-01 9.382902644E-01 -9.977270033E-01 6.738566804E-02 3.458487828E-01 6.738566804E-02 
1.958821007E+01 -9.976510804E-01 9.331644012E-01 -9.976510804E-01 6.850053464E-02 3.594498588E-01 6.850053464E-02 
1.965767181E+01 -9.975781189E-01 9.278414456E-01 -9.975781189E-01 6.955499964E-02 3.729748685E-01 6.955499964E-02 
1.972713355E+01 -9.975083440E-01 9.223225151E-01 -9.975083440E-01 7.054860140E-02 3.864209866E-01 7.054860140E-02 
1.979659528E+01 -9.974419700E-01 9.166087669E-01 -9.974419700E-01 7.148089130E-02 3.997854039E-01 7.148089130E-02 
1.986605702E+01 -9.973792014E-01 9.107013978E-01 -9.973792014E-01 7.235143328E-02 4.130653275E-01 7.235143328E-02 
1.993551876E+01 -9.973202317E-01 9.046016438E-01 -9.973202317E-01 7.315980290E-02 4.262579814E-01 7.315980290E-02 
2.000498050E+01 -9.972652433E-01 8.983107804E-01 -9.972652433E-01 7.390558689E-02 4.393606066E-01 7.390558689E-02 
2.007444223E+01 -9.972144075E-01 8.918301217E-01 -9.972144075E-01 7.458838224E-02 4.523704619E-01 7.458838224E-02 
2.014390397E+01 -9.971678840E-01 8.851610211E-01 -9.971678840E-01 7.520779567E-02 4.652848239E-01 7.520779567E-02 
2.021336571E+01 -9.971258206E-01 8.783048707E-01 -9.971258206E-01 7.576344304E-02 4.781009882E-01 7.576344304E-02 
2.028282745E+01 -9.970883532E-01 8.712631010E-01 -9.970883532E-01 7.625494849E-02 4.908162687E-01 7.625494849E-02 
2.035228919E+01 -9.970556056E-01 8.640371810E-01 -9.970556056E-01 7.668194421E-02 5.034279994E-01 7.668194421E-02 
2.042175092E+01 -9.970276890E-01 8.566286181E-01 -9.970276890E-01 7.704406934E-02 5.159335339E-01 7.704406934E-02 
2.049121266E+01 -9.970047019E-01 8.490389576E-01 -9.970047019E-01 7.734096997E-02 5.283302463E-01 7.734096997E-02 
2.056067440E+01 -9.969867300E-01 8.412697829E-01 -9.969867300E-01 7.757229797E-02 5.406155316E-01 7.757229797E-02 
2.063013614E+01 -9.969738459E-01 8.333227149E-01 -9.969738459E-01 7.773771096E-02 5.527868064E-01 7.773771096E-02 
2.069959788E+01 -9.969661090E-01 8.251994123E-01 -9.969661090E-01 7.783687147E-02 5.648415091E-01 7.783687147E-02 
2.076905961E+01 -9.969635652E-01 8.169015708E-01 -9.969635652E-01 7.786944647E-02 5.767771008E-01 7.786944647E-02 
2.083852135E+01 -9.969662467E-01 8.084309234E-01 -9.969662467E-01 7.783510706E-02 5.885910654E-01 7.783510706E-02 
2.090798309E+01 -9.969741719E-01 7.997892401E-01 -9.969741719E-01 7.773352762E-02 6.002809106E-01 7.773352762E-02 
2.097744483E+01 -9.969873454E-01 7.909783271E-01 -9.969873454E-01 7.756438584E-02 6.118441683E-01 7.756438584E-02 
2.104690656E+01 -9.970057572E-01 7.820000273E-01 -9.970057572E-01 7.732736169E-02 6.232783948E-01 7.732736169E-02 
2.111636830E+01 -9.970293832E-01 7.728562195E-01 -9.970293832E-01 7.702213764E-02 6.345811721E-01 7.702213764E-02 
2.118583004E+01 -9.970581848E-01 7.635488185E-01 -9.970581848E-01 7.664839758E-02 6.457501077E-01 7.664839758E-02 
2.125529178E+01 -9.970921083E-01 7.540797746E-01 -9.970921083E-01 7.620582696E-02 6.567828358E-01 7.620582696E-02 
2.132475352E+01 -9.971310856E-01 7.444510730E-01 -9.971310856E-01 7.569411213E-02 6.676770174E-01 7.569411213E-02 
2.139421525E+01 -9.971750331E-01 7.346647341E-01 -9.971750331E-01 7.511293998E-02 6.784303413E-01 7.511293998E-02 
2.146367699E+01 -9.972238521E-01 7.247228126E-01 -9.972238521E-01 7.446199783E-02 6.890405244E-01 7.446199783E-02 
2.153313873E+01 -9.972774284E-01 7.146273976E-01 -9.972774284E-01 7.374097267E-02 6.995053123E-01 7.374097267E-02 
2.160260047E+01 -9.973356322E-01 7.043806116E-01 -9.973356322E-01 7.294955141E-02 7.098224801E-01 7.294955141E-02 
2.167206220E+01 -9.973983177E-01 6.939846108E-01 -9.973983177E-01 7.208741994E-02 7.199898327E-01 7.208741994E-02 
2.174152394E+01 -9.974653232E-01 6.834415841E-01 -9.974653232E-01 7.115426355E-02 7.300052056E-01 7.115426355E-02 
2.181098568E+01 -9.975364707E-01 6.727537532E-01 -9.975364707E-01 7.014976598E-02 7.398664654E-01 7.014976598E-02 
2.188044742E+01 -9.976115659E-01 6.619233715E-01 -9.976115659E-01 6.907360969E-02 7.495715104E-01 6.907360969E-02 
2.194990916E+01 -9.976903978E-01 6.509527244E-01 -9.976903978E-01 6.792547541E-02 7.591182710E-01 6.792547541E-02 
2.201937089E+01 -9.977727383E-01 6.398441282E-01 -9.977727383E-01 6.670504187E-02 7.685047107E-01 6.670504187E-02 
2.208883263E+01 -9.978583427E-01 6.285999297E-01 -9.978583427E-01 6.541198586E-02 7.777288262E-01 6.541198586E-02 
2.215829437E+01 -9.979469485E-01 6.172225061E-01 -9.979469485E-01 6.404598167E-02 7.867886480E-01 6.404598167E-02 
2.222775611E+01 -9.980382762E-01 6.057142639E-01 -9.980382762E-01 6.260670141E-02 7.956822412E-01 6.260670141E-02 
2.229721785E+01 -9.981320282E-01 5.940776389E-01 -9.981320282E-01 6.109381429E-02 8.044077060E-01 6.109381429E-02 
2.236667958E+01 -9.982278889E-01 5.823150948E-01 -9.982278889E-01 5.950698713E-02 8.129631779E-01 5.950698713E-02 
2.243614132E+01 -9.983255248E-01 5.704291239E-01 -9.983255248E-01 5.784588361E-02 8.213468286E-01 5.784588361E-02 
2.250560306E+01 -9.984245836E-01 5.584222453E-01 -9.984245836E-01 5.611016471E-02 8.295568662E-01 5.611016471E-02 
2.257506480E+01 -9.985246943E-01 5.462970047E-01 -9.985246943E-01 5.429948833E-02 8.375915358E-01 5.429948833E-02 
2.264452653E+01 -9.986254672E-01 5.340559743E-01 -9.986254672E-01 5.241350926E-02 8.454491200E-01 5.241350926E-02 
2.271398827E+01 -9.987264928E-01 5.217017512E-01 -9.987264928E-01 5.045187937E-02 8.531279393E-01 5.045187937E-02 
2.278345001E+01 -9.988273425E-01 5.092369576E-01 -9.988273425E-01 4.841424715E-02 8.606263528E-01 4.841424715E-02 
2.285291175E+01 -9.989275677E-01 4.966642397E-01 -9.989275677E-01 4.630025828E-02 8.679427579E-01 4.630025828E-02 
2.292237349E+01 -9.990266997E-01 4.839862672E-01 -9.990266997E-01 4.410955499E-02 8.750755917E-01 4.410955499E-02 
2.299183522E+01 -9.991242491E-01 4.712057325E-01 -9.991242491E-01 4.184177680E-02 8.820233305E-01 4.184177680E-02 
2.306129696E+01 -9.992197062E-01 4.583253502E-01 -9.992197062E-01 3.949655989E-02 8.887844909E-01 3.949655989E-02 
2.313075870E+01 -9.993125398E-01 4.453478563E-01 -9.993125398E-01 3.707353765E-02 8.953576296E-01 3.707353765E-02 
2.320022044E+01 -9.994021976E-01 4.322760075E-01 -9.994021976E-01 3.457234062E-02 9.017413439E-01 3.457234062E-02 
2.326968217E+01 -9.994881056E-01 4.191125805E-01 -9.994881056E-01 3.199259646E-02 9.079342723E-01 3.199259646E-02 
2.333914391E+01 -9.995696673E-01 4.058603714E-01 -9.995696673E-01 2.933393044E-02 9.139350944E-01 2.933393044E-02 
2.340860565E+01 -9.996462644E-01 3.925221950E-01 -9.996462644E-01 2.659596506E-02 9.197425316E-01 2.659596506E-02 
2.347806739E+01 -9.997172554E-01 3.791008839E-01 -9.997172554E-01 2.377832089E-02 9.253553467E-01 2.377832089E-02 
2.354752913E+01 -9.997819758E-01 3.655992879E-01 -9.997819758E-01 2.088061601E-02 9.307723452E-01 2.088061601E-02 
2.361699086E+01 -9.998397376E-01 3.520202737E-01 -9.998397376E-01 1.790246701E-02 9.359923743E-01 1.790246701E-02 
2.368645260E+01 -9.998898290E-01 3.383667234E-01 -9.998898290E-01 1.484348853E-02 9.410143242E-01 1.484348853E-02 
2.375591434E+01 -9.999315138E-01 3.246415346E-01 -9.999315138E-01 1.170329398E-02 9.458371276E-01 1.170329398E-02 
2.382537608E+01 -9.999640311E-01 3.108476192E-01 -9.999640311E-01 8.481495730E-03 9.504597601E-01 8.481495730E-03 
2.389483782E+01 -9.999865952E-01 2.969879030E-01 -9.999865952E-01 5.177705198E-03 9.548812406E-01 5.177705198E-03 
2.396429955E+01 -9.999983948E-01 2.830653248E-01 -9.999983948E-01 1.791533653E-03 9.591006308E-01 1.791533653E-03 
2.403376129E+01 -9.999985928E-01 2.690828360E-01 -9.999985928E-01 -1.677408078E-03 9.631170363E-01 -1.677408078E-03 
2.410322303E+01 -9.999863257E-01 2.550433999E-01 -9.999863257E-01 -5.229508391E-03 9.669296057E-01 -5.229508391E-03 
2.417268477E+01 -9.999607034E-01 2.409499907E-01 -9.999607034E-01 -8.865155436E-03 9.705375316E-01 -8.865155436E-03 
2.424214650E+01 -9.999208087E-01 2.268055935E-01 -9.999208087E-01 -1.258473569E-02 9.739400501E-01 -1.258473569E-02 
2.431160824E+01 -9.998656970E-01 2.126132031E-01 -9.998656970E-01 -1.638863435E-02 9.771364410E-01 -1.638863435E-02 
2.438106998E+01 -9.997943954E-01 1.983758236E-01 -9.997943954E-01 -2.027723424E-02 9.801260282E-01 -2.027723424E-02 
2.445053172E+01 -9.997059030E-01 1.840964683E-01 -9.997059030E-01 -2.425091545E-02 9.829081793E-01 -2.425091545E-02 
2.451999346E+01 -9.995991898E-01 1.697781581E-01 -9.995991898E-01 -2.831005500E-02 9.854823062E-01 -2.831005500E-02 
2.458945519E+01 -9.994731966E-01 1.554239220E-01 -9.994731966E-01 -3.245502564E-02 9.878478644E-01 -3.245502564E-02 
2.465891693E+01 -9.993268347E-01 1.410367959E-01 -9.993268347E-01 -3.668619612E-02 9.900043541E-01 -3.668619612E-02 
2.472837867E+01 -9.991589850E-01 1.266198225E-01 -9.991589850E-01 -4.100392938E-02 9.919513192E-01 -4.100392938E-02 
2.479784041E+01 -9.989684981E-01 1.121760502E-01 -9.989684981E-01 -4.540858310E-02 9.936883480E-01 -4.540858310E-02 
2.486730215E+01 -9.987541935E-01 9.770853362E-02 -9.987541935E-01 -4.990050772E-02 9.952150731E-01 -4.990050772E-02 
2.493676388E+01 -9.985148593E-01 8.322033206E-02 -9.985148593E-01 -5.448004671E-02 9.965311715E-01 -5.448004671E-02 
2.500622562E+01 -9.982492519E-01 6.871450978E-02 -9.982492519E-01 -5.914753509E-02 9.976363645E-01 -5.914753509E-02 
2.507568736E+01 -9.979560953E-01 5.419413540E-02 -9.979560953E-01 -6.390329869E-02 9.985304179E-01 -6.390329869E-02 
2.514514910E+01 -9.976340812E-01 3.966228130E-02 -9.976340812E-01 -6.874765364E-02 9.992131421E-01 -6.874765364E-02 
2.521461083E+01 -9.972818680E-01 2.512202370E-02 -9.972818680E-01 -7.368090463E-02 9.996843922E-01 -7.368090463E-02 
2.528407257E+01 -9.968980808E-01 1.057644166E-02 -9.968980808E-01 -7.870334504E-02 9.999440680E-01 -7.870334504E-02 
2.535353431E+01 -9.964813110E-01 -3.971382457E-03 -9.964813110E-01 -8.381525454E-02 9.999921142E-01 -8.381525454E-02 
2.542299605E+01 -9.960301159E-01 -1.851836416E-02 -9.960301159E-01 -8.901689954E-02 9.998285206E-01 -8.901689954E-02 
2.549245779E+01 -9.955430184E-01 -3.306141633E-02 -9.955430184E-01 -9.430853059E-02 9.994533223E-01 -9.430853059E-02 
2.556191952E+01 -9.950185064E-01 -4.759745012E-02 -9.950185064E-01 -9.969038240E-02 9.988665995E-01 -9.969038240E-02 
2.563138126E+01 -9.944550331E-01 -6.212337489E-02 -9.944550331E-01 -1.051626721E-01 9.980684783E-01 -1.051626721E-01 
2.570084300E+01 -9.938510163E-01 -7.663609842E-02 -9.938510163E-01 -1.107255976E-01 9.970591304E-01 -1.107255976E-01 
2.577030474E+01 -9.932048381E-01 -9.113252733E-02 -9.932048381E-01 -1.163793372E-01 9.958387738E-01 -1.163793372E-01 
2.583976647E+01 -9.925148450E-01 -1.056095671E-01 -9.925148450E-01 -1.221240472E-01 9.944076731E-01 -1.221240472E-01 
2.590922821E+01 -9.917793477E-01 -1.200641225E-01 -9.917793477E-01 -1.279598613E-01 9.927661394E-01 -1.279598613E-01 
2.597868995E+01 -9.909966204E-01 -1.344930976E-01 -9.909966204E-01 -1.338868889E-01 9.909145310E-01 -1.338868889E-01 
2.604815169E+01 -9.901649015E-01 -1.488933960E-01 -9.901649015E-01 -1.399052132E-01 9.888532540E-01 -1.399052132E-01 
2.611761343E+01 -9.892823928E-01 -1.632619210E-01 -9.892823928E-01 -1.460148903E-01 9.865827621E-01 -1.460148903E-01 
2.618707516E+01 -9.883472600E-01 -1.775955758E-01 -9.883472600E-01 -1.522159470E-01 9.841035580E-01 -1.522159470E-01 
2.625653690E+01 -9.873576326E-01 -1.918912639E-01 -9.873576326E-01 -1.585083796E-01 9.814161932E-01 -1.585083796E-01 
2.632599864E+01 -9.863116037E-01 -2.061458887E-01 -9.863116037E-01 -1.648921515E-01 9.785212692E-01 -1.648921515E-01 
2.639546038E+01 -9.852072303E-01 -2.203563542E-01 -9.852072303E-01 -1.713671924E-01 9.754194374E-01 -1.713671924E-01 
2.646492212E+01 -9.840425337E-01 -2.345195649E-01 -9.840425337E-01 -1.779333953E-01 9.721114008E-01 -1.779333953E-01 
2.653438385E+01 -9.828154995E-01 -2.486324264E-01 -9.828154995E-01 -1.845906157E-01 9.685979137E-01 -1.845906157E-01 
2.660384559E+01 -9.815240778E-01 -2.626918449E-01 -9.815240778E-01 -1.913386689E-01 9.648797835E-01 -1.913386689E-01 
2.667330733E+01 -9.801661839E-01 -2.766947281E-01 -9.801661839E-01 -1.981773286E-01 9.609578709E-01 -1.981773286E-01 
2.674276907E+01 -9.787396986E-01 -2.906379853E-01 -9.787396986E-01 -2.051063243E-01 9.568330909E-01 -2.051063243E-01 
2.681223080E+01 -9.772424685E-01 -3.045185273E-01 -9.772424685E-01 -2.121253396E-01 9.525064141E-01 -2.121253396E-01 
2.688169254E+01 -9.756723072E-01 -3.183332672E-01 -9.756723072E-01 -2.192340100E-01 9.479788676E-01 -2.192340100E-01 
2.695115428E+01 -9.740269953E-01 -3.320791205E-01 -9.740269953E-01 -2.264319208E-01 9.432515361E-01 -2.264319208E-01 
2.702061602E+01 -9.723042817E-01 -3.457530054E-01 -9.723042817E-01 -2.337186046E-01 9.383255628E-01 -2.337186046E-01 
2.709007776E+01 -9.705018846E-01 -3.593518435E-01 -9.705018846E-01 -2.410935393E-01 9.332021514E-01 -2.410935393E-01 
2.715953949E+01 -9.686174916E-01 -3.728725600E-01 -9.686174916E-01 -2.485561459E-01 9.278825663E-01 -2.485561459E-01 
2.722900123E+01 -9.666487622E-01 -3.863120846E-01 -9.666487622E-01 -2.561057860E-01 9.223681349E-01 -2.561057860E-01 
2.729846297E+01 -9.645933275E-01 -3.996673514E-01 -9.645933275E-01 -2.637417595E-01 9.166602486E-01 -2.637417595E-01 
2.736792471E+01 -9.624487930E-01 -4.129353005E-01 -9.624487930E-01 -2.714633021E-01 9.107603641E-01 -2.714633021E-01 
2.743738645E+01 -9.602127386E-01 -4.261128778E-01 -9.602127386E-01 -2.792695834E-01 9.046700054E-01 -2.792695834E-01 
2.750684818E+01 -9.578827216E-01 -4.391970367E-01 -9.578827216E-01 -2.871597040E-01 8.983907649E-01 -2.871597040E-01 
2.757630992E+01 -9.554562771E-01 -4.521847381E-01 -9.554562771E-01 -2.951326933E-01 8.919243052E-01 -2.951326933E-01 
2.764577166E+01 -9.529309209E-01 -4.650729521E-01 -9.529309209E-01 -3.031875069E-01 8.852723608E-01 -3.031875069E-01 
2.771523340E+01 -9.503041507E-01 -4.778586586E-01 -9.503041507E-01 -3.113230246E-01 8.784367400E-01 -3.113230246E-01 
2.778469513E+01 -9.475734488E-01 -4.905388488E-01 -9.475734488E-01 -3.195380478E-01 8.714193259E-01 -3.195380478E-01 
2.785415687E+01 -9.447362836E-01 -5.031105260E-01 -9.447362836E-01 -3.278312968E-01 8.642220792E-01 -3.278312968E-01 
2.792361861E+01 -9.417901130E-01 -5.155707078E-01 -9.417901130E-01 -3.362014091E-01 8.568470392E-01 -3.362014091E-01 
2.799308035E+01 -9.387323864E-01 -5.279164267E-01 -9.387323864E-01 -3.446469366E-01 8.492963261E-01 -3.446469366E-01 
2.806254209E+01 -9.355605473E-01 -5.401447325E-01 -9.355605473E-01 -3.531663436E-01 8.415721424E-01 -3.531663436E-01 
2.813200382E+01 -9.322720365E-01 -5.522526932E-01 -9.322720365E-01 -3.617580044E-01 8.336767752E-01 -3.617580044E-01 
2.820146556E+01 -9.288642949E-01 -5.642373979E-01 -9.288642949E-01 -3.704202012E-01 8.256125976E-01 -3.704202012E-01 
2.827092730E+01 -9.253347667E-01 -5.760959576E-01 -9.253347667E-01 -3.791511222E-01 8.173820710E-01 -3.791511222E-01 
2.834038904E+01 -9.216809026E-01 -5.878255085E-01 -9.216809026E-01 -3.879488595E-01 8.089877464E-01 -3.879488595E-01 
2.840985077E+01 -9.179001639E-01 -5.994232136E-01 -9.179001639E-01 -3.968114073E-01 8.004322664E-01 -3.968114073E-01 
2.847931251E+01 -9.139900254E-01 -6.108862652E-01 -9.139900254E-01 -4.057366599E-01 7.917183672E-01 -4.057366599E-01 
2.854877425E+01 -9.099479799E-01 -6.222118877E-01 -9.099479799E-01 -4.147224103E-01 7.828488798E-01 -4.147224103E-01 
2.861823599E+01 -9.057715416E-01 -6.333973403E-01 -9.057715416E-01 -4.237663486E-01 7.738267320E-01 -4.237663486E-01 
2.868769773E+01 -9.014582505E-01 -6.444399195E-01 -9.014582505E-01 -4.328660606E-01 7.646549496E-01 -4.328660606E-01 
2.875715946E+01 -8.970056766E-01 -6.553369626E-01 -8.970056766E-01 -4.420190268E-01 7.553366581E-01 -4.420190268E-01 
2.882662120E+01 -8.924114244E-01 -6.660858505E-01 -8.924114244E-01 -4.512226209E-01 7.458750842E-01 -4.512226209E-01 
2.889608294E+01 -8.876731372E-01 -6.766840114E-01 -8.876731372E-01 -4.604741094E-01 7.362735565E-01 -4.604741094E-01 
2.896554468E+01 -8.827885021E-01 -6.871289239E-01 -8.827885021E-01 -4.697706512E-01 7.265355072E-01 -4.697706512E-01 
2.903500642E+01 -8.777552543E-01 -6.974181205E-01 -8.777552543E-01 -4.791092961E-01 7.166644726E-01 -4.791092961E-01 
2.910446815E+01 -8.725711826E-01 -7.075491918E-01 -8.725711826E-01 -4.884869859E-01 7.066640942E-01 -4.884869859E-01 
2.917392989E+01 -8.672341338E-01 -7.175197901E-01 -8.672341338E-01 -4.979005536E-01 6.965381192E-01 -4.979005536E-01 
2.924339163E+01 -8.617420182E-01 -7.273276332E-01 -8.617420182E-01 -5.073467238E-01 6.862904010E-01 -5.073467238E-01 
2.931285337E+01 -8.560928143E-01 -7.369705089E-01 -8.560928143E-01 -5.168221138E-01 6.759248992E-01 -5.168221138E-01 
2.938231510E+01 -8.502845745E-01 -7.464462787E-01 -8.502845745E-01 -5.263232339E-01 6.654456801E-01 -5.263232339E-01 
2.945177684E+01 -8.443154298E-01 -7.557528826E-01 -8.443154298E-01 -5.358464884E-01 6.548569159E-01 -5.358464884E-01 
2.952123858E+01 -8.381835955E-01 -7.648883432E-01 -8.381835955E-01 -5.453881777E-01 6.441628848E-01 -5.453881777E-01 
2.959070032E+01 -8.318873762E-01 -7.738507700E-01 -8.318873762E-01 -5.549444995E-01 6.333679699E-01 -5.549444995E-01 
2.966016206E+01 -8.254251710E-01 -7.826383643E-01 -8.254251710E-01 -5.645115509E-01 6.224766582E-01 -5.645115509E-01 
2.972962379E+01 -8.187954790E-01 -7.912494235E-01 -8.187954790E-01 -5.740853312E-01 6.114935394E-01 -5.740853312E-01 
2.979908553E+01 -8.119969043E-01 -7.996823455E-01 -8.119969043E-01 -5.836617439E-01 6.004233048E-01 -5.836617439E-01 
2.986854727E+01 -8.050281609E-01 -8.079356338E-01 -8.050281609E-01 -5.932366003E-01 5.892707443E-01 -5.932366003E-01 
2.993800901E+01 -7.978880777E-01 -8.160079013E-01 -7.978880777E-01 -6.028056229E-01 5.780407451E-01 -6.028056229E-01 
3.000747075E+01 -7.905756040E-01 -8.238978755E-01 -7.905756040E-01 -6.123644486E-01 5.667382892E-01 -6.123644486E-01 
3.007693248E+01 -7.830898132E-01 -8.316044027E-01 -7.830898132E-01 -6.219086330E-01 5.553684497E-01 -6.219086330E-01 
3.014639422E+01 -7.754299079E-01 -8.391264521E-01 -7.754299079E-01 -6.314336554E-01 5.439363882E-01 -6.314336554E-01 
3.021585596E+01 -7.675952244E-01 -8.464631205E-01 -7.675952244E-01 -6.409349221E-01 5.324473517E-01 -6.409349221E-01 
3.028531770E+01 -7.595852365E-01 -8.536136364E-01 -7.595852365E-01 -6.504077730E-01 5.209066673E-01 -6.504077730E-01 
3.035477943E+01 -7.513995594E-01 -8.605773638E-01 -7.513995594E-01 -6.598474858E-01 5.093197394E-01 -6.598474858E-01 
3.042424117E+01 -7.430379536E-01 -8.673538060E-01 -7.430379536E-01 -6.692492822E-01 4.976920443E-01 -6.692492822E-01 
3.049370291E+01 -7.345003275E-01 -8.739426094E-01 -7.345003275E-01 -6.786083339E-01 4.860291254E-01 -6.786083339E-01 
3.056316465E+01 -7.257867415E-01 -8.803435671E-01 -7.257867415E-01 -6.879197681E-01 4.743365880E-01 -6.879197681E-01 
3.063262639E+01 -7.168974100E-01 -8.865566216E-01 -7.168974100E-01 -6.971786750E-01 4.626200939E-01 -6.971786750E-01 
3.070208812E+01 -7.078327032E-01 -8.925818679E-01 -7.078327032E-01 -7.063801138E-01 4.508853548E-01 -7.063801138E-01 
3.077154986E+01 -6.985931504E-01 -8.984195562E-01 -6.985931504E-01 -7.155191198E-01 4.391381272E-01 -7.155191198E-01 
3.084101160E+01 -6.891794403E-01 -9.040700941E-01 -6.891794403E-01 -7.245907115E-01 4.273842048E-01 -7.245907115E-01 
3.091047334E+01 -6.795924226E-01 -9.095340482E-01 -6.795924226E-01 -7.335898982E-01 4.156294121E-01 -7.335898982E-01 
3.097993507E+01 -6.698331092E-01 -9.148121464E-01 -6.698331092E-01 -7.425116869E-01 4.038795980E-01 -7.425116869E-01 
3.104939681E+01 -6.599026733E-01 -9.199052783E-01 -6.599026733E-01 -7.513510902E-01 3.921406273E-01 -7.513510902E-01 
3.111885855E+01 -6.498024503E-01 -9.248144966E-01 -6.498024503E-01 -7.601031339E-01 3.804183744E-01 -7.601031339E-01 
3.118832029E+01 -6.395339369E-01 -9.295410172E-01 -6.395339369E-01 -7.687628647E-01 3.687187148E-01 -7.687628647E-01 
3.125778203E+01 -6.290987892E-01 -9.340862187E-01 -6.290987892E-01 -7.773253579E-01 3.570475176E-01 -7.773253579E-01 
3.132724376E+01 -6.184988221E-01 -9.384516427E-01 -6.184988221E-01 -7.857857249E-01 3.454106376E-01 -7.857857249E-01 
3.139670550E+01 -6.077360071E-01 -9.426389922E-01 -6.077360071E-01 -7.941391212E-01 3.338139073E-01 -7.941391212E-01 
3.146616724E+01 -5.968124698E-01 -9.466501308E-01 -5.968124698E-01 -8.023807536E-01 3.222631288E-01 -8.023807536E-01 
3.153562898E+01 -5.857304867E-01 -9.504870806E-01 -5.857304867E-01 -8.105058881E-01 3.107640652E-01 -8.105058881E-01 
3.160509072E+01 -5.744924822E-01 -9.541520194E-01 -5.744924822E-01 -8.185098568E-01 2.993224329E-01 -8.185098568E-01 
3.167455245E+01 -5.631010242E-01 -9.576472782E-01 -5.631010242E-01 -8.263880651E-01 2.879438933E-01 -8.263880651E-01 
3.174401419E+01 -5.515588205E-01 -9.609753381E-01 -5.515588205E-01 -8.341359990E-01 2.766340448E-01 -8.341359990E-01 
3.181347593E+01 -5.398687142E-01 -9.641388265E-01 -5.398687142E-01 -8.417492315E-01 2.653984147E-01 -8.417492315E-01 
3.188293767E+01 -5.280336780E-01 -9.671405128E-01 -5.280336780E-01 -8.492234288E-01 2.542424512E-01 -8.492234288E-01 
3.195239940E+01 -5.160568095E-01 -9.699833037E-01 -5.160568095E-01 -8.565543570E-01 2.431715163E-01 -8.565543570E-01 
3.202186114E+01 -5.039413253E-01 -9.726702382E-01 -5.039413253E-01 -8.637378871E-01 2.321908775E-01 -8.637378871E-01 
3.209132288E+01 -4.916905550E-01 -9.752044824E-01 -4.916905550E-01 -8.707700012E-01 2.213057011E-01 -8.707700012E-01 
3.216078462E+01 -4.793079347E-01 -9.775893237E-01 -4.793079347E-01 -8.776467971E-01 2.105210450E-01 -8.776467971E-01 
3.223024636E+01 -4.667970009E-01 -9.798281638E-01 -4.667970009E-01 -8.843644930E-01 1.998418517E-01 -8.843644930E-01 
3.229970809E+01 -4.541613834E-01 -9.819245133E-01 -4.541613834E-01 -8.909194320E-01 1.892729423E-01 -8.909194320E-01 
3.236916983E+01 -4.414047985E-01 -9.838819839E-01 -4.414047985E-01 -8.973080854E-01 1.788190101E-01 -8.973080854E-01 
3.243863157E+01 -4.285310420E-01 -9.857042819E-01 -4.285310420E-01 -9.035270568E-01 1.684846149E-01 -9.035270568E-01 
3.250809331E+01 -4.155439819E-01 -9.873952004E-01 -4.155439819E-01 -9.095730841E-01 1.582741775E-01 -9.095730841E-01 
3.257755504E+01 -4.024475512E-01 -9.889586118E-01 -4.024475512E-01 -9.154430429E-01 1.481919750E-01 -9.154430429E-01 
3.264701678E+01 -3.892457405E-01 -9.903984599E-01 -3.892457405E-01 -9.211339478E-01 1.382421360E-01 -9.211339478E-01 
3.271647852E+01 -3.759425907E-01 -9.917187520E-01 -3.759425907E-01 -9.266429543E-01 1.284286362E-01 -9.266429543E-01 
3.278594026E+01 -3.625421859E-01 -9.929235509E-01 -3.625421859E-01 -9.319673598E-01 1.187552952E-01 -9.319673598E-01 
3.285540200E+01 -3.490486460E-01 -9.940169661E-01 -3.490486460E-01 -9.371046041E-01 1.092257726E-01 -9.371046041E-01 
3.292486373E+01 -3.354661197E-01 -9.950031461E-01 -3.354661197E-01 -9.420522697E-01 9.984356591E-02 -9.420522697E-01 
3.299432547E+01 -3.217987771E-01 -9.958862700E-01 -3.217987771E-01 -9.468080816E-01 9.061200713E-02 -9.468080816E-01 
3.306378721E+01 -3.080508036E-01 -9.966705389E-01 -3.080508036E-01 -9.513699065E-01 8.153426152E-02 -9.513699065E-01 
3.313324895E+01 -2.942263924E-01 -9.973601677E-01 -2.942263924E-01 -9.557357515E-01 7.261332580E-02 -9.557357515E-01 
3.320271069E+01 -2.803297387E-01 -9.979593769E-01 -2.803297387E-01 -9.599037631E-01 6.385202706E-02 -9.599037631E-01 
3.327217242E+01 -2.663650333E-01 -9.984723848E-01 -2.663650333E-01 -9.638722249E-01 5.525302208E-02 -9.638722249E-01 
3.334163416E+01 -2.523364565E-01 -9.989033988E-01 -2.523364565E-01 -9.676395556E-01 4.681879693E-02 -9.676395556E-01 
3.341109590E+01 -2.382481726E-01 -9.992566082E-01 -2.382481726E-01 -9.712043067E-01 3.855166732E-02 -9.712043067E-01 
3.348055764E+01 -2.241043246E-01 -9.995361762E-01 -2.241043246E-01 -9.745651589E-01 3.045377898E-02 -9.745651589E-01 
3.355001937E+01 -2.099090291E-01 -9.997462327E-01 -2.099090291E-01 -9.777209197E-01 2.252710864E-02 -9.777209197E-01 
3.361948111E+01 -1.956663714E-01 -9.998908668E-01 -1.956663714E-01 -9.806705199E-01 1.477346508E-02 -9.806705199E-01 
3.368894285E+01 -1.813804014E-01 -9.999741198E-01 -1.813804014E-01 -9.834130096E-01 7.194490918E-03 -9.834130096E-01 
3.375840459E+01 -1.670551297E-01 -9.999999788E-01 -1.670551297E-01 -9.859475551E-01 -2.083355526E-04 -9.859475551E-01 
3.382786633E+01 -1.526945237E-01 -9.999723703E-01 -1.526945237E-01 -9.882734340E-01 -7.433698183E-03 -9.882734340E-01 
3.389732806E+01 -1.383025042E-01 -9.998951537E-01 -1.383025042E-01 -9.903900319E-01 -1.448044053E-02 -9.903900319E-01 
3.396678980E+01 -1.238829429E-01 -9.997721156E-01 -1.238829429E-01 -9.922968379E-01 -2.134756316E-02 -9.922968379E-01 
3.403625154E+01 -1.094396595E-01 -9.996069649E-01 -1.094396595E-01 -9.939934402E-01 -2.803422058E-02 -9.939934402E-01 
3.410571328E+01 -9.497641971E-02 -9.994033269E-01 -9.497641971E-02 -9.954795217E-01 -3.453971823E-02 -9.954795217E-01 
3.417517502E+01 -8.049693331E-02 -9.991647391E-01 -8.049693331E-02 -9.967548557E-01 -4.086350904E-02 -9.967548557E-01 
3.424463675E+01 -6.600485256E-02 -9.988946463E-01 -6.600485256E-02 -9.978193013E-01 -4.700519007E-02 -9.978193013E-01 
3.431409849E+01 -5.150377135E-02 -9.985963971E-01 -5.150377135E-02 -9.986727994E-01 -5.296449872E-02 -9.986727994E-01 
3.438356023E+01 -3.699722420E-02 -9.982732397E-01 -3.699722420E-02 -9.993153678E-01 -5.874130904E-02 -9.993153678E-01 
3.445302197E+01 -2.248868578E-02 -9.979283189E-01 -2.248868578E-02 -9.997470971E-01 -6.433562792E-02 -9.997470971E-01 
3.452248370E+01 -7.981570660E-03 -9.975646728E-01 -7.981570660E-03 -9.999681464E-01 -6.974759118E-02 -9.999681464E-01 
3.459194544E+01 6.520766420E-03 -9.971852303E-01 6.520766420E-03 -9.999787392E-01 -7.497745952E-02 -9.999787392E-01 
3.466140718E+01 2.101503023E-02 -9.967928090E-01 2.101503023E-02 -9.997791596E-01 -8.002561454E-02 -9.997791596E-01 
3.473086892E+01 3.549798443E-02 -9.963901130E-01 3.549798443E-02 -9.993697478E-01 -8.489255476E-02 -9.993697478E-01 
3.480033066E+01 4.996645078E-02 -9.959797314E-01 4.996645078E-02 -9.987508967E-01 -8.957889154E-02 -9.987508967E-01 
3.486979239E+01 6.441730779E-02 -9.955641371E-01 6.441730779E-02 -9.979230483E-01 -9.408534505E-02 -9.979230483E-01 
3.493925413E+01 7.884748950E-02 -9.951456857E-01 7.884748950E-02 -9.968866904E-01 -9.841274030E-02 -9.968866904E-01 
3.500871587E+01 9.325398401E-02 -9.947266151E-01 9.325398401E-02 -9.956423528E-01 -1.025620032E-01 -9.956423528E-01 
3.507817761E+01 1.076338318E-01 -9.943090449E-01 1.076338318E-01 -9.941906048E-01 -1.065341567E-01 -9.941906048E-01 
3.514763934E+01 1.219841237E-01 -9.938949765E-01 1.219841237E-01 -9.925320519E-01 -1.103303167E-01 -9.925320519E-01 
3.521710108E+01 1.363019993E-01 -9.934862937E-01 1.363019993E-01 -9.906673334E-01 -1.139516888E-01 -9.906673334E-01 
3.528656282E+01 1.505846443E-01 -9.930847625E-01 1.505846443E-01 -9.885971200E-01 -1.173995642E-01 -9.885971200E-01 
3.535602456E+01 1.648292889E-01 -9.926920325E-01 1.648292889E-01 -9.863221109E-01 -1.206753160E-01 -9.863221109E-01 
3.542548630E+01 1.790332052E-01 -9.923096375E-01 1.790332052E-01 -9.838430325E-01 -1.237803964E-01 -9.838430325E-01 
3.549494803E+01 1.931937049E-01 -9.919389973E-01 1.931937049E-01 -9.811606360E-01 -1.267163324E-01 -9.811606360E-01 
3.556440977E+01 2.073081370E-01 -9.915814186E-01 2.073081370E-01 -9.782756961E-01 -1.294847232E-01 -9.782756961E-01 
3.563387151E+01 2.213738855E-01 -9.912380971E-01 2.213738855E-01 -9.751890095E-01 -1.320872366E-01 -9.751890095E-01 
3.570333325E+01 2.353883667E-01 -9.909101192E-01 2.353883667E-01 -9.719013933E-01 -1.345256064E-01 -9.719013933E-01 
3.577279499E+01 2.493490270E-01 -9.905984643E-01 2.493490270E-01 -9.684136846E-01 -1.368016286E-01 -9.684136846E-01 
3.584225672E+01 2.632533406E-01 -9.903040067E-01 2.632533406E-01 -9.647267388E-01 -1.389171596E-01 -9.647267388E-01 
3.591171846E+01 2.770988068E-01 -9.900275185E-01 2.770988068E-01 -9.608414298E-01 -1.408741125E-01 -9.608414298E-01 
3.598118020E+01 2.908829484E-01 -9.897696715E-01 2.908829484E-01 -9.567586490E-01 -1.426744552E-01 -9.567586490E-01 
3.605064194E+01 3.046033084E-01 -9.895310408E-01 3.046033084E-01 -9.524793052E-01 -1.443202072E-01 -9.524793052E-01 
3.612010367E+01 3.182574490E-01 -9.893121066E-01 3.182574490E-01 -9.480043241E-01 -1.458134376E-01 -9.480043241E-01 
3.618956541E+01 3.318429485E-01 -9.891132579E-01 3.318429485E-01 -9.433346489E-01 -1.471562628E-01 -9.433346489E-01 
3.625902715E+01 3.453574001E-01 -9.889347955E-01 3.453574001E-01 -9.384712402E-01 -1.483508440E-01 -9.384712402E-01 
3.632848889E+01 3.587984093E-01 -9.887769346E-01 3.587984093E-01 -9.334150759E-01 -1.493993849E-01 -9.334150759E-01 
3.639795063E+01 3.721635927E-01 -9.886398084E-01 3.721635927E-01 -9.281671523E-01 -1.503041302E-01 -9.281671523E-01 
3.646741236E+01 3.854505760E-01 -9.885234717E-01 3.854505760E-01 -9.227284844E-01 -1.510673633E-01 -9.227284844E-01 
3.653687410E+01 3.986569924E-01 -9.884279033E-01 3.986569924E-01 -9.171001062E-01 -1.516914040E-01 -9.171001062E-01 
3.660633584E+01 4.117804815E-01 -9.883530105E-01 4.117804815E-01 -9.112830721E-01 -1.521786074E-01 -9.112830721E-01 
3.667579758E+01 4.248186877E-01 -9.882986318E-01 4.248186877E-01 -9.052784572E-01 -1.525313617E-01 -9.052784572E-01 
3.674525932E+01 4.377692591E-01 -9.882645405E-01 4.377692591E-01 -8.990873586E-01 -1.527520863E-01 -8.990873586E-01 
3.681472105E+01 4.506298466E-01 -9.882504483E-01 4.506298466E-01 -8.927108961E-01 -1.528432305E-01 -8.927108961E-01 
3.688418279E+01 4.633981030E-01 -9.882560090E-01 4.633981030E-01 -8.861502135E-01 -1.528072718E-01 -8.861502135E-01 
3.695364453E+01 4.760716819E-01 -9.882808215E-01 4.760716819E-01 -8.794064797E-01 -1.526467143E-01 -8.794064797E-01 
3.702310627E+01 4.886482379E-01 -9.883244337E-01 4.886482379E-01 -8.724808894E-01 -1.523640869E-01 -8.724808894E-01 
3.709256800E+01 5.011254252E-01 -9.883863461E-01 5.011254252E-01 -8.653746651E-01 -1.519619424E-01 -8.653746651E-01 
3.716202974E+01 5.135008980E-01 -9.884660149E-01 5.135008980E-01 -8.580890573E-01 -1.514428554E-01 -8.580890573E-01 
3.723149148E+01 5.257723102E-01 -9.885628555E-01 5.257723102E-01 -8.506253467E-01 -1.508094213E-01 -8.506253467E-01 
3.730095322E+01 5.379373149E-01 -9.886762464E-01 5.379373149E-01 -8.429848443E-01 -1.500642545E-01 -8.429848443E-01 
3.737041496E+01 5.499935651E-01 -9.888055320E-01 5.499935651E-01 -8.351688935E-01 -1.492099873E-01 -8.351688935E-01 
3.743987669E+01 5.619387137E-01 -9.889500264E-01 5.619387137E-01 -8.271788708E-01 -1.482492684E-01 -8.271788708E-01 
3.750933843E+01 5.737704135E-01 -9.891090163E-01 5.737704135E-01 -8.190161871E-01 -1.471847614E-01 -8.190161871E-01 
3.757880017E+01 5.854863184E-01 -9.892817645E-01 5.854863184E-01 -8.106822886E-01 -1.460191434E-01 -8.106822886E-01 
3.764826191E+01 5.970840833E-01 -9.894675132E-01 5.970840833E-01 -8.021786580E-01 -1.447551040E-01 -8.021786580E-01 
3.771772364E+01 6.085613655E-01 -9.896654865E-01 6.085613655E-01 -7.935068154E-01 -1.433953432E-01 -7.935068154E-01 
3.778718538E+01 6.199158248E-01 -9.898748941E-01 6.199158248E-01 -7.846683196E-01 -1.419425708E-01 -7.846683196E-01 
3.785664712E+01 6.311451247E-01 -9.900949341E-01 6.311451247E-01 -7.756647684E-01 -1.403995042E-01 -7.756647684E-01 
3.792610886E+01 6.422469339E-01 -9.903247954E-01 6.422469339E-01 -7.664977999E-01 -1.387688678E-01 -7.664977999E-01 
3.799557060E+01 6.532189265E-01 -9.905636612E-01 6.532189265E-01 -7.571690929E-01 -1.370533909E-01 -7.571690929E-01 
3.806503233E+01 6.640587838E-01 -9.908107112E-01 6.640587838E-01 -7.476803680E-01 -1.352558068E-01 -7.476803680E-01 
3.813449407E+01 6.747641954E-01 -9.910651243E-01 6.747641954E-01 -7.380333877E-01 -1.333788509E-01 -7.380333877E-01 
3.820395581E+01 6.853328607E-01 -9.913260813E-01 6.853328607E-01 -7.282299574E-01 -1.314252598E-01 -7.282299574E-01 
3.827341755E+01 6.957624896E-01 -9.915927670E-01 6.957624896E-01 -7.182719253E-01 -1.293977695E-01 -7.182719253E-01 
3.834287929E+01 7.060508050E-01 -9.918643727E-01 7.060508050E-01 -7.081611831E-01 -1.272991138E-01 -7.081611831E-01 
3.841234102E+01 7.161955431E-01 -9.921400984E-01 7.161955431E-01 -6.978996664E-01 -1.251320234E-01 -6.978996664E-01 
3.848180276E+01 7.261944559E-01 -9.924191547E-01 7.261944559E-01 -6.874893544E-01 -1.228992240E-01 -6.874893544E-01 
3.855126450E+01 7.360453121E-01 -9.927007652E-01 7.360453121E-01 -6.769322702E-01 -1.206034349E-01 -6.769322702E-01 
3.862072624E+01 7.457458991E-01 -9.929841679E-01 7.457458991E-01 -6.662304811E-01 -1.182473678E-01 -6.662304811E-01 
3.869018797E+01 7.552940240E-01 -9.932686171E-01 7.552940240E-01 -6.553860977E-01 -1.158337249E-01 -6.553860977E-01 
3.875964971E+01 7.646875159E-01 -9.935533853E-01 7.646875159E-01 -6.444012745E-01 -1.133651979E-01 -6.444012745E-01 
3.882911145E+01 7.739242269E-01 -9.938377643E-01 7.739242269E-01 -6.332782094E-01 -1.108444663E-01 -6.332782094E-01 
3.889857319E+01 7.830020339E-01 -9.941210670E-01 7.830020339E-01 -6.220191430E-01 -1.082741960E-01 -6.220191430E-01 
3.896803493E+01 7.919188403E-01 -9.944026285E-01 7.919188403E-01 -6.106263585E-01 -1.056570380E-01 -6.106263585E-01 
3.903749666E+01 8.006725772E-01 -9.946818075E-01 8.006725772E-01 -5.991021811E-01 -1.029956268E-01 -5.991021811E-01 
3.910695840E+01 8.092612052E-01 -9.949579870E-01 8.092612052E-01 -5.874489773E-01 -1.002925789E-01 -5.874489773E-01 
3.917642014E+01 8.176827159E-01 -9.952305757E-01 8.176827159E-01 -5.756691543E-01 -9.755049200E-02 -5.756691543E-01 
3.924588188E+01 8.259351331E-01 -9.954990085E-01 8.259351331E-01 -5.637651592E-01 -9.477194298E-02 -5.637651592E-01 
3.931534362E+01 8.340165147E-01 -9.957627478E-01 8.340165147E-01 -5.517394784E-01 -9.195948691E-02 -5.517394784E-01 
3.938480535E+01 8.419249536E-01 -9.960212834E-01 8.419249536E-01 -5.395946361E-01 -8.911565575E-02 -5.395946361E-01 
3.945426709E+01 8.496585791E-01 -9.962741337E-01 8.496585791E-01 -5.273331941E-01 -8.624295700E-02 -5.273331941E-01 
3.952372883E+01 8.572155586E-01 -9.965208458E-01 8.572155586E-01 -5.149577505E-01 -8.334387249E-02 -5.149577505E-01 
3.959319057E+01 8.645940982E-01 -9.967609958E-01 8.645940982E-01 -5.024709384E-01 -8.042085726E-02 -5.024709384E-01 
3.966265230E+01 8.717924445E-01 -9.969941896E-01 8.717924445E-01 -4.898754253E-01 -7.747633824E-02 -4.898754253E-01 
3.973211404E+01 8.788088852E-01 -9.972200624E-01 8.788088852E-01 -4.771739114E-01 -7.451271334E-02 -4.771739114E-01 
3.980157578E+01 8.856417506E-01 -9.974382788E-01 8.856417506E-01 -4.643691291E-01 -7.153235027E-02 -4.643691291E-01 
3.987103752E+01 8.922894142E-01 -9.976485336E-01 8.922894142E-01 -4.514638410E-01 -6.853758547E-02 -4.514638410E-01 
3.994049926E+01 8.987502938E-01 -9.978505507E-01 8.987502938E-01 -4.384608395E-01 -6.553072332E-02 -4.384608395E-01 
4.000996099E+01 9.050228525E-01 -9.980440836E-01 9.050228525E-01 -4.253629448E-01 -6.251403501E-02 -4.253629448E-01 
4.007942273E+01 9.111055993E-01 -9.982289147E-01 9.111055993E-01 -4.121730042E-01 -5.948975782E-02 -4.121730042E-01 
4.014888447E+01 9.169970897E-01 -9.984048554E-01 9.169970897E-01 -3.988938905E-01 -5.646009431E-02 -3.988938905E-01 
4.021834621E+01 9.226959269E-01 -9.985717454E-01 9.226959269E-01 -3.855285007E-01 -5.342721140E-02 -3.855285007E-01 
4.028780794E+01 9.282007619E-01 -9.987294524E-01 9.282007619E-01 -3.720797549E-01 -5.039323991E-02 -3.720797549E-01 
4.035726968E+01 9.335102942E-01 -9.988778715E-01 9.335102942E-01 -3.585505948E-01 -4.736027372E-02 -3.585505948E-01 
4.042673142E+01 9.386232723E-01 -9.990169248E-01 9.386232723E-01 -3.449439825E-01 -4.433036928E-02 -3.449439825E-01 
4.049619316E+01 9.435384941E-01 -9.991465607E-01 9.435384941E-01 -3.312628992E-01 -4.130554513E-02 -3.312628992E-01 
4.056565490E+01 9.482548074E-01 -9.992667530E-01 9.482548074E-01 -3.175103438E-01 -3.828778121E-02 -3.175103438E-01 
4.063511663E+01 9.527711099E-01 -9.993775005E-01 9.527711099E-01 -3.036893318E-01 -3.527901884E-02 -3.036893318E-01 
4.070457837E+01 9.570863498E-01 -9.994788265E-01 9.570863498E-01 -2.898028940E-01 -3.228115993E-02 -2.898028940E-01 
4.077404011E+01 9.611995253E-01 -9.995707771E-01 9.611995253E-01 -2.758540750E-01 -2.929606712E-02 -2.758540750E-01 
4.084350185E+01 9.651096859E-01 -9.996534213E-01 9.651096859E-01 -2.618459325E-01 -2.632556320E-02 -2.618459325E-01 
4.091296359E+01 9.688159314E-01 -9.997268499E-01 9.688159314E-01 -2.477815356E-01 -2.337143118E-02 -2.477815356E-01 
4.098242532E+01 9.723174123E-01 -9.997911742E-01 9.723174123E-01 -2.336639639E-01 -2.043541413E-02 -2.336639639E-01 
4.105188706E+01 9.756133301E-01 -9.998465260E-01 9.756133301E-01 -2.194963063E-01 -1.751921491E-02 -2.194963063E-01 
4.112134880E+01 9.787029368E-01 -9.998930555E-01 9.787029368E-01 -2.052816600E-01 -1.462449660E-02 -2.052816600E-01 
4.119081054E+01 9.815855351E-01 -9.999309318E-01 9.815855351E-01 -1.910231291E-01 -1.175288205E-02 -1.910231291E-01 
4.126027227E+01 9.842604780E-01 -9.999603405E-01 9.842604780E-01 -1.767238238E-01 -8.905954462E-03 -1.767238238E-01 
4.132973401E+01 9.867271692E-01 -9.999814840E-01 9.867271692E-01 -1.623868595E-01 -6.085257149E-03 -1.623868595E-01 
4.139919575E+01 9.889850621E-01 -9.999945798E-01 9.889850621E-01 -1.480153556E-01 -3.292294043E-03 -1.480153556E-01 
4.146865749E+01 9.910336604E-01 -9.999998598E-01 9.910336604E-01 -1.336124345E-01 -5.285297896E-04 -1.336124345E-01 
4.153811923E+01 9.928725172E-01 -9.999975694E-01 9.928725172E-01 -1.191812209E-01 2.204609949E-03 -1.191812209E-01 
4.160758096E+01 9.945012350E-01 -9.999879664E-01 9.945012350E-01 -1.047248407E-01 4.905737945E-03 -1.047248407E-01 
4.167704270E+01 9.959194658E-01 -9.999713203E-01 9.959194658E-01 -9.024642051E-02 7.573505398E-03 -9.024642051E-02 
4.174650444E+01 9.971269101E-01 -9.999479110E-01 9.971269101E-01 -7.574908639E-02 1.020660103E-02 -7.574908639E-02 
4.181596618E+01 9.981233169E-01 -9.999180284E-01 9.981233169E-01 -6.123596329E-02 1.280375107E-02 -6.123596329E-02 
4.188542791E+01 9.989084836E-01 -9.998819709E-01 9.989084836E-01 -4.671017444E-02 1.536371836E-02 -4.671017444E-02 
4.195488965E+01 9.994822554E-01 -9.998400451E-01 9.994822554E-01 -3.217484033E-02 1.788530213E-02 -3.217484033E-02 
4.202435139E+01 9.998445248E-01 -9.997925642E-01 9.998445248E-01 -1.763307831E-02 2.036733717E-02 -1.763307831E-02 
4.209381313E+01 9.999952317E-01 -9.997398479E-01 9.999952317E-01 -3.088001791E-03 2.280869339E-02 -3.088001791E-03 
4.216327487E+01 9.999343629E-01 -9.996822210E-01 9.999343629E-01 1.145728038E-02 2.520827513E-02 1.145728038E-02 
4.223273660E+01 9.996619513E-01 -9.996200127E-01 9.996619513E-01 2.599966444E-02 2.756502050E-02 2.599966444E-02 
4.230219834E+01 9.991780762E-01 -9.995535560E-01 9.991780762E-01 4.053605238E-02 2.987790074E-02 4.053605238E-02 
4.237166008E+01 9.984828625E-01 -9.994831866E-01 9.984828625E-01 5.506335233E-02 3.214591941E-02 5.506335233E-02 
4.244112182E+01 9.975764807E-01 -9.994092422E-01 9.975764807E-01 6.957847931E-02 3.436811182E-02 6.957847931E-02 
4.251058356E+01 9.964591461E-01 -9.993320620E-01 9.964591461E-01 8.407835544E-02 3.654354412E-02 8.407835544E-02 
4.258004529E+01 9.951311188E-01 -9.992519854E-01 9.951311188E-01 9.855991071E-02 3.867131270E-02 9.855991071E-02 
4.264950703E+01 9.935927036E-01 -9.991693520E-01 9.935927036E-01 1.130200831E-01 4.075054325E-02 1.130200831E-01 
4.271896877E+01 9.918442488E-01 -9.990845005E-01 9.918442488E-01 1.274558195E-01 4.278039018E-02 1.274558195E-01 
4.278843051E+01 9.898861470E-01 -9.989977679E-01 9.898861470E-01 1.418640756E-01 4.476003560E-02 1.418640756E-01 
4.285789224E+01 9.877188338E-01 -9.989094891E-01 9.877188338E-01 1.562418167E-01 4.668868877E-02 1.562418167E-01 
4.292735398E+01 9.853427883E-01 -9.988199963E-01 9.853427883E-01 1.705860178E-01 4.856558501E-02 1.705860178E-01 
4.299681572E+01 9.827585324E-01 -9.987296183E-01 9.827585324E-01 1.848936643E-01 5.038998517E-02 1.848936643E-01 
4.306627746E+01 9.799666303E-01 -9.986386800E-01 9.799666303E-01 1.991617522E-01 5.216117456E-02 1.991617522E-01 
4.313573920E+01 9.769676890E-01 -9.985475014E-01 9.769676890E-01 2.133872884E-01 5.387846234E-02 2.133872884E-01 
4.320520093E+01 9.737623572E-01 -9.984563980E-01 9.737623572E-01 2.275672912E-01 5.554118055E-02 2.275672912E-01 
4.327466267E+01 9.703513255E-01 -9.983656793E-01 9.703513255E-01 2.416987908E-01 5.714868337E-02 2.416987908E-01 
4.334412441E+01 9.667353262E-01 -9.982756488E-01 9.667353262E-01 2.557788291E-01 5.870034629E-02 2.557788291E-01 
4.341358615E+01 9.629151330E-01 -9.981866036E-01 9.629151330E-01 2.698044608E-01 6.019556528E-02 2.698044608E-01 
4.348304789E+01 9.588915606E-01 -9.980988338E-01 9.588915606E-01 2.837727533E-01 6.163375600E-02 2.837727533E-01 
4.355250962E+01 9.546654648E-01 -9.980126218E-01 9.546654648E-01 2.976807868E-01 6.301435298E-02 2.976807868E-01 
4.362197136E+01 9.502377421E-01 -9.979282424E-01 9.502377421E-01 3.115256556E-01 6.433680885E-02 3.115256556E-01 
4.369143310E+01 9.456093296E-01 -9.978459621E-01 9.456093296E-01 3.253044673E-01 6.560059354E-02 3.253044673E-01 
4.376089484E+01 9.407812047E-01 -9.977660387E-01 9.407812047E-01 3.390143441E-01 6.680519347E-02 3.390143441E-01 
4.383035657E+01 9.357543852E-01 -9.976887212E-01 9.357543852E-01 3.526524225E-01 6.795011088E-02 3.526524225E-01 
4.389981831E+01 9.305299289E-01 -9.976142489E-01 9.305299289E-01 3.662158544E-01 6.903486291E-02 3.662158544E-01 
4.396928005E+01 9.251089335E-01 -9.975428518E-01 9.251089335E-01 3.797018065E-01 7.005898107E-02 3.797018065E-01 
4.403874179E+01 9.194925362E-01 -9.974747495E-01 9.194925362E-01 3.931074618E-01 7.102201026E-02 3.931074618E-01 
4.410820353E+01 9.136819142E-01 -9.974101518E-01 9.136819142E-01 4.064300190E-01 7.192350829E-02 4.064300190E-01 
4.417766526E+01 9.076782838E-01 -9.973492574E-01 9.076782838E-01 4.196666937E-01 7.276304491E-02 4.196666937E-01 
4.424712700E+01 9.014829007E-01 -9.972922544E-01 9.014829007E-01 4.328147183E-01 7.354020145E-02 4.328147183E-01 
4.431658874E+01 8.950970599E-01 -9.972393197E-01 8.950970599E-01 4.458713425E-01 7.425456971E-02 4.458713425E-01 
4.438605048E+01 8.885220950E-01 -9.971906188E-01 8.885220950E-01 4.588338342E-01 7.490575174E-02 4.588338342E-01 
4.445551221E+01 8.817593787E-01 -9.971463055E-01 8.817593787E-01 4.716994792E-01 7.549335883E-02 4.716994792E-01 
4.452497395E+01 8.748103224E-01 -9.971065218E-01 8.748103224E-01 4.844655823E-01 7.601701110E-02 4.844655823E-01 
4.459443569E+01 8.676763759E-01 -9.970713975E-01 8.676763759E-01 4.971294674E-01 7.647633678E-02 4.971294674E-01 
4.466389743E+01 8.603590273E-01 -9.970410500E-01 8.603590273E-01 5.096884781E-01 7.687097157E-02 5.096884781E-01 
4.473335917E+01 8.528598030E-01 -9.970155844E-01 8.528598030E-01 5.221399783E-01 7.720055822E-02 5.221399783E-01 
4.480282090E+01 8.451802674E-01 -9.969950926E-01 8.451802674E-01 5.344813525E-01 7.746474568E-02 5.344813525E-01 
4.487228264E+01 8.373220225E-01 -9.969796541E-01 8.373220225E-01 5.467100063E-01 7.766318890E-02 5.467100063E-01 
4.494174438E+01 8.292867083E-01 -9.969693346E-01 8.292867083E-01 5.588233672E-01 7.779554785E-02 5.588233672E-01 
4.501120612E+01 8.210760019E-01 -9.969641870E-01 8.210760019E-01 5.708188849E-01 7.786148752E-02 5.708188849E-01 
4.508066786E+01 8.126916177E-01 -9.969642503E-01 8.126916177E-01 5.826940318E-01 7.786067685E-02 5.826940318E-01 
4.515012959E+01 8.041353072E-01 -9.969695498E-01 8.041353072E-01 5.944463036E-01 7.779278874E-02 5.944463036E-01 
4.521959133E+01 7.954088584E-01 -9.969800971E-01 7.954088584E-01 6.060732200E-01 7.765749923E-02 6.060732200E-01 
4.528905307E+01 7.865140961E-01 -9.969958894E-01 7.865140961E-01 6.175723251E-01 7.745448721E-02 6.175723251E-01 
4.535851481E+01 7.774528810E-01 -9.970169099E-01 7.774528810E-01 6.289411878E-01 7.718343398E-02 6.289411878E-01 
4.542797654E+01 7.682271100E-01 -9.970431270E-01 7.682271100E-01 6.401774030E-01 7.684402269E-02 6.401774030E-01 
4.549743828E+01 7.588387156E-01 -9.970744948E-01 7.588387156E-01 6.512785913E-01 7.643593819E-02 6.512785913E-01 
4.556690002E+01 7.492896656E-01 -9.971109524E-01 7.492896656E-01 6.622424002E-01 7.595886626E-02 6.622424002E-01 
4.563636176E+01 7.395819629E-01 -9.971524239E-01 7.395819629E-01 6.730665047E-01 7.541249375E-02 6.730665047E-01 
4.570582350E+01 7.297176450E-01 -9.971988182E-01 7.297176450E-01 6.837486074E-01 7.479650763E-02 6.837486074E-01 
4.577528523E+01 7.196987838E-01 -9.972500289E-01 7.196987838E-01 6.942864394E-01 7.411059525E-02 6.942864394E-01 
4.584474697E+01 7.095274852E-01 -9.973059341E-01 7.095274852E-01 7.046777612E-01 7.335444349E-02 7.046777612E-01 
4.591420871E+01 6.992058886E-01 -9.973663958E-01 6.992058886E-01 7.149203624E-01 7.252773883E-02 7.149203624E-01 
4.598367045E+01 6.887361665E-01 -9.974312606E-01 6.887361665E-01 7.250120634E-01 7.163016690E-02 7.250120634E-01 
4.605313219E+01 6.781205243E-01 -9.975003585E-01 6.781205243E-01 7.349507151E-01 7.066141217E-02 7.349507151E-01 
4.612259392E+01 6.673611996E-01 -9.975735033E-01 6.673611996E-01 7.447341997E-01 6.962115791E-02 7.447341997E-01 
4.619205566E+01 6.564604619E-01 -9.976504926E-01 6.564604619E-01 7.543604317E-01 6.850908559E-02 7.543604317E-01 
4.626151740E+01 6.454206119E-01 -9.977311067E-01 6.454206119E-01 7.638273578E-01 6.732487513E-02 7.638273578E-01 
4.633097914E+01 6.342439814E-01 -9.978151093E-01 6.342439814E-01 7.731329580E-01 6.606820413E-02 7.731329580E-01 
4.640044087E+01 6.229329324E-01 -9.979022469E-01 6.229329324E-01 7.822752459E-01 6.473874836E-02 7.822752459E-01 
4.646990261E+01 6.114898568E-01 -9.979922485E-01 6.114898568E-01 7.912522693E-01 6.333618086E-02 7.912522693E-01 
4.653936435E+01 5.999171757E-01 -9.980848255E-01 5.999171757E-01 8.000621106E-01 6.186017240E-02 8.000621106E-01 
4.660882609E+01 5.882173390E-01 -9.981796715E-01 5.882173390E-01 8.087028876E-01 6.031039100E-02 8.087028876E-01 
4.667828783E+01 5.763928249E-01 -9.982764618E-01 5.763928249E-01 8.171727539E-01 5.868650186E-02 8.171727539E-01 
4.674774956E+01 5.644461389E-01 -9.983748537E-01 5.644461389E-01 8.254698992E-01 5.698816745E-02 8.254698992E-01 
4.681721130E+01 5.523798136E-01 -9.984744855E-01 5.523798136E-01 8.335925502E-01 5.521504706E-02 8.335925502E-01 
4.688667304E+01 5.401964080E-01 -9.985749769E-01 5.401964080E-01 8.415389705E-01 5.336679722E-02 8.415389705E-01 
4.695613478E+01 5.278985069E-01 -9.986759284E-01 5.278985069E-01 8.493074617E-01 5.144307108E-02 8.493074617E-01 
4.702559651E+01 5.154887199E-01 -9.987769210E-01 5.154887199E-01 8.568963634E-01 4.944351901E-02 8.568963634E-01 
4.709505825E+01 5.029696813E-01 -9.988775161E-01 5.029696813E-01 8.643040539E-01 4.736778793E-02 8.643040539E-01 
4.716451999E+01 4.903440492E-01 -9.989772550E-01 4.903440492E-01 8.715289504E-01 4.521552192E-02 8.715289504E-01 
4.723398173E+01 4.776145046E-01 -9.990756588E-01 4.776145046E-01 8.785695094E-01 4.298636178E-02 8.785695094E-01 
4.730344347E+01 4.647837512E-01 -9.991722281E-01 4.647837512E-01 8.854242274E-01 4.067994532E-02 8.854242274E-01 
4.737290520E+01 4.518545142E-01 -9.992664423E-01 4.518545142E-01 8.920916409E-01 3.829590744E-02 8.920916409E-01 
4.744236694E+01 4.388295402E-01 -9.993577599E-01 4.388295402E-01 8.985703269E-01 3.583387994E-02 8.985703269E-01 
4.751182868E+01 4.257115959E-01 -9.994456176E-01 4.257115959E-01 9.048589032E-01 3.329349208E-02 9.048589032E-01 
4.758129042E+01 4.125034679E-01 -9.995294304E-01 4.125034679E-01 9.109560290E-01 3.067437012E-02 9.109560290E-01 
4.765075216E+01 3.992079615E-01 -9.996085908E-01 3.992079615E-01 9.168604044E-01 2.797613812E-02 9.168604044E-01 
4.772021389E+01 3.858279006E-01 -9.996824691E-01 3.858279006E-01 9.225707717E-01 2.519841741E-02 9.225707717E-01 
4.778967563E+01 3.723661266E-01 -9.997504121E-01 3.723661266E-01 9.280859149E-01 2.234082744E-02 9.280859149E-01 
4.785913737E+01 3.588254976E-01 -9.998117439E-01 3.588254976E-01 9.334046603E-01 1.940298542E-02 9.334046603E-01 
4.792859911E+01 3.452088883E-01 -9.998657645E-01 3.452088883E-01 9.385258766E-01 1.638450694E-02 9.385258766E-01 
4.799806084E+01 3.315191885E-01 -9.999117500E-01 3.315191885E-01 9.434484752E-01 1.328500607E-02 9.434484752E-01 
4.806752258E+01 3.177593030E-01 -9.999489519E-01 3.177593030E-01 9.481714102E-01 1.010409554E-02 9.481714102E-01 
4.813698432E+01 3.039321507E-01 -9.999765970E-01 3.039321507E-01 9.526936787E-01 6.841387360E-03 9.526936787E-01 
4.820644606E+01 2.900406642E-01 -9.999938868E-01 2.900406642E-01 9.570143212E-01 3.496492639E-03 9.570143212E-01 
4.827590780E+01 2.760877885E-01 -9.999999972E-01 2.760877885E-01 9.611324211E-01 6.902260484E-05 9.611324211E-01 
4.834536953E+01 2.620764810E-01 -9.999940779E-01 2.620764810E-01 9.650471056E-01 -3.441411831E-03 9.650471056E-01 
4.841483127E+01 2.480097106E-01 -9.999752522E-01 2.480097106E-01 9.687575452E-01 -7.035198739E-03 9.687575452E-01 
4.848429301E+01 2.338904570E-01 -9.999426167E-01 2.338904570E-01 9.722629542E-01 -1.071272569E-02 9.722629542E-01 
4.855375475E+01 2.197087138E-01 -9.998951899E-01 2.197087138E-01 9.755655177E-01 -1.447786201E-02 9.755655177E-01 
