0.000000000E+00 -9.883902671E-01 -9.501553585E-01 9.426089006E-01 1.519364118E-01 3.117768357E-01 -3.338988665E-01 
1.151558037E-02 -9.899707613E-01 -9.501226676E-01 9.460209963E-01 1.412723666E-01 3.118764451E-01 -3.241053282E-01 
2.303116074E-02 -9.914349373E-01 -9.500871025E-01 9.493337561E-01 1.306015167E-01 3.119847724E-01 -3.142696448E-01 
3.454674110E-02 -9.927829262E-01 -9.500486762E-01 9.525465898E-01 1.199252033E-01 3.121017676E-01 -3.043928155E-01 
4.606232147E-02 -9.940148771E-01 -9.500074028E-01 9.556589183E-01 1.092447633E-01 3.122273772E-01 -2.944758471E-01 
5.757790184E-02 -9.951309563E-01 -9.499632975E-01 9.586701742E-01 9.856152901E-02 3.123615436E-01 -2.845197546E-01 
6.909348221E-02 -9.961313462E-01 -9.499163763E-01 9.615797997E-01 8.787682763E-02 3.125042056E-01 -2.745255599E-01 
8.060906258E-02 -9.970162455E-01 -9.498666564E-01 9.643872478E-01 7.719198128E-02 3.126552983E-01 -2.644942924E-01 
9.212464294E-02 -9.977858692E-01 -9.498141559E-01 9.670919821E-01 6.650830676E-02 3.128147530E-01 -2.544269885E-01 
1.036402233E-01 -9.984404483E-01 -9.497588940E-01 9.696934771E-01 5.582711517E-02 3.129824974E-01 -2.443246917E-01 
1.151558037E-01 -9.989802297E-01 -9.497008908E-01 9.721912176E-01 4.514971180E-02 3.131584559E-01 -2.341884520E-01 
1.266713840E-01 -9.994054757E-01 -9.496401673E-01 9.745846994E-01 3.447739583E-02 3.133425491E-01 -2.240193264E-01 
1.381869644E-01 -9.997164649E-01 -9.495767457E-01 9.768734289E-01 2.381146016E-02 3.135346942E-01 -2.138183784E-01 
1.497025448E-01 -9.999134910E-01 -9.495106491E-01 9.790569236E-01 1.315319118E-02 3.137348048E-01 -2.035866778E-01 
1.612181252E-01 -9.999968632E-01 -9.494419015E-01 9.811347120E-01 2.503868419E-03 3.139427911E-01 -1.933253011E-01 
1.727337055E-01 -9.999669063E-01 -9.493705280E-01 9.831063335E-01 -8.135235563E-03 3.141585601E-01 -1.830353307E-01 
1.842492859E-01 -9.998239601E-01 -9.492965548E-01 9.849713385E-01 -1.876285547E-02 3.143820153E-01 -1.727178554E-01 
1.957648663E-01 -9.995683792E-01 -9.492200087E-01 9.867292887E-01 -2.937773345E-02 3.146130568E-01 -1.623739700E-01 
2.072804466E-01 -9.992005334E-01 -9.491409178E-01 9.883797569E-01 -3.997861938E-02 3.148515816E-01 -1.520047749E-01 
2.187960270E-01 -9.987208071E-01 -9.490593112E-01 9.899223271E-01 -5.056427102E-02 3.150974836E-01 -1.416113766E-01 
2.303116074E-01 -9.981295992E-01 -9.489752188E-01 9.913565944E-01 -6.113345427E-02 3.153506531E-01 -1.311948872E-01 
2.418271877E-01 -9.974273232E-01 -9.488886716E-01 9.926821655E-01 -7.168494339E-02 3.156109779E-01 -1.207564244E-01 
2.533427681E-01 -9.966144066E-01 -9.487997014E-01 9.938986584E-01 -8.221752122E-02 3.158783421E-01 -1.102971114E-01 
2.648583485E-01 -9.956912911E-01 -9.487083411E-01 9.950057023E-01 -9.272997938E-02 3.161526274E-01 -9.981807673E-02 
2.763739288E-01 -9.946584323E-01 -9.486146247E-01 9.960029380E-01 -1.032211185E-01 3.164337120E-01 -8.932045420E-02 
2.878895092E-01 -9.935162996E-01 -9.485185869E-01 9.968900179E-01 -1.136897484E-01 3.167214716E-01 -7.880538285E-02 
2.994050896E-01 -9.922653755E-01 -9.484202635E-01 9.976666057E-01 -1.241346884E-01 3.170157788E-01 -6.827400678E-02 
3.109206699E-01 -9.909061564E-01 -9.483196913E-01 9.983323770E-01 -1.345547674E-01 3.173165037E-01 -5.772747508E-02 
3.224362503E-01 -9.894391516E-01 -9.482169078E-01 9.988870186E-01 -1.449488241E-01 3.176235133E-01 -4.716694173E-02 
3.339518307E-01 -9.878648831E-01 -9.481119516E-01 9.993302294E-01 -1.553157071E-01 3.179366721E-01 -3.659356554E-02 
3.454674110E-01 -9.861838860E-01 -9.480048625E-01 9.996617197E-01 -1.656542756E-01 3.182558422E-01 -2.600850998E-02 
3.569829914E-01 -9.843967077E-01 -9.478956807E-01 9.998812118E-01 -1.759633988E-01 3.185808827E-01 -1.541294323E-02 
3.684985718E-01 -9.825039080E-01 -9.477844477E-01 9.999884396E-01 -1.862419568E-01 3.189116507E-01 -4.808037941E-03 
3.800141521E-01 -9.805060588E-01 -9.476712059E-01 9.999831490E-01 -1.964888402E-01 3.192480004E-01 5.805028759E-03 
3.915297325E-01 -9.784037437E-01 -9.475559985E-01 9.998650977E-01 -2.067029507E-01 3.195897840E-01 1.642507534E-02 
4.030453129E-01 -9.761975581E-01 -9.474388695E-01 9.996340554E-01 -2.168832012E-01 3.199368513E-01 2.705091602E-02 
4.145608932E-01 -9.738881087E-01 -9.473198641E-01 9.992898038E-01 -2.270285157E-01 3.202890498E-01 3.768136076E-02 
4.260764736E-01 -9.714760135E-01 -9.471990281E-01 9.988321366E-01 -2.371378299E-01 3.206462248E-01 4.831521545E-02 
4.375920540E-01 -9.689619012E-01 -9.470764083E-01 9.982608594E-01 -2.472100909E-01 3.210082196E-01 5.895128187E-02 
4.491076344E-01 -9.663464114E-01 -9.469520524E-01 9.975757904E-01 -2.572442577E-01 3.213748755E-01 6.958835785E-02 
4.606232147E-01 -9.636301940E-01 -9.468260090E-01 9.967767597E-01 -2.672393012E-01 3.217460317E-01 8.022523733E-02 
4.721387951E-01 -9.608139090E-01 -9.466983273E-01 9.958636095E-01 -2.771942043E-01 3.221215257E-01 9.086071041E-02 
4.836543755E-01 -9.578982266E-01 -9.465690576E-01 9.948361946E-01 -2.871079623E-01 3.225011929E-01 1.014935634E-01 
4.951699558E-01 -9.548838265E-01 -9.464382509E-01 9.936943820E-01 -2.969795825E-01 3.228848672E-01 1.121225791E-01 
5.066855362E-01 -9.517713976E-01 -9.463059590E-01 9.924380512E-01 -3.068080850E-01 3.232723808E-01 1.227465364E-01 
5.182011166E-01 -9.485616383E-01 -9.461722346E-01 9.910670942E-01 -3.165925024E-01 3.236635640E-01 1.333642109E-01 
5.297166969E-01 -9.452552557E-01 -9.460371310E-01 9.895814152E-01 -3.263318798E-01 3.240582460E-01 1.439743748E-01 
5.412322773E-01 -9.418529653E-01 -9.459007026E-01 9.879809316E-01 -3.360252754E-01 3.244562543E-01 1.545757966E-01 
5.527478577E-01 -9.383554913E-01 -9.457630042E-01 9.862655730E-01 -3.456717602E-01 3.248574149E-01 1.651672419E-01 
5.642634380E-01 -9.347635657E-01 -9.456240915E-01 9.844352819E-01 -3.552704181E-01 3.252615528E-01 1.757474726E-01 
5.757790184E-01 -9.310779283E-01 -9.454840209E-01 9.824900137E-01 -3.648203462E-01 3.256684914E-01 1.863152478E-01 
5.872945988E-01 -9.272993265E-01 -9.453428496E-01 9.804297365E-01 -3.743206549E-01 3.260780533E-01 1.968693233E-01 
5.988101791E-01 -9.234285146E-01 -9.452006353E-01 9.782544315E-01 -3.837704676E-01 3.264900597E-01 2.074084521E-01 
6.103257595E-01 -9.194662542E-01 -9.450574366E-01 9.759640930E-01 -3.931689212E-01 3.269043309E-01 2.179313838E-01 
6.218413399E-01 -9.154133133E-01 -9.449133125E-01 9.735587283E-01 -4.025151661E-01 3.273206865E-01 2.284368657E-01 
6.333569202E-01 -9.112704663E-01 -9.447683229E-01 9.710383580E-01 -4.118083658E-01 3.277389448E-01 2.389236418E-01 
6.448725006E-01 -9.070384938E-01 -9.446225282E-01 9.684030158E-01 -4.210476977E-01 3.281589237E-01 2.493904538E-01 
6.563880810E-01 -9.027181818E-01 -9.444759892E-01 9.656527490E-01 -4.302323525E-01 3.285804402E-01 2.598360403E-01 
6.679036613E-01 -8.983103222E-01 -9.443287676E-01 9.627876184E-01 -4.393615343E-01 3.290033107E-01 2.702591378E-01 
6.794192417E-01 -8.938157118E-01 -9.441809255E-01 9.598076981E-01 -4.484344613E-01 3.294273511E-01 2.806584801E-01 
6.909348221E-01 -8.892351524E-01 -9.440325255E-01 9.567130762E-01 -4.574503649E-01 3.298523769E-01 2.910327984E-01 
7.024504024E-01 -8.845694505E-01 -9.438836308E-01 9.535038543E-01 -4.664084902E-01 3.302782030E-01 3.013808221E-01 
7.139659828E-01 -8.798194168E-01 -9.437343048E-01 9.501801480E-01 -4.753080963E-01 3.307046442E-01 3.117012778E-01 
7.254815632E-01 -8.749858660E-01 -9.435846118E-01 9.467420868E-01 -4.841484553E-01 3.311315149E-01 3.219928905E-01 
7.369971435E-01 -8.700696167E-01 -9.434346162E-01 9.431898143E-01 -4.929288534E-01 3.315586294E-01 3.322543828E-01 
7.485127239E-01 -8.650714908E-01 -9.432843828E-01 9.395234882E-01 -5.016485904E-01 3.319858021E-01 3.424844754E-01 
7.600283043E-01 -8.599923134E-01 -9.431339771E-01 9.357432806E-01 -5.103069793E-01 3.324128471E-01 3.526818874E-01 
7.715438847E-01 -8.548329127E-01 -9.429834646E-01 9.318493780E-01 -5.189033471E-01 3.328395788E-01 3.628453360E-01 
7.830594650E-01 -8.495941191E-01 -9.428329112E-01 9.278419813E-01 -5.274370342E-01 3.332658117E-01 3.729735366E-01 
7.945750454E-01 -8.442767657E-01 -9.426823832E-01 9.237213061E-01 -5.359073942E-01 3.336913604E-01 3.830652035E-01 
8.060906258E-01 -8.388816874E-01 -9.425319471E-01 9.194875827E-01 -5.443137944E-01 3.341160401E-01 3.931190492E-01 
8.176062061E-01 -8.334097210E-01 -9.423816697E-01 9.151410563E-01 -5.526556154E-01 3.345396662E-01 4.031337852E-01 
8.291217865E-01 -8.278617047E-01 -9.422316178E-01 9.106819872E-01 -5.609322509E-01 3.349620546E-01 4.131081216E-01 
8.406373669E-01 -8.222384780E-01 -9.420818586E-01 9.061106505E-01 -5.691431082E-01 3.353830217E-01 4.230407677E-01 
8.521529472E-01 -8.165408813E-01 -9.419324594E-01 9.014273368E-01 -5.772876072E-01 3.358023846E-01 4.329304317E-01 
8.636685276E-01 -8.107697558E-01 -9.417834875E-01 8.966323520E-01 -5.853651812E-01 3.362199611E-01 4.427758212E-01 
8.751841080E-01 -8.049259429E-01 -9.416350103E-01 8.917260173E-01 -5.933752766E-01 3.366355698E-01 4.525756429E-01 
8.866996883E-01 -7.990102844E-01 -9.414870954E-01 8.867086698E-01 -6.013173520E-01 3.370490300E-01 4.623286035E-01 
8.982152687E-01 -7.930236219E-01 -9.413398102E-01 8.815806620E-01 -6.091908793E-01 3.374601622E-01 4.720334089E-01 
9.097308491E-01 -7.869667968E-01 -9.411932223E-01 8.763423626E-01 -6.169953429E-01 3.378687877E-01 4.816887651E-01 
9.212464294E-01 -7.808406498E-01 -9.410473990E-01 8.709941560E-01 -6.247302395E-01 3.382747289E-01 4.912933781E-01 
9.327620098E-01 -7.746460207E-01 -9.409024077E-01 8.655364428E-01 -6.323950784E-01 3.386778095E-01 5.008459538E-01 
9.442775902E-01 -7.683837486E-01 -9.407583155E-01 8.599696398E-01 -6.399893808E-01 3.390778542E-01 5.103451988E-01 
9.557931705E-01 -7.620546710E-01 -9.406151895E-01 8.542941804E-01 -6.475126804E-01 3.394746891E-01 5.197898199E-01 
9.673087509E-01 -7.556596239E-01 -9.404730966E-01 8.485105141E-01 -6.549645224E-01 3.398681419E-01 5.291785248E-01 
9.788243313E-01 -7.491994419E-01 -9.403321033E-01 8.426191072E-01 -6.623444641E-01 3.402580415E-01 5.385100221E-01 
9.903399116E-01 -7.426749574E-01 -9.401922760E-01 8.366204428E-01 -6.696520743E-01 3.406442182E-01 5.477830214E-01 
1.001855492E+00 -7.360870007E-01 -9.400536807E-01 8.305150208E-01 -6.768869333E-01 3.410265043E-01 5.569962335E-01 
1.013371072E+00 -7.294363999E-01 -9.399163831E-01 8.243033580E-01 -6.840486326E-01 3.414047334E-01 5.661483711E-01 
1.024886653E+00 -7.227239804E-01 -9.397804485E-01 8.179859883E-01 -6.911367749E-01 3.417787411E-01 5.752381481E-01 
1.036402233E+00 -7.159505650E-01 -9.396459418E-01 8.115634630E-01 -6.981509737E-01 3.421483645E-01 5.842642808E-01 
1.047917813E+00 -7.091169735E-01 -9.395129274E-01 8.050363503E-01 -7.050908534E-01 3.425134428E-01 5.932254874E-01 
1.059433394E+00 -7.022240227E-01 -9.393814693E-01 7.984052364E-01 -7.119560490E-01 3.428738172E-01 6.021204887E-01 
1.070948974E+00 -6.952725264E-01 -9.392516308E-01 7.916707245E-01 -7.187462056E-01 3.432293306E-01 6.109480080E-01 
1.082464555E+00 -6.882632944E-01 -9.391234748E-01 7.848334357E-01 -7.254609788E-01 3.435798283E-01 6.197067716E-01 
1.093980135E+00 -6.811971335E-01 -9.389970635E-01 7.778940088E-01 -7.321000339E-01 3.439251575E-01 6.283955090E-01 
1.105495715E+00 -6.740748467E-01 -9.388724586E-01 7.708531004E-01 -7.386630460E-01 3.442651677E-01 6.370129530E-01 
1.117011296E+00 -6.668972330E-01 -9.387497210E-01 7.637113850E-01 -7.451497000E-01 3.445997107E-01 6.455578402E-01 
1.128526876E+00 -6.596650874E-01 -9.386289108E-01 7.564695553E-01 -7.515596899E-01 3.449286406E-01 6.540289112E-01 
1.140042456E+00 -6.523792010E-01 -9.385100875E-01 7.491283217E-01 -7.578927188E-01 3.452518138E-01 6.624249107E-01 
1.151558037E+00 -6.450403607E-01 -9.383933098E-01 7.416884132E-01 -7.641484989E-01 3.455690892E-01 6.707445881E-01 
1.163073617E+00 -6.376493489E-01 -9.382786355E-01 7.341505766E-01 -7.703267510E-01 3.458803283E-01 6.789866977E-01 
1.174589198E+00 -6.302069439E-01 -9.381661215E-01 7.265155773E-01 -7.764272043E-01 3.461853950E-01 6.871499986E-01 
1.186104778E+00 -6.227139189E-01 -9.380558240E-01 7.187841991E-01 -7.824495965E-01 3.464841561E-01 6.952332556E-01 
1.197620358E+00 -6.151710434E-01 -9.379477980E-01 7.109572439E-01 -7.883936730E-01 3.467764807E-01 7.032352394E-01 
1.209135939E+00 -6.075790813E-01 -9.378420977E-01 7.030355323E-01 -7.942591871E-01 3.470622409E-01 7.111547264E-01 
1.220651519E+00 -5.999387925E-01 -9.377387764E-01 6.950199033E-01 -8.000458999E-01 3.473413115E-01 7.189904996E-01 
1.232167099E+00 -5.922509317E-01 -9.376378859E-01 6.869112144E-01 -8.057535795E-01 3.476135702E-01 7.267413488E-01 
1.243682680E+00 -5.845162488E-01 -9.375394776E-01 6.787103417E-01 -8.113820013E-01 3.478788976E-01 7.344060706E-01 
1.255198260E+00 -5.767354890E-01 -9.374436011E-01 6.704181797E-01 -8.169309476E-01 3.481371771E-01 7.419834692E-01 
1.266713840E+00 -5.689093925E-01 -9.373503054E-01 6.620356417E-01 -8.224002072E-01 3.483882954E-01 7.494723566E-01 
1.278229421E+00 -5.610386942E-01 -9.372596380E-01 6.535636595E-01 -8.277895755E-01 3.486321419E-01 7.568715526E-01 
1.289745001E+00 -5.531241248E-01 -9.371716454E-01 6.450031832E-01 -8.330988541E-01 3.488686093E-01 7.641798857E-01 
1.301260582E+00 -5.451664093E-01 -9.370863726E-01 6.363551817E-01 -8.383278503E-01 3.490975934E-01 7.713961930E-01 
1.312776162E+00 -5.371662679E-01 -9.370038636E-01 6.276206424E-01 -8.434763774E-01 3.493189932E-01 7.785193209E-01 
1.324291742E+00 -5.291244161E-01 -9.369241610E-01 6.188005708E-01 -8.485442541E-01 3.495327109E-01 7.855481252E-01 
1.335807323E+00 -5.210415641E-01 -9.368473060E-01 6.098959915E-01 -8.535313045E-01 3.497386520E-01 7.924814717E-01 
1.347322903E+00 -5.129184172E-01 -9.367733385E-01 6.009079468E-01 -8.584373575E-01 3.499367254E-01 7.993182362E-01 
1.358838483E+00 -5.047556761E-01 -9.367022970E-01 5.918374975E-01 -8.632622471E-01 3.501268431E-01 8.060573054E-01 
1.370354064E+00 -4.965540361E-01 -9.366342187E-01 5.826857228E-01 -8.680058118E-01 3.503089207E-01 8.126975767E-01 
1.381869644E+00 -4.883141881E-01 -9.365691391E-01 5.734537198E-01 -8.726678945E-01 3.504828773E-01 8.192379592E-01 
1.393385225E+00 -4.800368180E-01 -9.365070924E-01 5.641426037E-01 -8.772483423E-01 3.506486353E-01 8.256773734E-01 
1.404900805E+00 -4.717226070E-01 -9.364481114E-01 5.547535078E-01 -8.817470062E-01 3.508061207E-01 8.320147521E-01 
1.416416385E+00 -4.633722317E-01 -9.363922272E-01 5.452875826E-01 -8.861637412E-01 3.509552629E-01 8.382490406E-01 
1.427931966E+00 -4.549863640E-01 -9.363394694E-01 5.357459971E-01 -8.904984055E-01 3.510959950E-01 8.443791969E-01 
1.439447546E+00 -4.465656713E-01 -9.362898661E-01 5.261299374E-01 -8.947508609E-01 3.512282539E-01 8.504041923E-01 
1.450963126E+00 -4.381108167E-01 -9.362434438E-01 5.164406067E-01 -8.989209723E-01 3.513519796E-01 8.563230119E-01 
1.462478707E+00 -4.296224589E-01 -9.362002274E-01 5.066792259E-01 -9.030086075E-01 3.514671163E-01 8.621346546E-01 
1.473994287E+00 -4.211012522E-01 -9.361602402E-01 4.968470329E-01 -9.070136372E-01 3.515736117E-01 8.678381337E-01 
1.485509867E+00 -4.125478472E-01 -9.361235038E-01 4.869452819E-01 -9.109359345E-01 3.516714169E-01 8.734324773E-01 
1.497025448E+00 -4.039628899E-01 -9.360900381E-01 4.769752446E-01 -9.147753751E-01 3.517604873E-01 8.789167286E-01 
1.508541028E+00 -3.953470229E-01 -9.360598615E-01 4.669382084E-01 -9.185318367E-01 3.518407816E-01 8.842899462E-01 
1.520056609E+00 -3.867008848E-01 -9.360329905E-01 4.568354774E-01 -9.222051993E-01 3.519122625E-01 8.895512046E-01 
1.531572189E+00 -3.780251106E-01 -9.360094402E-01 4.466683715E-01 -9.257953445E-01 3.519748966E-01 8.946995946E-01 
1.543087769E+00 -3.693203318E-01 -9.359892236E-01 4.364382264E-01 -9.293021559E-01 3.520286539E-01 8.997342234E-01 
1.554603350E+00 -3.605871766E-01 -9.359723524E-01 4.261463933E-01 -9.327255185E-01 3.520735087E-01 9.046542153E-01 
1.566118930E+00 -3.518262699E-01 -9.359588362E-01 4.157942387E-01 -9.360653187E-01 3.521094390E-01 9.094587118E-01 
1.577634510E+00 -3.430382335E-01 -9.359486830E-01 4.053831441E-01 -9.393214443E-01 3.521364264E-01 9.141468720E-01 
1.589150091E+00 -3.342236864E-01 -9.359418991E-01 3.949145056E-01 -9.424937841E-01 3.521544568E-01 9.187178729E-01 
1.600665671E+00 -3.253832448E-01 -9.359384891E-01 3.843897337E-01 -9.455822280E-01 3.521635198E-01 9.231709099E-01 
1.612181252E+00 -3.165175224E-01 -9.359384557E-01 3.738102531E-01 -9.485866667E-01 3.521636087E-01 9.275051970E-01 
1.623696832E+00 -3.076271302E-01 -9.359417998E-01 3.631775023E-01 -9.515069917E-01 3.521547210E-01 9.317199672E-01 
1.635212412E+00 -2.987126775E-01 -9.359485207E-01 3.524929330E-01 -9.543430951E-01 3.521368580E-01 9.358144726E-01 
1.646727993E+00 -2.897747709E-01 -9.359586159E-01 3.417580105E-01 -9.570948695E-01 3.521100248E-01 9.397879850E-01 
1.658243573E+00 -2.808140155E-01 -9.359720809E-01 3.309742125E-01 -9.597622080E-01 3.520742307E-01 9.436397961E-01 
1.669759153E+00 -2.718310147E-01 -9.359889099E-01 3.201430292E-01 -9.623450042E-01 3.520294885E-01 9.473692176E-01 
1.681274734E+00 -2.628263702E-01 -9.360090949E-01 3.092659630E-01 -9.648431515E-01 3.519758154E-01 9.509755818E-01 
1.692790314E+00 -2.538006826E-01 -9.360326262E-01 2.983445280E-01 -9.672565438E-01 3.519132320E-01 9.544582418E-01 
1.704305894E+00 -2.447545511E-01 -9.360594927E-01 2.873802495E-01 -9.695850753E-01 3.518417633E-01 9.578165713E-01 
1.715821475E+00 -2.356885741E-01 -9.360896812E-01 2.763746640E-01 -9.718286395E-01 3.517614378E-01 9.610499659E-01 
1.727337055E+00 -2.266033493E-01 -9.361231767E-01 2.653293183E-01 -9.739871308E-01 3.516722882E-01 9.641578419E-01 
1.738852636E+00 -2.174994738E-01 -9.361599629E-01 2.542457694E-01 -9.760604429E-01 3.515743509E-01 9.671396380E-01 
1.750368216E+00 -2.083775441E-01 -9.362000214E-01 2.431255843E-01 -9.780484693E-01 3.514676662E-01 9.699948148E-01 
1.761883796E+00 -1.992381571E-01 -9.362433321E-01 2.319703391E-01 -9.799511041E-01 3.513522783E-01 9.727228545E-01 
1.773399377E+00 -1.900819091E-01 -9.362898735E-01 2.207816188E-01 -9.817682403E-01 3.512282352E-01 9.753232624E-01 
1.784914957E+00 -1.809093970E-01 -9.363396221E-01 2.095610172E-01 -9.834997713E-01 3.510955889E-01 9.777955661E-01 
1.796430537E+00 -1.717212181E-01 -9.363925529E-01 1.983101359E-01 -9.851455900E-01 3.509543949E-01 9.801393158E-01 
1.807946118E+00 -1.625179703E-01 -9.364486392E-01 1.870305842E-01 -9.867055892E-01 3.508047129E-01 9.823540851E-01 
1.819461698E+00 -1.533002523E-01 -9.365078527E-01 1.757239787E-01 -9.881796614E-01 3.506466060E-01 9.844394704E-01 
1.830977279E+00 -1.440686640E-01 -9.365701634E-01 1.643919426E-01 -9.895676991E-01 3.504801413E-01 9.863950914E-01 
1.842492859E+00 -1.348238062E-01 -9.366355399E-01 1.530361056E-01 -9.908695940E-01 3.503053895E-01 9.882205914E-01 
1.854008439E+00 -1.255662815E-01 -9.367039490E-01 1.416581030E-01 -9.920852384E-01 3.501224251E-01 9.899156369E-01 
1.865524020E+00 -1.162966938E-01 -9.367753560E-01 1.302595758E-01 -9.932145239E-01 3.499313261E-01 9.914799184E-01 
1.877039600E+00 -1.070156492E-01 -9.368497247E-01 1.188421699E-01 -9.942573421E-01 3.497321744E-01 9.929131504E-01 
1.888555180E+00 -9.772375534E-02 -9.369270176E-01 1.074075355E-01 -9.952135848E-01 3.495250553E-01 9.942150704E-01 
1.900070761E+00 -8.842162245E-02 -9.370071953E-01 9.595732698E-02 -9.960831435E-01 3.493100578E-01 9.953854409E-01 
1.911586341E+00 -7.910986297E-02 -9.370902174E-01 8.449320232E-02 -9.968659096E-01 3.490872744E-01 9.964240478E-01 
1.923101921E+00 -6.978909194E-02 -9.371760416E-01 7.301682253E-02 -9.975617750E-01 3.488568010E-01 9.973307011E-01 
1.934617502E+00 -6.045992720E-02 -9.372646246E-01 6.152985136E-02 -9.981706315E-01 3.486187373E-01 9.981052354E-01 
1.946133082E+00 -5.112298947E-02 -9.373559216E-01 5.003395470E-02 -9.986923713E-01 3.483731861E-01 9.987475089E-01 
1.957648663E+00 -4.177890259E-02 -9.374498864E-01 3.853080016E-02 -9.991268868E-01 3.481202538E-01 9.992574043E-01 
1.969164243E+00 -3.242829377E-02 -9.375464715E-01 2.702205667E-02 -9.994740709E-01 3.478600499E-01 9.996348288E-01 
1.980679823E+00 -2.307179351E-02 -9.376456283E-01 1.550939393E-02 -9.997338172E-01 3.475926875E-01 9.998797131E-01 
1.992195404E+00 -1.371003608E-02 -9.377473066E-01 3.994482011E-03 -9.999060195E-01 3.473182828E-01 9.999920128E-01 
2.003710984E+00 -4.343659519E-03 -9.378514554E-01 -7.521009134E-03 -9.999905728E-01 3.470369552E-01 9.999717076E-01 
2.015226564E+00 5.026694337E-03 -9.379580222E-01 -1.903541007E-02 -9.999873727E-01 3.467488273E-01 9.998188007E-01 
2.026742145E+00 1.440037938E-02 -9.380669535E-01 -3.054705244E-02 -9.998963158E-01 3.464540248E-01 9.995333203E-01 
2.038257725E+00 2.377674537E-02 -9.381781948E-01 -4.205426926E-02 -9.997172999E-01 3.461526766E-01 9.991153182E-01 
2.049773305E+00 3.315513772E-02 -9.382916902E-01 -5.355539548E-02 -9.994502240E-01 3.458449142E-01 9.985648701E-01 
2.061288886E+00 4.253489718E-02 -9.384073831E-01 -6.504876844E-02 -9.990949884E-01 3.455308725E-01 9.978820761E-01 
2.072804466E+00 5.191536004E-02 -9.385252159E-01 -7.653272814E-02 -9.986514952E-01 3.452106890E-01 9.970670596E-01 
2.084320047E+00 6.129585769E-02 -9.386451296E-01 -8.800561787E-02 -9.981196478E-01 3.448845041E-01 9.961199681E-01 
2.095835627E+00 7.067571657E-02 -9.387670649E-01 -9.946578460E-02 -9.974993516E-01 3.445524611E-01 9.950409726E-01 
2.107351207E+00 8.005425836E-02 -9.388909611E-01 -1.109115792E-01 -9.967905142E-01 3.442147058E-01 9.938302676E-01 
2.118866788E+00 8.943079935E-02 -9.390167570E-01 -1.223413571E-01 -9.959930450E-01 3.438713868E-01 9.924880711E-01 
2.130382368E+00 9.880465068E-02 -9.391443903E-01 -1.337534787E-01 -9.951068558E-01 3.435226552E-01 9.910146245E-01 
2.141897948E+00 1.081751183E-01 -9.392737983E-01 -1.451463095E-01 -9.941318611E-01 3.431686646E-01 9.894101918E-01 
2.153413529E+00 1.175415026E-01 -9.394049172E-01 -1.565182208E-01 -9.930679779E-01 3.428095710E-01 9.876750605E-01 
2.164929109E+00 1.269030986E-01 -9.395376828E-01 -1.678675901E-01 -9.919151259E-01 3.424455330E-01 9.858095408E-01 
2.176444690E+00 1.362591956E-01 -9.396720300E-01 -1.791928010E-01 -9.906732282E-01 3.420767113E-01 9.838139654E-01 
2.187960270E+00 1.456090773E-01 -9.398078934E-01 -1.904922445E-01 -9.893422107E-01 3.417032688E-01 9.816886896E-01 
2.199475850E+00 1.549520219E-01 -9.399452068E-01 -2.017643181E-01 -9.879220031E-01 3.413253707E-01 9.794340908E-01 
2.210991431E+00 1.642873016E-01 -9.400839034E-01 -2.130074276E-01 -9.864125384E-01 3.409431843E-01 9.770505688E-01 
2.222507011E+00 1.736141827E-01 -9.402239163E-01 -2.242199863E-01 -9.848137533E-01 3.405568787E-01 9.745385452E-01 
2.234022591E+00 1.829319260E-01 -9.403651777E-01 -2.354004158E-01 -9.831255889E-01 3.401666252E-01 9.718984630E-01 
2.245538172E+00 1.922397862E-01 -9.405076197E-01 -2.465471466E-01 -9.813479901E-01 3.397725967E-01 9.691307872E-01 
2.257053752E+00 2.015370120E-01 -9.406511741E-01 -2.576586179E-01 -9.794809063E-01 3.393749682E-01 9.662360037E-01 
2.268569332E+00 2.108228463E-01 -9.407957719E-01 -2.687332784E-01 -9.775242914E-01 3.389739160E-01 9.632146195E-01 
2.280084913E+00 2.200965260E-01 -9.409413445E-01 -2.797695863E-01 -9.754781043E-01 3.385696184E-01 9.600671627E-01 
2.291600493E+00 2.293572820E-01 -9.410878224E-01 -2.907660097E-01 -9.733423087E-01 3.381622549E-01 9.567941816E-01 
2.303116074E+00 2.386043393E-01 -9.412351365E-01 -3.017210270E-01 -9.711168734E-01 3.377520067E-01 9.533962451E-01 
2.314631654E+00 2.478369168E-01 -9.413832170E-01 -3.126331273E-01 -9.688017728E-01 3.373390564E-01 9.498739423E-01 
2.326147234E+00 2.570542278E-01 -9.415319943E-01 -3.235008100E-01 -9.663969869E-01 3.369235875E-01 9.462278819E-01 
2.337662815E+00 2.662554793E-01 -9.416813987E-01 -3.343225862E-01 -9.639025012E-01 3.365057852E-01 9.424586925E-01 
2.349178395E+00 2.754398725E-01 -9.418313603E-01 -3.450969781E-01 -9.613183076E-01 3.360858355E-01 9.385670219E-01 
2.360693975E+00 2.846066029E-01 -9.419818093E-01 -3.558225195E-01 -9.586444040E-01 3.356639256E-01 9.345535370E-01 
2.372209556E+00 2.937548601E-01 -9.421326760E-01 -3.664977561E-01 -9.558807948E-01 3.352402434E-01 9.304189238E-01 
2.383725136E+00 3.028838278E-01 -9.422838906E-01 -3.771212459E-01 -9.530274909E-01 3.348149780E-01 9.261638867E-01 
2.395240717E+00 3.119926843E-01 -9.424353835E-01 -3.876915591E-01 -9.500845101E-01 3.343883190E-01 9.217891485E-01 
2.406756297E+00 3.210806019E-01 -9.425870852E-01 -3.982072787E-01 -9.470518773E-01 3.339604567E-01 9.172954501E-01 
2.418271877E+00 3.301467476E-01 -9.427389265E-01 -4.086670002E-01 -9.439296245E-01 3.335315822E-01 9.126835501E-01 
2.429787458E+00 3.391902829E-01 -9.428908382E-01 -4.190693326E-01 -9.407177912E-01 3.331018868E-01 9.079542248E-01 
2.441303038E+00 3.482103636E-01 -9.430427516E-01 -4.294128980E-01 -9.374164247E-01 3.326715625E-01 9.031082677E-01 
2.452818618E+00 3.572061406E-01 -9.431945980E-01 -4.396963317E-01 -9.340255796E-01 3.322408014E-01 8.981464893E-01 
2.464334199E+00 3.661767594E-01 -9.433463092E-01 -4.499182831E-01 -9.305453192E-01 3.318097959E-01 8.930697168E-01 
2.475849779E+00 3.751213601E-01 -9.434978173E-01 -4.600774153E-01 -9.269757144E-01 3.313787386E-01 8.878787939E-01 
2.487365359E+00 3.840390785E-01 -9.436490549E-01 -4.701724053E-01 -9.233168448E-01 3.309478221E-01 8.825745805E-01 
2.498880940E+00 3.929290447E-01 -9.437999547E-01 -4.802019446E-01 -9.195687985E-01 3.305172390E-01 8.771579525E-01 
2.510396520E+00 4.017903846E-01 -9.439504501E-01 -4.901647388E-01 -9.157316725E-01 3.300871816E-01 8.716298012E-01 
2.521912101E+00 4.106222194E-01 -9.441004749E-01 -5.000595081E-01 -9.118055724E-01 3.296578423E-01 8.659910335E-01 
2.533427681E+00 4.194236655E-01 -9.442499634E-01 -5.098849876E-01 -9.077906133E-01 3.292294128E-01 8.602425712E-01 
2.544943261E+00 4.281938353E-01 -9.443988504E-01 -5.196399270E-01 -9.036869192E-01 3.288020848E-01 8.543853512E-01 
2.556458842E+00 4.369318369E-01 -9.445470713E-01 -5.293230912E-01 -8.994946238E-01 3.283760491E-01 8.484203248E-01 
2.567974422E+00 4.456367740E-01 -9.446945621E-01 -5.389332601E-01 -8.952138703E-01 3.279514962E-01 8.423484575E-01 
2.579490002E+00 4.543077470E-01 -9.448412593E-01 -5.484692289E-01 -8.908448118E-01 3.275286159E-01 8.361707289E-01 
2.591005583E+00 4.629438521E-01 -9.449871001E-01 -5.579298081E-01 -8.863876112E-01 3.271075972E-01 8.298881324E-01 
2.602521163E+00 4.715441820E-01 -9.451320224E-01 -5.673138240E-01 -8.818424415E-01 3.266886281E-01 8.235016749E-01 
2.614036744E+00 4.801078263E-01 -9.452759647E-01 -5.766201180E-01 -8.772094859E-01 3.262718959E-01 8.170123764E-01 
2.625552324E+00 4.886338709E-01 -9.454188662E-01 -5.858475479E-01 -8.724889380E-01 3.258575867E-01 8.104212698E-01 
2.637067904E+00 4.971213992E-01 -9.455606670E-01 -5.949949866E-01 -8.676810018E-01 3.254458856E-01 8.037294011E-01 
2.648583485E+00 5.055694913E-01 -9.457013076E-01 -6.040613235E-01 -8.627858921E-01 3.250369766E-01 7.969378281E-01 
2.660099065E+00 5.139772247E-01 -9.458407297E-01 -6.130454639E-01 -8.578038345E-01 3.246310420E-01 7.900476213E-01 
2.671614645E+00 5.223436747E-01 -9.459788754E-01 -6.219463289E-01 -8.527350651E-01 3.242282632E-01 7.830598630E-01 
2.683130226E+00 5.306679140E-01 -9.461156878E-01 -6.307628562E-01 -8.475798313E-01 3.238288198E-01 7.759756469E-01 
2.694645806E+00 5.389490133E-01 -9.462511109E-01 -6.394939996E-01 -8.423383917E-01 3.234328902E-01 7.687960783E-01 
2.706161386E+00 5.471860417E-01 -9.463850893E-01 -6.481387293E-01 -8.370110158E-01 3.230406508E-01 7.615222737E-01 
2.717676967E+00 5.553780661E-01 -9.465175687E-01 -6.566960320E-01 -8.315979847E-01 3.226522765E-01 7.541553604E-01 
2.729192547E+00 5.635241525E-01 -9.466484954E-01 -6.651649107E-01 -8.260995907E-01 3.222679405E-01 7.466964764E-01 
2.740708128E+00 5.716233652E-01 -9.467778169E-01 -6.735443852E-01 -8.205161377E-01 3.218878139E-01 7.391467701E-01 
2.752223708E+00 5.796747677E-01 -9.469054814E-01 -6.818334919E-01 -8.148479413E-01 3.215120660E-01 7.315073999E-01 
2.763739288E+00 5.876774226E-01 -9.470314380E-01 -6.900312838E-01 -8.090953284E-01 3.211408642E-01 7.237795345E-01 
2.775254869E+00 5.956303919E-01 -9.471556370E-01 -6.981368307E-01 -8.032586380E-01 3.207743735E-01 7.159643518E-01 
2.786770449E+00 6.035327371E-01 -9.472780292E-01 -7.061492193E-01 -7.973382207E-01 3.204127569E-01 7.080630394E-01 
2.798286029E+00 6.113835198E-01 -9.473985666E-01 -7.140675530E-01 -7.913344390E-01 3.200561751E-01 7.000767941E-01 
2.809801610E+00 6.191818014E-01 -9.475172023E-01 -7.218909523E-01 -7.852476674E-01 3.197047867E-01 6.920068216E-01 
2.821317190E+00 6.269266437E-01 -9.476338901E-01 -7.296185545E-01 -7.790782923E-01 3.193587475E-01 6.838543363E-01 
2.832832771E+00 6.346171089E-01 -9.477485849E-01 -7.372495141E-01 -7.728267121E-01 3.190182111E-01 6.756205611E-01 
2.844348351E+00 6.422522601E-01 -9.478612427E-01 -7.447830024E-01 -7.664933372E-01 3.186833286E-01 6.673067272E-01 
2.855863931E+00 6.498311611E-01 -9.479718202E-01 -7.522182080E-01 -7.600785902E-01 3.183542483E-01 6.589140737E-01 
2.867379512E+00 6.573528772E-01 -9.480802754E-01 -7.595543366E-01 -7.535829058E-01 3.180311159E-01 6.504438477E-01 
2.878895092E+00 6.648164748E-01 -9.481865672E-01 -7.667906109E-01 -7.470067307E-01 3.177140745E-01 6.418973037E-01 
2.890410672E+00 6.722210220E-01 -9.482906554E-01 -7.739262710E-01 -7.403505238E-01 3.174032643E-01 6.332757036E-01 
2.901926253E+00 6.795655890E-01 -9.483925010E-01 -7.809605741E-01 -7.336147562E-01 3.170988225E-01 6.245803164E-01 
2.913441833E+00 6.868492477E-01 -9.484920661E-01 -7.878927947E-01 -7.267999113E-01 3.168008837E-01 6.158124180E-01 
2.924957413E+00 6.940710725E-01 -9.485893135E-01 -7.947222246E-01 -7.199064843E-01 3.165095792E-01 6.069732910E-01 
2.936472994E+00 7.012301404E-01 -9.486842073E-01 -8.014481730E-01 -7.129349828E-01 3.162250374E-01 5.980642244E-01 
2.947988574E+00 7.083255311E-01 -9.487767125E-01 -8.080699663E-01 -7.058859266E-01 3.159473835E-01 5.890865134E-01 
2.959504155E+00 7.153563271E-01 -9.488667953E-01 -8.145869483E-01 -6.987598474E-01 3.156767398E-01 5.800414593E-01 
2.971019735E+00 7.223216144E-01 -9.489544229E-01 -8.209984803E-01 -6.915572893E-01 3.154132252E-01 5.709303692E-01 
2.982535315E+00 7.292204821E-01 -9.490395634E-01 -8.273039409E-01 -6.842788080E-01 3.151569553E-01 5.617545555E-01 
2.994050896E+00 7.360520232E-01 -9.491221861E-01 -8.335027261E-01 -6.769249718E-01 3.149080425E-01 5.525153364E-01 
3.005566476E+00 7.428153345E-01 -9.492022613E-01 -8.395942496E-01 -6.694963608E-01 3.146665958E-01 5.432140347E-01 
3.017082056E+00 7.495095167E-01 -9.492797604E-01 -8.455779423E-01 -6.619935667E-01 3.144327209E-01 5.338519787E-01 
3.028597637E+00 7.561336749E-01 -9.493546557E-01 -8.514532528E-01 -6.544171938E-01 3.142065198E-01 5.244305008E-01 
3.040113217E+00 7.626869187E-01 -9.494269208E-01 -8.572196469E-01 -6.467678577E-01 3.139880914E-01 5.149509384E-01 
3.051628798E+00 7.691683623E-01 -9.494965302E-01 -8.628766082E-01 -6.390461860E-01 3.137775306E-01 5.054146328E-01 
3.063144378E+00 7.755771250E-01 -9.495634593E-01 -8.684236378E-01 -6.312528181E-01 3.135749292E-01 4.958229296E-01 
3.074659958E+00 7.819123310E-01 -9.496276850E-01 -8.738602542E-01 -6.233884051E-01 3.133803751E-01 4.861771780E-01 
3.086175539E+00 7.881731099E-01 -9.496891848E-01 -8.791859936E-01 -6.154536096E-01 3.131939525E-01 4.764787310E-01 
3.097691119E+00 7.943585968E-01 -9.497479374E-01 -8.844004096E-01 -6.074491060E-01 3.130157423E-01 4.667289449E-01 
3.109206699E+00 8.004679325E-01 -9.498039228E-01 -8.895030736E-01 -5.993755797E-01 3.128458213E-01 4.569291793E-01 
3.120722280E+00 8.065002637E-01 -9.498571216E-01 -8.944935742E-01 -5.912337278E-01 3.126842627E-01 4.470807965E-01 
3.132237860E+00 8.124547431E-01 -9.499075159E-01 -8.993715179E-01 -5.830242590E-01 3.125311359E-01 4.371851618E-01 
3.143753440E+00 8.183305298E-01 -9.499550885E-01 -9.041365287E-01 -5.747478925E-01 3.123865067E-01 4.272436429E-01 
3.155269021E+00 8.241267893E-01 -9.499998234E-01 -9.087882481E-01 -5.664053592E-01 3.122504369E-01 4.172576100E-01 
3.166784601E+00 8.298426937E-01 -9.500417056E-01 -9.133263353E-01 -5.579974009E-01 3.121229843E-01 4.072284352E-01 
3.178300182E+00 8.354774220E-01 -9.500807213E-01 -9.177504669E-01 -5.495247701E-01 3.120042031E-01 3.971574924E-01 
3.189815762E+00 8.410301599E-01 -9.501168575E-01 -9.220603372E-01 -5.409882304E-01 3.118941436E-01 3.870461574E-01 
3.201331342E+00 8.465001008E-01 -9.501501025E-01 -9.262556579E-01 -5.323885561E-01 3.117928521E-01 3.768958073E-01 
3.212846923E+00 8.518864448E-01 -9.501804453E-01 -9.303361586E-01 -5.237265320E-01 3.117003710E-01 3.667078203E-01 
3.224362503E+00 8.571883999E-01 -9.502078763E-01 -9.343015860E-01 -5.150029535E-01 3.116167386E-01 3.564835759E-01 
3.235878083E+00 8.624051816E-01 -9.502323866E-01 -9.381517046E-01 -5.062186263E-01 3.115419897E-01 3.462244541E-01 
3.247393664E+00 8.675360131E-01 -9.502539687E-01 -9.418862964E-01 -4.973743666E-01 3.114761547E-01 3.359318355E-01 
3.258909244E+00 8.725801259E-01 -9.502726158E-01 -9.455051609E-01 -4.884710007E-01 3.114192602E-01 3.256071011E-01 
3.270424825E+00 8.775367592E-01 -9.502883223E-01 -9.490081150E-01 -4.795093647E-01 3.113713289E-01 3.152516318E-01 
3.281940405E+00 8.824051605E-01 -9.503010836E-01 -9.523949930E-01 -4.704903050E-01 3.113323794E-01 3.048668086E-01 
3.293455985E+00 8.871845860E-01 -9.503108962E-01 -9.556656468E-01 -4.614146776E-01 3.113024264E-01 2.944540121E-01 
3.304971566E+00 8.918743000E-01 -9.503177574E-01 -9.588199456E-01 -4.522833483E-01 3.112814805E-01 2.840146222E-01 
3.316487146E+00 8.964735758E-01 -9.503216657E-01 -9.618577760E-01 -4.430971925E-01 3.112695484E-01 2.735500181E-01 
3.328002726E+00 9.009816953E-01 -9.503226207E-01 -9.647790421E-01 -4.338570949E-01 3.112666329E-01 2.630615778E-01 
3.339518307E+00 9.053979493E-01 -9.503206228E-01 -9.675836649E-01 -4.245639496E-01 3.112727326E-01 2.525506782E-01 
3.351033887E+00 9.097216378E-01 -9.503156735E-01 -9.702715832E-01 -4.152186600E-01 3.112878424E-01 2.420186946E-01 
3.362549467E+00 9.139520697E-01 -9.503077755E-01 -9.728427526E-01 -4.058221384E-01 3.113119530E-01 2.314670006E-01 
3.374065048E+00 9.180885634E-01 -9.502969322E-01 -9.752971461E-01 -3.963753061E-01 3.113450512E-01 2.208969678E-01 
3.385580628E+00 9.221304466E-01 -9.502831482E-01 -9.776347538E-01 -3.868790934E-01 3.113871199E-01 2.103099658E-01 
3.397096209E+00 9.260770565E-01 -9.502664292E-01 -9.798555829E-01 -3.773344389E-01 3.114381381E-01 1.997073613E-01 
3.408611789E+00 9.299277399E-01 -9.502467817E-01 -9.819596575E-01 -3.677422900E-01 3.114980808E-01 1.890905189E-01 
3.420127369E+00 9.336818532E-01 -9.502242132E-01 -9.839470190E-01 -3.581036026E-01 3.115669190E-01 1.784607999E-01 
3.431642950E+00 9.373387628E-01 -9.501987325E-01 -9.858177254E-01 -3.484193407E-01 3.116446200E-01 1.678195625E-01 
3.443158530E+00 9.408978447E-01 -9.501703491E-01 -9.875718516E-01 -3.386904765E-01 3.117311471E-01 1.571681618E-01 
3.454674110E+00 9.443584853E-01 -9.501390737E-01 -9.892094895E-01 -3.289179903E-01 3.118264598E-01 1.465079489E-01 
3.466189691E+00 9.477200806E-01 -9.501049179E-01 -9.907307473E-01 -3.191028703E-01 3.119305138E-01 1.358402714E-01 
3.477705271E+00 9.509820371E-01 -9.500678944E-01 -9.921357503E-01 -3.092461125E-01 3.120432609E-01 1.251664727E-01 
3.489220851E+00 9.541437714E-01 -9.500280166E-01 -9.934246401E-01 -2.993487204E-01 3.121646491E-01 1.144878918E-01 
3.500736432E+00 9.572047105E-01 -9.499852994E-01 -9.945975747E-01 -2.894117052E-01 3.122946228E-01 1.038058631E-01 
3.512252012E+00 9.601642917E-01 -9.499397584E-01 -9.956547286E-01 -2.794360853E-01 3.124331226E-01 9.312171649E-02 
3.523767593E+00 9.630219629E-01 -9.498914101E-01 -9.965962926E-01 -2.694228866E-01 3.125800853E-01 8.243677656E-02 
3.535283173E+00 9.657771824E-01 -9.498402722E-01 -9.974224736E-01 -2.593731420E-01 3.127354441E-01 7.175236275E-02 
3.546798753E+00 9.684294192E-01 -9.497863633E-01 -9.981334947E-01 -2.492878914E-01 3.128991286E-01 6.106978899E-02 
3.558314334E+00 9.709781531E-01 -9.497297031E-01 -9.987295948E-01 -2.391681816E-01 3.130710648E-01 5.039036347E-02 
3.569829914E+00 9.734228743E-01 -9.496703123E-01 -9.992110288E-01 -2.290150662E-01 3.132511751E-01 3.971538840E-02 
3.581345494E+00 9.757630843E-01 -9.496082123E-01 -9.995780673E-01 -2.188296056E-01 3.134393783E-01 2.904615981E-02 
3.592861075E+00 9.779982949E-01 -9.495434258E-01 -9.998309966E-01 -2.086128664E-01 3.136355899E-01 1.838396728E-02 
3.604376655E+00 9.801280294E-01 -9.494759764E-01 -9.999701183E-01 -1.983659219E-01 3.138397217E-01 7.730093738E-03 
3.615892236E+00 9.821518216E-01 -9.494058887E-01 -9.999957496E-01 -1.880898517E-01 3.140516823E-01 -2.914184820E-03 
3.627407816E+00 9.840692167E-01 -9.493331883E-01 -9.999082229E-01 -1.777857414E-01 3.142713768E-01 -1.354759948E-02 
3.638923396E+00 9.858797707E-01 -9.492579017E-01 -9.997078854E-01 -1.674546827E-01 3.144987071E-01 -2.416888871E-02 
3.650438977E+00 9.875830510E-01 -9.491800565E-01 -9.993950999E-01 -1.570977734E-01 3.147335717E-01 -3.477679858E-02 
3.661954557E+00 9.891786361E-01 -9.490996811E-01 -9.989702432E-01 -1.467161172E-01 3.149758659E-01 -4.537008289E-02 
3.673470137E+00 9.906661156E-01 -9.490168051E-01 -9.984337073E-01 -1.363108232E-01 3.152254819E-01 -5.594750356E-02 
3.684985718E+00 9.920450907E-01 -9.489314589E-01 -9.977858986E-01 -1.258830065E-01 3.154823086E-01 -6.650783074E-02 
3.696501298E+00 9.933151736E-01 -9.488436740E-01 -9.970272376E-01 -1.154337876E-01 3.157462320E-01 -7.704984296E-02 
3.708016878E+00 9.944759880E-01 -9.487534828E-01 -9.961581591E-01 -1.049642924E-01 3.160171350E-01 -8.757232757E-02 
3.719532459E+00 9.955271693E-01 -9.486609187E-01 -9.951791121E-01 -9.447565208E-02 3.162948974E-01 -9.807408076E-02 
3.731048039E+00 9.964683638E-01 -9.485660160E-01 -9.940905590E-01 -8.396900323E-02 3.165793962E-01 -1.085539078E-01 
3.742563620E+00 9.972992300E-01 -9.484688100E-01 -9.928929760E-01 -7.344548741E-02 3.168705054E-01 -1.190106233E-01 
3.754079200E+00 9.980194374E-01 -9.483693370E-01 -9.915868528E-01 -6.290625126E-02 3.171680965E-01 -1.294430514E-01 
3.765594780E+00 9.986286674E-01 -9.482676341E-01 -9.901726921E-01 -5.235244643E-02 3.174720378E-01 -1.398500260E-01 
3.777110361E+00 9.991266129E-01 -9.481637396E-01 -9.886510099E-01 -4.178522931E-02 3.177821953E-01 -1.502303909E-01 
3.788625941E+00 9.995129787E-01 -9.480576925E-01 -9.870223350E-01 -3.120576113E-02 3.180984320E-01 -1.605830000E-01 
3.800141521E+00 9.997874812E-01 -9.479495328E-01 -9.852872086E-01 -2.061520778E-02 3.184206086E-01 -1.709067175E-01 
3.811657102E+00 9.999498484E-01 -9.478393015E-01 -9.834461845E-01 -1.001473969E-02 3.187485832E-01 -1.812004182E-01 
3.823172682E+00 9.999998206E-01 -9.477270404E-01 -9.814998287E-01 5.944681793E-04 3.190822113E-01 -1.914629875E-01 
3.834688263E+00 9.999371494E-01 -9.476127924E-01 -9.794487189E-01 1.121123642E-02 3.194213462E-01 -2.016933216E-01 
3.846203843E+00 9.997615989E-01 -9.474966010E-01 -9.772934451E-01 2.183438137E-02 3.197658387E-01 -2.118903280E-01 
3.857719423E+00 9.994729446E-01 -9.473785110E-01 -9.750346082E-01 3.246271505E-02 3.201155376E-01 -2.220529252E-01 
3.869235004E+00 9.990709745E-01 -9.472585678E-01 -9.726728208E-01 4.309504534E-02 3.204702892E-01 -2.321800430E-01 
3.880750584E+00 9.985554884E-01 -9.471368178E-01 -9.702087063E-01 5.373017604E-02 3.208299378E-01 -2.422706230E-01 
3.892266164E+00 9.979262982E-01 -9.470133081E-01 -9.676428990E-01 6.436690689E-02 3.211943257E-01 -2.523236183E-01 
3.903781745E+00 9.971832281E-01 -9.468880869E-01 -9.649760438E-01 7.500403374E-02 3.215632930E-01 -2.623379939E-01 
3.915297325E+00 9.963261145E-01 -9.467612032E-01 -9.622087959E-01 8.564034858E-02 3.219366781E-01 -2.723127270E-01 
3.926812905E+00 9.953548059E-01 -9.466327066E-01 -9.593418203E-01 9.627463955E-02 3.223143174E-01 -2.822468065E-01 
3.938328486E+00 9.942691634E-01 -9.465026480E-01 -9.563757921E-01 1.069056912E-01 3.226960456E-01 -2.921392340E-01 
3.949844066E+00 9.930690602E-01 -9.463710786E-01 -9.533113959E-01 1.175322842E-01 3.230816956E-01 -3.019890233E-01 
3.961359647E+00 9.917543823E-01 -9.462380507E-01 -9.501493253E-01 1.281531960E-01 3.234710988E-01 -3.117952007E-01 
3.972875227E+00 9.903250278E-01 -9.461036174E-01 -9.468902832E-01 1.387672002E-01 3.238640848E-01 -3.215568052E-01 
3.984390807E+00 9.887809077E-01 -9.459678326E-01 -9.435349811E-01 1.493730673E-01 3.242604819E-01 -3.312728888E-01 
3.995906388E+00 9.871219456E-01 -9.458307506E-01 -9.400841389E-01 1.599695642E-01 3.246601169E-01 -3.409425158E-01 
4.007421968E+00 9.853480776E-01 -9.456924270E-01 -9.365384847E-01 1.705554547E-01 3.250628152E-01 -3.505647640E-01 
4.018937548E+00 9.834592527E-01 -9.455529177E-01 -9.328987547E-01 1.811294992E-01 3.254684011E-01 -3.601387240E-01 
4.030453129E+00 9.814554330E-01 -9.454122795E-01 -9.291656924E-01 1.916904551E-01 3.258766975E-01 -3.696634996E-01 
4.041968709E+00 9.793365930E-01 -9.452705699E-01 -9.253400490E-01 2.022370767E-01 3.262875263E-01 -3.791382078E-01 
4.053484290E+00 9.771027207E-01 -9.451278471E-01 -9.214225823E-01 2.127681154E-01 3.267007083E-01 -3.885619791E-01 
4.064999870E+00 9.747538170E-01 -9.449841698E-01 -9.174140574E-01 2.232823196E-01 3.271160633E-01 -3.979339568E-01 
4.076515450E+00 9.722898959E-01 -9.448395976E-01 -9.133152455E-01 2.337784349E-01 3.275334103E-01 -4.072532984E-01 
4.088031031E+00 9.697109846E-01 -9.446941905E-01 -9.091269241E-01 2.442552041E-01 3.279525674E-01 -4.165191743E-01 
4.099546611E+00 9.670171240E-01 -9.445480092E-01 -9.048498766E-01 2.547113672E-01 3.283733520E-01 -4.257307685E-01 
4.111062191E+00 9.642083679E-01 -9.444011150E-01 -9.004848923E-01 2.651456620E-01 3.287955808E-01 -4.348872788E-01 
4.122577772E+00 9.612847841E-01 -9.442535697E-01 -8.960327653E-01 2.755568233E-01 3.292190699E-01 -4.439879164E-01 
4.134093352E+00 9.582464538E-01 -9.441054357E-01 -8.914942952E-01 2.859435837E-01 3.296436351E-01 -4.530319060E-01 
4.145608932E+00 9.550934718E-01 -9.439567759E-01 -8.868702862E-01 2.963046735E-01 3.300690914E-01 -4.620184864E-01 
4.157124513E+00 9.518259469E-01 -9.438076537E-01 -8.821615469E-01 3.066388207E-01 3.304952538E-01 -4.709469095E-01 
4.168640093E+00 9.484440019E-01 -9.436581328E-01 -8.773688900E-01 3.169447511E-01 3.309219368E-01 -4.798164409E-01 
4.180155674E+00 9.449477732E-01 -9.435082776E-01 -8.724931324E-01 3.272211882E-01 3.313489548E-01 -4.886263604E-01 
4.191671254E+00 9.413374118E-01 -9.433581529E-01 -8.675350944E-01 3.374668539E-01 3.317761221E-01 -4.973759606E-01 
4.203186834E+00 9.376130826E-01 -9.432078236E-01 -8.624955995E-01 3.476804680E-01 3.322032529E-01 -5.060645483E-01 
4.214702415E+00 9.337749650E-01 -9.430573553E-01 -8.573754743E-01 3.578607485E-01 3.326301615E-01 -5.146914437E-01 
4.226217995E+00 9.298232529E-01 -9.429068137E-01 -8.521755484E-01 3.680064118E-01 3.330566624E-01 -5.232559803E-01 
4.237733575E+00 9.257581547E-01 -9.427562650E-01 -8.468966534E-01 3.781161728E-01 3.334825700E-01 -5.317575054E-01 
4.249249156E+00 9.215798933E-01 -9.426057754E-01 -8.415396235E-01 3.881887446E-01 3.339076994E-01 -5.401953798E-01 
4.260764736E+00 9.172887068E-01 -9.424554118E-01 -8.361052945E-01 3.982228395E-01 3.343318656E-01 -5.485689772E-01 
4.272280317E+00 9.128848479E-01 -9.423052408E-01 -8.305945040E-01 4.082171680E-01 3.347548845E-01 -5.568776851E-01 
4.283795897E+00 9.083685844E-01 -9.421553296E-01 -8.250080909E-01 4.181704399E-01 3.351765721E-01 -5.651209042E-01 
4.295311477E+00 9.037401994E-01 -9.420057453E-01 -8.193468952E-01 4.280813639E-01 3.355967452E-01 -5.732980480E-01 
4.306827058E+00 8.989999912E-01 -9.418565552E-01 -8.136117576E-01 4.379486479E-01 3.360152213E-01 -5.814085434E-01 
4.318342638E+00 8.941482734E-01 -9.417078267E-01 -8.078035196E-01 4.477709990E-01 3.364318185E-01 -5.894518304E-01 
4.329858218E+00 8.891853755E-01 -9.415596274E-01 -8.019230229E-01 4.575471240E-01 3.368463558E-01 -5.974273614E-01 
4.341373799E+00 8.841116423E-01 -9.414120247E-01 -7.959711090E-01 4.672757289E-01 3.372586531E-01 -6.053346021E-01 
4.352889379E+00 8.789274344E-01 -9.412650861E-01 -7.899486195E-01 4.769555199E-01 3.376685312E-01 -6.131730306E-01 
4.364404959E+00 8.736331287E-01 -9.411188791E-01 -7.838563956E-01 4.865852029E-01 3.380758121E-01 -6.209421375E-01 
4.375920540E+00 8.682291177E-01 -9.409734710E-01 -7.776952774E-01 4.961634837E-01 3.384803188E-01 -6.286414262E-01 
4.387436120E+00 8.627158103E-01 -9.408289291E-01 -7.714661045E-01 5.056890686E-01 3.388818755E-01 -6.362704118E-01 
4.398951701E+00 8.570936317E-01 -9.406853205E-01 -7.651697152E-01 5.151606645E-01 3.392803076E-01 -6.438286219E-01 
4.410467281E+00 8.513630234E-01 -9.405427121E-01 -7.588069462E-01 5.245769783E-01 3.396754420E-01 -6.513155964E-01 
4.421982861E+00 8.455244437E-01 -9.404011708E-01 -7.523786329E-01 5.339367183E-01 3.400671069E-01 -6.587308863E-01 
4.433498442E+00 8.395783671E-01 -9.402607629E-01 -7.458856087E-01 5.432385936E-01 3.404551321E-01 -6.660740550E-01 
4.445014022E+00 8.335252855E-01 -9.401215546E-01 -7.393287050E-01 5.524813143E-01 3.408393489E-01 -6.733446771E-01 
4.456529602E+00 8.273657072E-01 -9.399836119E-01 -7.327087511E-01 5.616635923E-01 3.412195900E-01 -6.805423385E-01 
4.468045183E+00 8.211001579E-01 -9.398470001E-01 -7.260265736E-01 5.707841407E-01 3.415956903E-01 -6.876666366E-01 
4.479560763E+00 8.147291801E-01 -9.397117844E-01 -7.192829965E-01 5.798416747E-01 3.419674859E-01 -6.947171796E-01 
4.491076344E+00 8.082533339E-01 -9.395780295E-01 -7.124788415E-01 5.888349115E-01 3.423348152E-01 -7.016935866E-01 
4.502591924E+00 8.016731965E-01 -9.394457994E-01 -7.056149267E-01 5.977625706E-01 3.426975183E-01 -7.085954872E-01 
4.514107504E+00 7.949893629E-01 -9.393151580E-01 -6.986920671E-01 6.066233740E-01 3.430554372E-01 -7.154225219E-01 
4.525623085E+00 7.882024452E-01 -9.391861684E-01 -6.917110749E-01 6.154160466E-01 3.434084162E-01 -7.221743409E-01 
4.537138665E+00 7.813130736E-01 -9.390588930E-01 -6.846727582E-01 6.241393162E-01 3.437563013E-01 -7.288506049E-01 
4.548654245E+00 7.743218961E-01 -9.389333937E-01 -6.775779218E-01 6.327919140E-01 3.440989411E-01 -7.354509842E-01 
4.560169826E+00 7.672295782E-01 -9.388097320E-01 -6.704273669E-01 6.413725747E-01 3.444361861E-01 -7.419751589E-01 
4.571685406E+00 7.600368037E-01 -9.386879682E-01 -6.632218902E-01 6.498800369E-01 3.447678893E-01 -7.484228185E-01 
4.583200986E+00 7.527442743E-01 -9.385681622E-01 -6.559622850E-01 6.583130431E-01 3.450939060E-01 -7.547936617E-01 
4.594716567E+00 7.453527099E-01 -9.384503732E-01 -6.486493403E-01 6.666703407E-01 3.454140939E-01 -7.610873963E-01 
4.606232147E+00 7.378628486E-01 -9.383346592E-01 -6.412838404E-01 6.749506812E-01 3.457283131E-01 -7.673037389E-01 
4.617747728E+00 7.302754466E-01 -9.382210777E-01 -6.338665659E-01 6.831528215E-01 3.460364265E-01 -7.734424146E-01 
4.629263308E+00 7.225912786E-01 -9.381096853E-01 -6.263982924E-01 6.912755236E-01 3.463382992E-01 -7.795031570E-01 
4.640778888E+00 7.148111377E-01 -9.380005375E-01 -6.188797912E-01 6.993175551E-01 3.466337994E-01 -7.854857075E-01 
4.652294469E+00 7.069358352E-01 -9.378936889E-01 -6.113118291E-01 7.072776896E-01 3.469227976E-01 -7.913898159E-01 
4.663810049E+00 6.989662012E-01 -9.377891932E-01 -6.036951679E-01 7.151547070E-01 3.472051673E-01 -7.972152393E-01 
4.675325629E+00 6.909030841E-01 -9.376871031E-01 -5.960305647E-01 7.229473934E-01 3.474807849E-01 -8.029617424E-01 
4.686841210E+00 6.827473507E-01 -9.375874701E-01 -5.883187720E-01 7.306545423E-01 3.477495293E-01 -8.086290971E-01 
4.698356790E+00 6.744998867E-01 -9.374903447E-01 -5.805605373E-01 7.382749541E-01 3.480112827E-01 -8.142170823E-01 
4.709872370E+00 6.661615962E-01 -9.373957761E-01 -5.727566030E-01 7.458074368E-01 3.482659302E-01 -8.197254837E-01 
4.721387951E+00 6.577334015E-01 -9.373038127E-01 -5.649077070E-01 7.532508064E-01 3.485133597E-01 -8.251540935E-01 
4.732903531E+00 6.492162441E-01 -9.372145014E-01 -5.570145818E-01 7.606038871E-01 3.487534624E-01 -8.305027101E-01 
4.744419112E+00 6.406110838E-01 -9.371278880E-01 -5.490779550E-01 7.678655116E-01 3.489861326E-01 -8.357711382E-01 
4.755934692E+00 6.319188984E-01 -9.370440170E-01 -5.410985496E-01 7.750345219E-01 3.492112677E-01 -8.409591882E-01 
4.767450272E+00 6.231406850E-01 -9.369629316E-01 -5.330770832E-01 7.821097691E-01 3.494287683E-01 -8.460666761E-01 
4.778965853E+00 6.142774588E-01 -9.368846738E-01 -5.250142684E-01 7.890901138E-01 3.496385383E-01 -8.510934234E-01 
4.790481433E+00 6.053302530E-01 -9.368092840E-01 -5.169108134E-01 7.959744271E-01 3.498404848E-01 -8.560392566E-01 
4.801997013E+00 5.963001197E-01 -9.367368015E-01 -5.087674207E-01 8.027615903E-01 3.500345184E-01 -8.609040074E-01 
4.813512594E+00 5.871881291E-01 -9.366672642E-01 -5.005847883E-01 8.094504954E-01 3.502205529E-01 -8.656875119E-01 
4.825028174E+00 5.779953692E-01 -9.366007082E-01 -4.923636096E-01 8.160400458E-01 3.503985057E-01 -8.703896111E-01 
4.836543755E+00 5.687229467E-01 -9.365371686E-01 -4.841045725E-01 8.225291562E-01 3.505682976E-01 -8.750101499E-01 
4.848059335E+00 5.593719858E-01 -9.364766788E-01 -4.758083608E-01 8.289167534E-01 3.507298527E-01 -8.795489774E-01 
4.859574915E+00 5.499436286E-01 -9.364192707E-01 -4.674756533E-01 8.352017766E-01 3.508830988E-01 -8.840059468E-01 
4.871090496E+00 5.404390353E-01 -9.363649746E-01 -4.591071240E-01 8.413831774E-01 3.510279673E-01 -8.883809146E-01 
4.882606076E+00 5.308593832E-01 -9.363138195E-01 -4.507034428E-01 8.474599206E-01 3.511643931E-01 -8.926737410E-01 
4.894121656E+00 5.212058672E-01 -9.362658326E-01 -4.422652748E-01 8.534309845E-01 3.512923146E-01 -8.968842894E-01 
4.905637237E+00 5.114797000E-01 -9.362210396E-01 -4.337932806E-01 8.592953611E-01 3.514116742E-01 -9.010124260E-01 
4.917152817E+00 5.016821107E-01 -9.361794645E-01 -4.252881169E-01 8.650520566E-01 3.515224175E-01 -9.050580203E-01 
4.928668397E+00 4.918143457E-01 -9.361411297E-01 -4.167504360E-01 8.707000919E-01 3.516244943E-01 -9.090209441E-01 
4.940183978E+00 4.818776682E-01 -9.361060561E-01 -4.081808861E-01 8.762385025E-01 3.517178576E-01 -9.129010718E-01 
4.951699558E+00 4.718733578E-01 -9.360742629E-01 -3.995801116E-01 8.816663397E-01 3.518024647E-01 -9.166982804E-01 
4.963215139E+00 4.618027104E-01 -9.360457673E-01 -3.909487530E-01 8.869826700E-01 3.518782762E-01 -9.204124485E-01 
4.974730719E+00 4.516670382E-01 -9.360205852E-01 -3.822874471E-01 8.921865761E-01 3.519452568E-01 -9.240434572E-01 
4.986246299E+00 4.414676692E-01 -9.359987307E-01 -3.735968270E-01 8.972771572E-01 3.520033749E-01 -9.275911890E-01 
4.997761880E+00 4.312059470E-01 -9.359802160E-01 -3.648775226E-01 9.022535292E-01 3.520526026E-01 -9.310555283E-01 
5.009277460E+00 4.208832307E-01 -9.359650518E-01 -3.561301603E-01 9.071148249E-01 3.520929161E-01 -9.344363608E-01 
5.020793040E+00 4.105008944E-01 -9.359532470E-01 -3.473553634E-01 9.118601948E-01 3.521242953E-01 -9.377335736E-01 
5.032308621E+00 4.000603270E-01 -9.359448086E-01 -3.385537524E-01 9.164888072E-01 3.521467240E-01 -9.409470551E-01 
5.043824201E+00 3.895629321E-01 -9.359397420E-01 -3.297259447E-01 9.209998484E-01 3.521601898E-01 -9.440766945E-01 
5.055339782E+00 3.790101274E-01 -9.359380509E-01 -3.208725553E-01 9.253925231E-01 3.521646843E-01 -9.471223824E-01 
5.066855362E+00 3.684033447E-01 -9.359397370E-01 -3.119941965E-01 9.296660550E-01 3.521602030E-01 -9.500840097E-01 
5.078370942E+00 3.577440294E-01 -9.359448006E-01 -3.030914783E-01 9.338196869E-01 3.521467452E-01 -9.529614683E-01 
5.089886523E+00 3.470336398E-01 -9.359532399E-01 -2.941650087E-01 9.378526807E-01 3.521243143E-01 -9.557546506E-01 
5.101402103E+00 3.362736479E-01 -9.359650514E-01 -2.852153936E-01 9.417643184E-01 3.520929174E-01 -9.584634494E-01 
5.112917683E+00 3.254655375E-01 -9.359802300E-01 -2.762432371E-01 9.455539018E-01 3.520525656E-01 -9.610877580E-01 
5.124433264E+00 3.146108054E-01 -9.359987687E-01 -2.672491417E-01 9.492207532E-01 3.520032740E-01 -9.636274701E-01 
5.135948844E+00 3.037109597E-01 -9.360206588E-01 -2.582337085E-01 9.527642153E-01 3.519450615E-01 -9.660824792E-01 
5.147464424E+00 2.927675204E-01 -9.360458897E-01 -2.491975374E-01 9.561836516E-01 3.518779510E-01 -9.684526795E-01 
5.158980005E+00 2.817820186E-01 -9.360744492E-01 -2.401412272E-01 9.594784471E-01 3.518019692E-01 -9.707379647E-01 
5.170495585E+00 2.707559959E-01 -9.361063234E-01 -2.310653759E-01 9.626480078E-01 3.517171467E-01 -9.729382290E-01 
5.182011166E+00 2.596910046E-01 -9.361414965E-01 -2.219705808E-01 9.656917614E-01 3.516235182E-01 -9.750533661E-01 
5.193526746E+00 2.485886067E-01 -9.361799511E-01 -2.128574388E-01 9.686091577E-01 3.515211220E-01 -9.770832699E-01 
5.205042326E+00 2.374503739E-01 -9.362216681E-01 -2.037265465E-01 9.713996682E-01 3.514100004E-01 -9.790278341E-01 
5.216557907E+00 2.262778869E-01 -9.362666264E-01 -1.945785004E-01 9.740627870E-01 3.512901996E-01 -9.808869522E-01 
5.228073487E+00 2.150727352E-01 -9.363148037E-01 -1.854138972E-01 9.765980306E-01 3.511617696E-01 -9.826605175E-01 
5.239589067E+00 2.038365167E-01 -9.363661757E-01 -1.762333340E-01 9.790049383E-01 3.510247642E-01 -9.843484231E-01 
5.251104648E+00 1.925708368E-01 -9.364207165E-01 -1.670374083E-01 9.812830719E-01 3.508792411E-01 -9.859505619E-01 
5.262620228E+00 1.812773087E-01 -9.364783986E-01 -1.578267184E-01 9.834320167E-01 3.507252615E-01 -9.874668264E-01 
5.274135809E+00 1.699575524E-01 -9.365391929E-01 -1.486018636E-01 9.854513810E-01 3.505628908E-01 -9.888971092E-01 
5.285651389E+00 1.586131945E-01 -9.366030685E-01 -1.393634442E-01 9.873407964E-01 3.503921978E-01 -9.902413024E-01 
5.297166969E+00 1.472458676E-01 -9.366699932E-01 -1.301120619E-01 9.890999181E-01 3.502132551E-01 -9.914992980E-01 
5.308682550E+00 1.358572099E-01 -9.367399330E-01 -1.208483200E-01 9.907284248E-01 3.500261391E-01 -9.926709879E-01 
5.320198130E+00 1.244488650E-01 -9.368128526E-01 -1.115728233E-01 9.922260191E-01 3.498309298E-01 -9.937562638E-01 
5.331713710E+00 1.130224811E-01 -9.368887149E-01 -1.022861789E-01 9.935924273E-01 3.496277107E-01 -9.947550173E-01 
5.343229291E+00 1.015797104E-01 -9.369674815E-01 -9.298899569E-02 9.948273995E-01 3.494165691E-01 -9.956671400E-01 
5.354744871E+00 9.012220936E-02 -9.370491126E-01 -8.368188492E-02 9.959307103E-01 3.491975958E-01 -9.964925234E-01 
5.366260451E+00 7.865163747E-02 -9.371335666E-01 -7.436546035E-02 9.969021576E-01 3.489708849E-01 -9.972310592E-01 
5.377776032E+00 6.716965722E-02 -9.372208010E-01 -6.504033845E-02 9.977415642E-01 3.487365345E-01 -9.978826392E-01 
5.389291612E+00 5.567793348E-02 -9.373107715E-01 -5.570713847E-02 9.984487765E-01 3.484946455E-01 -9.984471553E-01 
5.400807193E+00 4.417813311E-02 -9.374034326E-01 -4.636648274E-02 9.990236653E-01 3.482453229E-01 -9.989245000E-01 
5.412322773E+00 3.267192443E-02 -9.374987375E-01 -3.701899676E-02 9.994661258E-01 3.479886744E-01 -9.993145657E-01 
5.423838353E+00 2.116097682E-02 -9.375966380E-01 -2.766530940E-02 9.997760769E-01 3.477248116E-01 -9.996172458E-01 
5.435353934E+00 9.646960220E-03 -9.376970849E-01 -1.830605310E-02 9.999534624E-01 3.474538490E-01 -9.998324339E-01 
5.446869514E+00 -1.868455280E-03 -9.378000275E-01 -8.941863954E-03 9.999982498E-01 3.471759045E-01 -9.999600245E-01 
5.458385094E+00 -1.338359996E-02 -9.379054140E-01 4.266180329E-04 9.999104308E-01 3.468910991E-01 -9.999999128E-01 
5.469900675E+00 -2.489680486E-02 -9.380131914E-01 9.798748861E-03 9.996900217E-01 3.465995571E-01 -9.999519949E-01 
5.481416255E+00 -3.640640226E-02 -9.381233057E-01 1.917388040E-02 9.993370623E-01 3.463014057E-01 -9.998161681E-01 
5.492931836E+00 -4.791072615E-02 -9.382357016E-01 2.855136012E-02 9.988516168E-01 3.459967752E-01 -9.995923307E-01 
5.504447416E+00 -5.940811258E-02 -9.383503231E-01 3.793053117E-02 9.982337732E-01 3.456857988E-01 -9.992803823E-01 
5.515962996E+00 -7.089690023E-02 -9.384671127E-01 4.731073198E-02 9.974836436E-01 3.453686127E-01 -9.988802242E-01 
5.527478577E+00 -8.237543072E-02 -9.385860123E-01 5.669129637E-02 9.966013636E-01 3.450453560E-01 -9.983917591E-01 
5.538994157E+00 -9.384204912E-02 -9.387069628E-01 6.607155328E-02 9.955870928E-01 3.447161705E-01 -9.978148915E-01 
5.550509737E+00 -1.052951044E-01 -9.388299041E-01 7.545082666E-02 9.944410140E-01 3.443812008E-01 -9.971495276E-01 
5.562025318E+00 -1.167329496E-01 -9.389547752E-01 8.482843551E-02 9.931633338E-01 3.440405941E-01 -9.963955762E-01 
5.573540898E+00 -1.281539428E-01 -9.390815144E-01 9.420369350E-02 9.917542821E-01 3.436945003E-01 -9.955529478E-01 
5.585056478E+00 -1.395564468E-01 -9.392100592E-01 1.035759092E-01 9.902141118E-01 3.433430718E-01 -9.946215555E-01 
5.596572059E+00 -1.509388300E-01 -9.393403462E-01 1.129443856E-01 9.885430990E-01 3.429864635E-01 -9.936013152E-01 
5.608087639E+00 -1.622994669E-01 -9.394723116E-01 1.223084204E-01 9.867415427E-01 3.426248326E-01 -9.924921450E-01 
5.619603220E+00 -1.736367380E-01 -9.396058906E-01 1.316673059E-01 9.848097644E-01 3.422583388E-01 -9.912939666E-01 
5.631118800E+00 -1.849490306E-01 -9.397410180E-01 1.410203283E-01 9.827481086E-01 3.418871441E-01 -9.900067043E-01 
5.642634380E+00 -1.962347389E-01 -9.398776279E-01 1.503667687E-01 9.805569418E-01 3.415114123E-01 -9.886302860E-01 
5.654149961E+00 -2.074922648E-01 -9.400156539E-01 1.597059021E-01 9.782366528E-01 3.411313099E-01 -9.871646430E-01 
5.665665541E+00 -2.187200177E-01 -9.401550291E-01 1.690369979E-01 9.757876524E-01 3.407470050E-01 -9.856097102E-01 
5.677181121E+00 -2.299164152E-01 -9.402956861E-01 1.783593194E-01 9.732103733E-01 3.403586679E-01 -9.839654265E-01 
5.688696702E+00 -2.410798833E-01 -9.404375572E-01 1.876721244E-01 9.705052698E-01 3.399664707E-01 -9.822317349E-01 
5.700212282E+00 -2.522088568E-01 -9.405805741E-01 1.969746645E-01 9.676728172E-01 3.395705874E-01 -9.804085826E-01 
5.711727863E+00 -2.633017799E-01 -9.407246683E-01 2.062661855E-01 9.647135126E-01 3.391711936E-01 -9.784959213E-01 
5.723243443E+00 -2.743571060E-01 -9.408697710E-01 2.155459272E-01 9.616278735E-01 3.387684667E-01 -9.764937073E-01 
5.734759023E+00 -2.853732983E-01 -9.410158132E-01 2.248131236E-01 9.584164384E-01 3.383625856E-01 -9.744019020E-01 
5.746274604E+00 -2.963488301E-01 -9.411627255E-01 2.340670023E-01 9.550797661E-01 3.379537307E-01 -9.722204716E-01 
5.757790184E+00 -3.072821851E-01 -9.413104385E-01 2.433067855E-01 9.516184358E-01 3.375420839E-01 -9.699493879E-01 
5.769305764E+00 -3.181718579E-01 -9.414588825E-01 2.525316891E-01 9.480330467E-01 3.371278282E-01 -9.675886279E-01 
5.780821345E+00 -3.290163536E-01 -9.416079878E-01 2.617409231E-01 9.443242176E-01 3.367111482E-01 -9.651381745E-01 
5.792336925E+00 -3.398141890E-01 -9.417576846E-01 2.709336917E-01 9.404925868E-01 3.362922292E-01 -9.625980165E-01 
5.803852505E+00 -3.505638920E-01 -9.419079031E-01 2.801091931E-01 9.365388121E-01 3.358712581E-01 -9.599681487E-01 
5.815368086E+00 -3.612640027E-01 -9.420585735E-01 2.892666199E-01 9.324635700E-01 3.354484223E-01 -9.572485723E-01 
5.826883666E+00 -3.719130728E-01 -9.422096260E-01 2.984051585E-01 9.282675559E-01 3.350239104E-01 -9.544392950E-01 
5.838399247E+00 -3.825096666E-01 -9.423609910E-01 3.075239901E-01 9.239514836E-01 3.345979117E-01 -9.515403312E-01 
5.849914827E+00 -3.930523607E-01 -9.425125989E-01 3.166222897E-01 9.195160851E-01 3.341706163E-01 -9.485517023E-01 
5.861430407E+00 -4.035397446E-01 -9.426643804E-01 3.256992270E-01 9.149621105E-01 3.337422147E-01 -9.454734368E-01 
5.872945988E+00 -4.139704205E-01 -9.428162661E-01 3.347539662E-01 9.102903274E-01 3.333128983E-01 -9.423055705E-01 
5.884461568E+00 -4.243430041E-01 -9.429681873E-01 3.437856659E-01 9.055015208E-01 3.328828587E-01 -9.390481467E-01 
5.895977148E+00 -4.346561242E-01 -9.431200751E-01 3.527934793E-01 9.005964929E-01 3.324522880E-01 -9.357012166E-01 
5.907492729E+00 -4.449084234E-01 -9.432718612E-01 3.617765546E-01 8.955760628E-01 3.320213784E-01 -9.322648391E-01 
5.919008309E+00 -4.550985578E-01 -9.434234775E-01 3.707340345E-01 8.904410661E-01 3.315903225E-01 -9.287390813E-01 
5.930523889E+00 -4.652251976E-01 -9.435748562E-01 3.796650570E-01 8.851923549E-01 3.311593128E-01 -9.251240187E-01 
5.942039470E+00 -4.752870272E-01 -9.437259302E-01 3.885687548E-01 8.798307970E-01 3.307285419E-01 -9.214197350E-01 
5.953555050E+00 -4.852827453E-01 -9.438766324E-01 3.974442561E-01 8.743572765E-01 3.302982024E-01 -9.176263229E-01 
5.965070631E+00 -4.952110648E-01 -9.440268965E-01 4.062906842E-01 8.687726924E-01 3.298684866E-01 -9.137438837E-01 
5.976586211E+00 -5.050707137E-01 -9.441766564E-01 4.151071578E-01 8.630779595E-01 3.294395866E-01 -9.097725278E-01 
5.988101791E+00 -5.148604342E-01 -9.443258468E-01 4.238927914E-01 8.572740071E-01 3.290116940E-01 -9.057123749E-01 
5.999617372E+00 -5.245789840E-01 -9.444744027E-01 4.326466951E-01 8.513617796E-01 3.285850001E-01 -9.015635539E-01 
6.011132952E+00 -5.342251355E-01 -9.446222599E-01 4.413679748E-01 8.453422354E-01 3.281596956E-01 -8.973262034E-01 
6.022648532E+00 -5.437976763E-01 -9.447693545E-01 4.500557325E-01 8.392163473E-01 3.277359706E-01 -8.930004714E-01 
6.034164113E+00 -5.532954096E-01 -9.449156235E-01 4.587090663E-01 8.329851021E-01 3.273140145E-01 -8.885865161E-01 
6.045679693E+00 -5.627171537E-01 -9.450610044E-01 4.673270708E-01 8.266494999E-01 3.268940158E-01 -8.840845055E-01 
6.057195274E+00 -5.720617426E-01 -9.452054354E-01 4.759088370E-01 8.202105543E-01 3.264761623E-01 -8.794946178E-01 
6.068710854E+00 -5.813280262E-01 -9.453488553E-01 4.844534525E-01 8.136692921E-01 3.260606405E-01 -8.748170415E-01 
6.080226434E+00 -5.905148698E-01 -9.454912039E-01 4.929600021E-01 8.070267527E-01 3.256476362E-01 -8.700519754E-01 
6.091742015E+00 -5.996211548E-01 -9.456324214E-01 5.014275673E-01 8.002839882E-01 3.252373337E-01 -8.651996291E-01 
6.103257595E+00 -6.086457786E-01 -9.457724489E-01 5.098552270E-01 7.934420631E-01 3.248299163E-01 -8.602602226E-01 
6.114773175E+00 -6.175876546E-01 -9.459112283E-01 5.182420575E-01 7.865020536E-01 3.244255658E-01 -8.552339872E-01 
6.126288756E+00 -6.264457124E-01 -9.460487022E-01 5.265871327E-01 7.794650480E-01 3.240244628E-01 -8.501211646E-01 
6.137804336E+00 -6.352188977E-01 -9.461848143E-01 5.348895244E-01 7.723321460E-01 3.236267862E-01 -8.449220078E-01 
6.149319916E+00 -6.439061728E-01 -9.463195087E-01 5.431483024E-01 7.651044585E-01 3.232327134E-01 -8.396367810E-01 
6.160835497E+00 -6.525065162E-01 -9.464527306E-01 5.513625346E-01 7.577831077E-01 3.228424201E-01 -8.342657596E-01 
6.172351077E+00 -6.610189229E-01 -9.465844261E-01 5.595312874E-01 7.503692262E-01 3.224560803E-01 -8.288092304E-01 
6.183866658E+00 -6.694424046E-01 -9.467145421E-01 5.676536260E-01 7.428639574E-01 3.220738661E-01 -8.232674917E-01 
6.195382238E+00 -6.777759893E-01 -9.468430264E-01 5.757286142E-01 7.352684549E-01 3.216959479E-01 -8.176408530E-01 
6.206897818E+00 -6.860187220E-01 -9.469698277E-01 5.837553149E-01 7.275838822E-01 3.213224938E-01 -8.119296360E-01 
6.218413399E+00 -6.941696641E-01 -9.470948956E-01 5.917327906E-01 7.198114128E-01 3.209536700E-01 -8.061341736E-01 
6.229928979E+00 -7.022278942E-01 -9.472181807E-01 5.996601030E-01 7.119522297E-01 3.205896406E-01 -8.002548107E-01 
6.241444559E+00 -7.101925074E-01 -9.473396345E-01 6.075363135E-01 7.040075251E-01 3.202305675E-01 -7.942919040E-01 
6.252960140E+00 -7.180626157E-01 -9.474592095E-01 6.153604836E-01 6.959785003E-01 3.198766102E-01 -7.882458221E-01 
6.264475720E+00 -7.258373484E-01 -9.475768592E-01 6.231316749E-01 6.878663655E-01 3.195279258E-01 -7.821169455E-01 
6.275991301E+00 -7.335158513E-01 -9.476925379E-01 6.308489493E-01 6.796723395E-01 3.191846693E-01 -7.759056667E-01 
6.287506881E+00 -7.410972876E-01 -9.478062010E-01 6.385113695E-01 6.713976495E-01 3.188469927E-01 -7.696123902E-01 
6.299022461E+00 -7.485808374E-01 -9.479178050E-01 6.461179990E-01 6.630435306E-01 3.185150459E-01 -7.632375328E-01 
6.310538042E+00 -7.559656979E-01 -9.480273071E-01 6.536679022E-01 6.546112261E-01 3.181889758E-01 -7.567815229E-01 
6.322053622E+00 -7.632510834E-01 -9.481346659E-01 6.611601449E-01 6.461019868E-01 3.178689269E-01 -7.502448016E-01 
6.333569202E+00 -7.704362257E-01 -9.482398408E-01 6.685937945E-01 6.375170712E-01 3.175550406E-01 -7.436278218E-01 
6.345084783E+00 -7.775203734E-01 -9.483427921E-01 6.759679201E-01 6.288577446E-01 3.172474558E-01 -7.369310485E-01 
6.356600363E+00 -7.845027926E-01 -9.484434813E-01 6.832815926E-01 6.201252797E-01 3.169463083E-01 -7.301549590E-01 
6.368115943E+00 -7.913827666E-01 -9.485418709E-01 6.905338853E-01 6.113209558E-01 3.166517309E-01 -7.233000429E-01 
6.379631524E+00 -7.981595959E-01 -9.486379244E-01 6.977238739E-01 6.024460588E-01 3.163638537E-01 -7.163668015E-01 
6.391147104E+00 -8.048325987E-01 -9.487316064E-01 7.048506366E-01 5.935018808E-01 3.160828033E-01 -7.093557489E-01 
6.402662685E+00 -8.114011101E-01 -9.488228825E-01 7.119132546E-01 5.844897203E-01 3.158087035E-01 -7.022674107E-01 
6.414178265E+00 -8.178644828E-01 -9.489117193E-01 7.189108122E-01 5.754108814E-01 3.155416748E-01 -6.951023249E-01 
6.425693845E+00 -8.242220870E-01 -9.489980845E-01 7.258423969E-01 5.662666740E-01 3.152818344E-01 -6.878610418E-01 
6.437209426E+00 -8.304733101E-01 -9.490819469E-01 7.327070997E-01 5.570584135E-01 3.150292964E-01 -6.805441232E-01 
6.448725006E+00 -8.366175571E-01 -9.491632762E-01 7.395040156E-01 5.477874205E-01 3.147841715E-01 -6.731521436E-01 
6.460240586E+00 -8.426542505E-01 -9.492420434E-01 7.462322432E-01 5.384550205E-01 3.145465668E-01 -6.656856890E-01 
6.471756167E+00 -8.485828301E-01 -9.493182202E-01 7.528908856E-01 5.290625441E-01 3.143165863E-01 -6.581453574E-01 
6.483271747E+00 -8.544027533E-01 -9.493917796E-01 7.594790501E-01 5.196113261E-01 3.140943304E-01 -6.505317589E-01 
6.494787328E+00 -8.601134952E-01 -9.494626957E-01 7.659958487E-01 5.101027060E-01 3.138798960E-01 -6.428455154E-01 
6.506302908E+00 -8.657145479E-01 -9.495309435E-01 7.724403980E-01 5.005380273E-01 3.136733764E-01 -6.350872603E-01 
6.517818488E+00 -8.712054217E-01 -9.495964990E-01 7.788118198E-01 4.909186374E-01 3.134748613E-01 -6.272576391E-01 
6.529334069E+00 -8.765856439E-01 -9.496593396E-01 7.851092412E-01 4.812458876E-01 3.132844370E-01 -6.193573087E-01 
6.540849649E+00 -8.818547596E-01 -9.497194433E-01 7.913317943E-01 4.715211325E-01 3.131021857E-01 -6.113869376E-01 
6.552365229E+00 -8.870123315E-01 -9.497767895E-01 7.974786174E-01 4.617457301E-01 3.129281864E-01 -6.033472060E-01 
6.563880810E+00 -8.920579398E-01 -9.498313585E-01 8.035488540E-01 4.519210414E-01 3.127625141E-01 -5.952388052E-01 
6.575396390E+00 -8.969911821E-01 -9.498831316E-01 8.095416539E-01 4.420484303E-01 3.126052400E-01 -5.870624382E-01 
6.586911970E+00 -9.018116740E-01 -9.499320913E-01 8.154561732E-01 4.321292634E-01 3.124564316E-01 -5.788188191E-01 
6.598427551E+00 -9.065190481E-01 -9.499782211E-01 8.212915740E-01 4.221649097E-01 3.123161528E-01 -5.705086730E-01 
6.609943131E+00 -9.111129552E-01 -9.500215054E-01 8.270470253E-01 4.121567402E-01 3.121844632E-01 -5.621327364E-01 
6.621458712E+00 -9.155930632E-01 -9.500619299E-01 8.327217026E-01 4.021061281E-01 3.120614191E-01 -5.536917566E-01 
6.632974292E+00 -9.199590578E-01 -9.500994811E-01 8.383147884E-01 3.920144483E-01 3.119470724E-01 -5.451864917E-01 
6.644489872E+00 -9.242106421E-01 -9.501341467E-01 8.438254722E-01 3.818830773E-01 3.118414714E-01 -5.366177109E-01 
6.656005453E+00 -9.283475370E-01 -9.501659153E-01 8.492529507E-01 3.717133927E-01 3.117446605E-01 -5.279861936E-01 
6.667521033E+00 -9.323694806E-01 -9.501947768E-01 8.545964283E-01 3.615067735E-01 3.116566800E-01 -5.192927302E-01 
6.679036613E+00 -9.362762290E-01 -9.502207218E-01 8.598551166E-01 3.512645994E-01 3.115775664E-01 -5.105381213E-01 
6.690552194E+00 -9.400675554E-01 -9.502437421E-01 8.650282350E-01 3.409882507E-01 3.115073523E-01 -5.017231780E-01 
6.702067774E+00 -9.437432506E-01 -9.502638307E-01 8.701150109E-01 3.306791083E-01 3.114460662E-01 -4.928487216E-01 
6.713583355E+00 -9.473031231E-01 -9.502809813E-01 8.751146797E-01 3.203385531E-01 3.113937326E-01 -4.839155834E-01 
6.725098935E+00 -9.507469987E-01 -9.502951888E-01 8.800264848E-01 3.099679663E-01 3.113503721E-01 -4.749246048E-01 
6.736614515E+00 -9.540747206E-01 -9.503064492E-01 8.848496783E-01 2.995687285E-01 3.113160014E-01 -4.658766372E-01 
6.748130096E+00 -9.572861496E-01 -9.503147594E-01 8.895835202E-01 2.891422200E-01 3.112906332E-01 -4.567725414E-01 
6.759645676E+00 -9.603811636E-01 -9.503201173E-01 8.942272796E-01 2.786898204E-01 3.112742759E-01 -4.476131882E-01 
6.771161256E+00 -9.633596583E-01 -9.503225220E-01 8.987802341E-01 2.682129083E-01 3.112669344E-01 -4.383994578E-01 
6.782676837E+00 -9.662215463E-01 -9.503219734E-01 9.032416700E-01 2.577128613E-01 3.112686093E-01 -4.291322396E-01 
6.794192417E+00 -9.689667576E-01 -9.503184726E-01 9.076108830E-01 2.471910554E-01 3.112792973E-01 -4.198124326E-01 
6.805707997E+00 -9.715952397E-01 -9.503120216E-01 9.118871774E-01 2.366488650E-01 3.112989910E-01 -4.104409446E-01 
6.817223578E+00 -9.741069570E-01 -9.503026236E-01 9.160698671E-01 2.260876629E-01 3.113276795E-01 -4.010186926E-01 
6.828739158E+00 -9.765018913E-01 -9.502902824E-01 9.201582751E-01 2.155088195E-01 3.113653473E-01 -3.915466024E-01 
6.840254739E+00 -9.787800413E-01 -9.502750034E-01 9.241517340E-01 2.049137031E-01 3.114119753E-01 -3.820256086E-01 
6.851770319E+00 -9.809414228E-01 -9.502567924E-01 9.280495858E-01 1.943036793E-01 3.114675406E-01 -3.724566543E-01 
6.863285899E+00 -9.829860688E-01 -9.502356568E-01 9.318511821E-01 1.836801110E-01 3.115320162E-01 -3.628406912E-01 
6.874801480E+00 -9.849140291E-01 -9.502116044E-01 9.355558846E-01 1.730443581E-01 3.116053711E-01 -3.531786794E-01 
6.886317060E+00 -9.867253704E-01 -9.501846446E-01 9.391630645E-01 1.623977771E-01 3.116875705E-01 -3.434715871E-01 
6.897832640E+00 -9.883902671E-01 -9.501553585E-01 9.426089006E-01 1.519364118E-01 3.117768357E-01 -3.338988665E-01 
